0.01 -0.00150839 0.00150159 -0.0101887
0.02 0.00279487 -0.00355024 0.024637
0.03 -0.000750491 0.00361686 -0.0267803
0.04 -0.00564472 0.000488274 0.00143454
0.05 0.0132816 -0.00893402 0.0543526
0.06 0.00377814 -0.000502356 0.0073703
0.07 -0.00594568 -0.00229486 0.0130122
0.08 0.0036129 0.00633616 -0.0415871
0.09 -0.00775718 -0.0019069 0.0136345
0.1 0.00455623 0.00059125 -0.0060692
0.11 -0.00354505 0.00511947 -0.0318118
0.12 -0.00512479 -0.00474971 0.0301019
0.13 0.00756539 0.00741427 -0.0492773
0.14 -0.0141488 -0.00168151 0.0121216
0.15 0.00973189 -0.000650187 0.00355422
0.16 0.000754752 0.00169866 -0.0118859
0.17 -0.00366877 -0.00940274 0.065542
0.18 0.0275455 -0.0061465 0.0369839
0.19 -0.015013 0.000194162 0.00106337
0.2 -0.00164007 0.00270895 -0.0167074
0.21 0.00637504 0.00483508 -0.0374926
0.22 -0.0221712 0.00231111 -0.00777539
0.23 0.0204041 -0.00384187 0.0186258
0.24 -0.0109284 0.00790105 -0.0501297
0.25 -0.0130675 -0.00238597 0.0197382
0.26 0.0254549 0.000712234 -0.0138981
0.27 -0.0222929 -0.00101412 0.0181586
0.28 0.00283585 0.00627331 -0.0533892
0.29 -0.00791246 0.0137704 -0.081903
0.3 -0.0366863 0.0120367 -0.0895498
0.31 0.0217576 0.00137095 0.00295886
0.32 0.000215009 -0.0111545 0.0570099
0.33 -0.0057539 0.00507124 -0.0121747
0.34 0.0194597 -0.0100568 0.0442949
0.35 -0.0109568 0.00297767 0.000553655
0.36 0.012371 -0.0108886 0.0581465
0.37 0.00608517 0.0049161 -0.0266033
0.38 -0.0130632 -0.00632422 0.0449643
0.39 0.0186193 0.00195117 -0.0234876
0.4 -0.019423 0.00745165 -0.0345028
0.41 -0.00264254 -0.00365155 0.00743576
0.42 0.014549 0.00749212 -0.0326598
0.43 -0.0345628 0.00507023 -0.0534829
0.44 0.0135744 0.00483013 -0.00712697
0.45 0.00741876 -0.00829525 0.0239304
0.46 -0.0252113 0.0127152 -0.0503225
0.47 0.0251669 -0.0122773 0.049967
0.48 -0.00312907 0.00211117 0.0106662
0.49 -0.00910077 -0.00214911 -0.00181337
0.5 0.0227263 -0.00463632 0.0404304
0.51 -0.00842533 -0.00422656 0.0225573
0.52 2.09533e-05 0.00312536 -0.0175348
0.53 0.00212023 0.00416266 -0.0292854
0.54 -0.0170366 0.00248595 -0.0172169
0.55 0.00969152 0.00394041 -0.0225409
0.56 -0.00809769 0.000119116 -0.00862594
0.57 -0.00356125 0.00180125 -4.75849e-05
0.58 0.0147376 -0.00541327 0.0214656
0.59 -0.00672131 -0.00243649 0.0315315
0.6 0.00611534 -0.000130371 -0.0136939
0.61 -0.00556107 0.00557333 -0.0243838
0.62 -0.00505941 -0.00323771 0.0113868
0.63 0.0129595 6.03015e-05 0.0078287
0.64 -0.00443371 -0.00582382 0.0313494
0.65 0.00762614 -0.00277667 0.0266605
0.66 0.0047083 0.000389893 -0.0124515
0.67 -0.00939124 -0.00331533 0.0341923
0.68 0.0206952 -0.00485039 0.019274
0.69 -0.00991052 0.00121776 0.0038902
0.7 -0.00488559 0.00241926 -0.026155
0.71 0.00412886 0.0058956 -0.0309956
0.72 -0.00718133 -0.0076256 0.0440869
0.73 0.0132275 0.00192678 -0.00731759
0.74 -0.00628853 -0.00187764 0.00740563
0.75 0.00203705 -0.00391048 0.0317197
0.76 0.0208383 -0.0082543 0.0499953
0.77 -0.00569242 -0.00593284 0.0420261
0.78 0.00357586 0.00411507 -0.0260845
0.79 -0.00559089 0.00436416 -0.0349616
0.8 -0.00900339 0.000128429 0.010093
0.81 0.0128862 0.00184859 -0.0280156
0.82 -0.0144277 -0.000457808 0.0220967
0.83 0.0103711 -0.00157587 -0.0102818
0.84 -0.000815278 0.00189408 0.00869325
0.85 -0.00122702 -0.00830624 0.034431
0.86 0.00707605 0.00854808 -0.0371451
0.87 -0.0115371 -0.00471963 0.0128548
0.88 0.0038877 0.00555008 -0.0193523
0.89 0.00528351 -0.00501218 0.0170843
0.9 -0.00839943 0.000536226 0.0103492
0.91 0.00785764 0.00371755 -0.035409
0.92 -0.022967 0.0114858 -0.071407
0.93 0.00266333 -0.00330099 0.024976
0.94 0.0185418 -0.0050252 0.0220574
0.95 -0.0196722 0.00282508 -0.00178045
0.96 0.0125431 -0.00142188 -0.00971523
0.97 -0.00398952 0.00339952 -0.00374548
0.98 -0.00977013 -0.000212307 -0.016573
0.99 0.0144545 -0.00124732 0.0266084
1 -0.00958363 0.00264996 -0.0386217
1.01 -0.0106091 0.00455112 -0.00567008
1.02 0.0177882 -0.00270594 -0.00923001
1.03 -0.0258745 0.00890203 -0.0327329
1.04 0.00975245 -0.00209823 -0.00887013
1.05 -0.00282295 0.00676627 -0.0279193
1.06 -0.00446246 -0.0102231 0.0573135
1.07 0.0115304 0.0094413 -0.0584617
1.08 -0.0175056 -0.00206596 0.0142125
1.09 0.00446228 0.00363006 -0.0275687
1.1 0.00275845 0.00282539 -0.0141191
1.11 -0.0163508 -0.000985697 0.000638551
1.12 0.0301879 -0.0106118 0.0804524
1.13 -0.00638365 0.00129666 -0.0256289
1.14 -0.0174533 0.00430677 -0.00353702
1.15 0.0272144 -0.00369207 -0.00604458
1.16 -0.0331547 0.0111374 -0.0431049
1.17 0.0184457 -0.0121224 0.0545808
1.18 0.00225228 0.012612 -0.0665494
1.19 -0.0113278 -0.019137 0.120404
1.2 0.0269814 0.00906672 -0.0627485
1.21 -0.0169192 -0.00675962 0.0541877
1.22 0.00532665 -0.00547932 0.0242755
1.23 0.0222193 0.00657549 -0.030913
1.24 -0.0411114 -0.00598728 0.0261921
1.25 0.0387662 0.00658391 -0.0269521
1.26 -0.0225493 -0.0026017 -0.00546864
1.27 -0.017634 0.0125713 -0.0556957
1.28 0.0341025 -0.00949432 0.0346324
1.29 -0.0465802 0.019975 -0.112455
1.3 0.0181475 -0.0123658 0.0779426
1.31 0.0201293 0.00111929 -0.0226931
1.32 -0.0339395 -0.000292832 0.0341733
1.33 0.0304398 -0.0038488 -0.0172405
1.34 -0.0148512 0.0143306 -0.0492607
1.35 -0.0315283 -0.00406248 -0.018087
1.36 0.0429803 0.0143164 -0.0520973
1.37 -0.0488506 -0.0112038 0.0312557
1.38 0.0343749 0.00690568 -0.000376268
1.39 0.0114045 -0.020685 0.0911368
1.4 -0.022824 0.0110493 -0.0311251
1.41 0.0296846 -0.012228 0.0509564
1.42 -0.014343 0.00945374 -0.0512817
1.43 -0.0134678 -0.00323997 0.032289
1.44 0.0300889 0.00203105 -0.0457653
1.45 -0.0382116 0.00558142 0.0116951
1.46 0.0224379 -0.00853913 -0.00210479
1.47 0.00550651 0.0102062 -0.0043644
1.48 -0.0314295 -0.0107183 0.00541567
1.49 0.0407156 0.012272 -0.0128182
1.5 -0.029293 -0.0155643 0.0306338
1.51 0.0105011 0.014552 -0.0202011
1.52 0.018846 -0.0229446 0.0766366
1.53 -0.0191406 0.0168316 -0.0433234
1.54 0.0197518 -0.025019 0.113718
1.55 0.00567154 0.0214016 -0.112476
1.56 -0.0469771 -0.00223163 0.00941656
1.57 0.0558447 -0.00546702 0.0220695
1.58 -0.0258185 -0.0014983 0.0372945
1.59 0.00219877 -0.00582363 0.00305346
1.6 0.0161895 0.0147284 -0.0557199
1.61 -0.0313096 -0.0144442 0.0471367
1.62 0.0252869 0.016029 -0.0500989
1.63 0.000400383 -0.0227614 0.0880613
1.64 -0.00839732 0.0120077 -0.0122752
1.65 0.0308013 -0.0204781 0.0699577
1.66 -0.0150463 0.00837116 0.0039922
1.67 -7.28887e-06 -0.00614483 -0.00832849
1.68 0.0094048 0.0118866 -0.0416876
1.69 -0.0289243 -0.00571888 0.0113907
1.7 0.0298078 0.00669289 -0.0260659
1.71 -0.0250633 -0.00249497 0.00277837
1.72 0.0115187 -0.000647795 0.0162134
1.73 0.00205405 0.00399122 -0.0378654
1.74 -0.0176763 0.00146527 -0.000353906
1.75 0.015387 -0.00344287 0.0188739
1.76 0.00530354 -0.000876685 0.00115603
1.77 -0.0332055 0.0119609 -0.0664315
1.78 0.033721 -0.0100306 0.0485767
1.79 -0.0184029 0.00650962 -0.0240933
1.8 -0.0016276 -0.00487288 0.0135953
1.81 0.0158811 0.0059706 -0.0199764
1.82 -0.0177308 -0.0100929 0.0439057
1.83 0.0225902 0.00206799 0.0164276
1.84 0.00261198 -0.0133237 0.0501401
1.85 -0.0175965 0.018065 -0.0753582
1.86 0.0141048 -0.0157824 0.0590701
1.87 0.00992728 0.00256793 0.02587
1.88 -0.0191915 -0.00150598 -0.0284911
1.89 0.0193855 0.003197 0.013083
1.9 -0.0220135 0.00332668 -0.0531191
1.91 0.00983439 -0.00188125 0.0402698
1.92 -0.00672569 0.00942742 -0.0871984
1.93 -0.00901048 -0.00286998 0.0384866
1.94 0.00606807 0.00528295 -0.0469474
1.95 -0.00378358 0.000175303 -0.000310614
1.96 -0.0162801 0.00658919 -0.0323693
1.97 0.0342856 -0.0169434 0.0912124
1.98 -0.0145634 0.00459375 -0.00283013
1.99 0.00905897 -0.0107933 0.0417981
2 0.00667382 0.00933142 -0.0318886
2.01 -0.0234064 -0.0017238 -0.0186152
2.02 0.00993942 0.0114919 -0.0465624
2.03 -0.0154721 0.00193219 -0.0429948
2.04 -0.00278323 0.00177438 0.0173974
2.05 0.0075454 0.00370506 -0.0512635
2.06 -0.0185528 0.00405545 -0.00693094
2.07 -0.00413486 0.00858865 -0.0677116
2.08 0.0200724 -0.0132691 0.0890008
2.09 -0.0256068 0.013642 -0.0847017
2.1 0.0211552 -0.0122295 0.0727332
2.11 -0.00130677 0.000861691 0.00310214
2.12 0.0169112 -0.0198479 0.125722
2.13 0.00139461 0.00882528 -0.0567616
2.14 -0.0073551 -0.00389065 0.0297038
2.15 -0.00126672 0.00530736 -0.0450214
2.16 0.0045506 0.00130403 0.00703435
2.17 -0.00922146 -0.00686015 0.0235817
2.18 0.0185958 0.00465747 -0.00171365
2.19 -0.0117513 -0.00983539 0.0281216
2.2 -0.00902447 0.0231732 -0.110259
2.21 0.00609556 -0.0169291 0.0655596
2.22 -0.0135921 0.0220253 -0.101509
2.23 0.00895368 -0.0191614 0.0893956
2.24 -7.15184e-05 0.0126716 -0.0570722
2.25 0.00461159 -0.0150009 0.0862637
2.26 -0.00766093 0.0134698 -0.0921659
2.27 -0.00223587 0.00219819 0.0049014
2.28 -0.00977762 -0.00250548 -0.0195606
2.29 0.0221159 0.00205721 0.0388821
2.3 -0.0174181 -0.0117815 0.00969318
2.31 0.0137752 0.0161101 -0.0235881
2.32 -0.0166735 -0.0108338 -0.0244578
2.33 -0.00273286 0.0225913 -0.0445741
2.34 0.0105963 -0.0272816 0.0725308
2.35 0.000757324 0.0198171 -0.0264701
2.36 0.00471569 -0.0289149 0.0975705
2.37 0.0126846 0.01716 -0.0346839
2.38 -0.00399635 -0.0230159 0.0931207
2.39 0.0109647 0.00917585 -0.0222069
2.4 -0.00113939 -0.00343684 0.00580629
2.41 -0.0208716 0.00628816 -0.0471508
2.42 0.0371288 -0.0107547 0.102173
2.43 -0.0301488 0.00674738 -0.105008
2.44 -0.00380883 0.0141815 -0.00413512
2.45 0.00840403 -0.0137089 -0.0252017
2.46 -0.00723045 0.0165514 0.0253239
2.47 -0.00200299 -0.0192707 -0.019098
2.48 0.00891559 0.026653 -0.0251335
2.49 -0.0150415 -0.0328506 0.0681998
2.5 0.0234161 0.0307642 -0.062042
2.51 -0.0197454 -0.0294895 0.0662018
2.52 -0.00508708 0.039543 -0.151784
2.53 -0.00299694 -0.0191648 0.0404697
2.54 -0.0133633 0.0198219 -0.0746129
2.55 0.0156327 -0.0113756 0.0518472
2.56 -0.0160532 0.0059755 -0.0521613
2.57 0.016635 -0.00508744 0.0838548
2.58 -0.000372981 -0.00863025 -0.0287275
2.59 -0.00911983 0.0206437 -0.0203145
2.6 -0.010969 -0.0127037 -0.0567278
2.61 0.00669106 0.0275646 -0.0253774
2.62 -0.0287266 -0.017209 -0.0550537
2.63 0.0153956 0.0308741 -0.0300441
2.64 -0.00732489 -0.0352048 0.0592131
2.65 -0.0045806 0.0422559 -0.115376
2.66 0.00406002 -0.0408455 0.125034
2.67 0.00899896 0.029082 -0.0739233
2.68 -0.0144934 -0.0191056 0.0391409
2.69 -0.00396852 0.0238825 -0.105166
2.7 0.0105348 -0.0166418 0.0934603
2.71 -0.00601073 0.000167199 -0.0212548
2.72 0.0129468 0.00628244 0.0143935
2.73 -0.0196111 -0.0111094 -0.015318
2.74 0.0121087 0.0253339 -0.0510756
2.75 -0.0194373 -0.0244418 0.0227061
2.76 0.0151718 0.0307435 -0.0492495
2.77 -0.0109438 -0.035031 0.0699893
2.78 0.0151321 0.0306547 -0.0407186
2.79 -0.0137383 -0.0286756 0.0341914
2.8 0.00840564 0.0276029 -0.0394636
2.81 -0.00801764 -0.020401 0.00858318
2.82 -0.00595637 0.0244892 -0.057404
2.83 0.00891281 -0.0213789 0.0627569
2.84 0.00631768 0.0035403 0.0275954
2.85 0.00494364 -0.00604347 0.0176304
2.86 -0.0156435 0.00701559 -0.0521656
2.87 0.0118672 0.00351287 0.00958626
2.88 -0.0123347 -0.0103398 0.0101944
2.89 0.0066144 0.0243223 -0.0821973
2.9 -0.032614 -0.0111951 -0.0222647
2.91 0.0276214 0.0199743 -0.0223961
2.92 -0.0264361 -0.0196297 0.00858662
2.93 0.00716742 0.0322827 -0.0860259
2.94 -0.0126827 -0.0247631 0.0348524
2.95 0.0109042 0.0246381 -0.0388827
2.96 -0.00926327 -0.0244701 0.0476697
2.97 0.0162207 0.0151516 0.000802927
2.98 -0.00609986 -0.0169701 0.0276445
2.99 0.00111532 0.0116272 -0.0105145
3 0.00310544 -0.00399165 -0.0201752
3.01 -0.0125426 0.000368928 0.0230969
3.02 0.0123633 0.0108741 -0.0769492
3.03 -0.0282016 -0.00613685 0.0245213
3.04 0.0256731 0.0128384 -0.0487092
3.05 -0.0266956 -0.0123232 0.0253379
3.06 0.0118341 0.0243983 -0.0886921
3.07 -0.0277443 -0.0110417 -0.0141431
3.08 0.0211151 0.0168333 -0.0139693
3.09 -0.0280464 -0.00970767 -0.0417308
3.1 0.0104018 0.0232709 -0.0441968
3.11 -0.0138822 -0.0204363 0.0258963
3.12 0.028348 0.00742419 0.0559678
3.13 -0.0222207 -0.00664773 -0.0542906
3.14 0.00519779 0.010402 0.0205244
3.15 0.00109487 -0.0039039 -0.0521472
3.16 -0.0197321 0.0108235 -0.0101595
3.17 0.0138616 -0.00177034 -0.0294182
3.18 -0.0140826 0.00124156 0.00853834
3.19 0.0130987 -8.67545e-05 0.0100252
3.2 -0.0104123 -0.00472997 -0.00440079
3.21 0.00310217 0.0191108 -0.0678076
3.22 -0.0233369 -0.0157653 0.0264808
3.23 0.0462386 0.00920414 0.0329713
3.24 -0.0487989 -0.0113866 -0.0330657
3.25 0.0256242 0.0272264 -0.0606232
3.26 -0.0313425 -0.0142288 -0.0330366
3.27 0.0234067 0.0104695 0.0597232
3.28 -0.00483287 -0.0164721 -0.015383
3.29 -0.000813122 0.016836 0.000876918
3.3 -0.00802329 -0.0104453 -0.0237354
3.31 0.0175129 0.00404671 0.041688
3.32 -0.019225 0.00096563 -0.0488204
3.33 0.000472141 0.00518417 -0.018898
3.34 0.0155814 -0.00704952 0.0595036
3.35 -0.0158179 -0.00286725 -0.0231595
3.36 0.0144277 0.0128595 -0.0144338
3.37 -0.0154293 -0.0214107 0.0465392
3.38 0.0241111 0.0241304 -0.0461112
3.39 -0.0417977 -0.0163372 -0.0183992
3.4 0.0370015 0.021401 -0.0081104
3.41 -0.036958 -0.0159917 -0.0300986
3.42 0.019197 0.022753 -0.0194245
3.43 -0.0209856 -0.013818 -0.0284584
3.44 0.0209621 0.00843463 0.0461329
3.45 -0.0138164 -0.0110469 -0.00517524
3.46 0.0295276 -0.00589607 0.0917623
3.47 -0.0140376 -0.00133605 -0.0163777
3.48 0.0181653 -0.0111547 0.073844
3.49 0.00241996 0.0039357 -0.0015225
3.5 -0.00836689 -0.00747598 0.00265987
3.51 0.0142903 0.0071357 0.0205758
3.52 -0.0111729 -0.0113745 -0.0105814
3.53 0.008954 0.0144396 0.00397711
3.54 -0.0178081 -0.00934444 -0.0464931
3.55 0.0118969 0.0189594 -0.0151684
3.56 -0.040767 0.00127563 -0.117826
3.57 0.0263588 0.0122592 0.0224654
3.58 -0.0271258 -0.0106273 -0.0251721
3.59 0.0255579 0.0106762 0.0127422
3.6 -0.0283868 -0.00646175 -0.0256803
3.61 0.0223664 0.00914921 -0.00983336
3.62 -0.0245119 -0.00410987 -0.00460734
3.63 0.0210577 0.00245546 -0.00408491
3.64 -0.0194833 0.00293328 -0.0129881
3.65 0.01225 -0.00559839 0.0138215
3.66 -0.00406236 0.00840788 -0.0181776
3.67 -0.00643816 -0.00801698 0.00361147
3.68 0.0096186 0.0109755 -0.013706
3.69 -0.015975 -0.00774405 -0.0153597
3.7 0.0122954 0.010497 0.00213583
3.71 -0.011425 -0.0106729 -0.00308132
3.72 0.0183031 0.00549294 0.0366885
3.73 -0.0205697 -0.00514789 -0.0357504
3.74 0.0195894 0.00844125 0.00850043
3.75 -0.025111 -0.00689493 -0.0115086
3.76 0.0351148 -0.000170285 0.0505855
3.77 -0.0328889 0.00121264 -0.0503976
3.78 0.0240437 -0.000669459 0.0408841
3.79 -0.00717274 -0.00671942 0.0148195
3.8 0.00864368 0.00208316 0.00764808
3.81 -0.011354 0.000384341 -0.0138192
3.82 0.0190915 -0.0075858 0.0517273
3.83 -0.00984447 0.00342797 -0.0152177
3.84 0.00290796 -0.00396729 0.0112753
3.85 0.0149331 -0.00533928 0.0589446
3.86 -0.0108786 -0.00105289 -0.02607
3.87 0.00687362 0.00589425 0.00419025
3.88 -0.0137841 -0.00197144 -0.040119
3.89 0.0164173 0.00212439 0.0480711
3.9 -0.0120352 -0.00911241 -0.00890823
3.91 0.0183894 0.00838845 0.0185659
3.92 -0.0231285 -0.00916741 -0.0152504
3.93 0.0237258 0.0117692 -0.00317165
3.94 -0.0269001 -0.00909918 -0.0106647
3.95 0.0173701 0.0142623 -0.0311601
3.96 -0.0188167 -0.00802328 0.000609461
3.97 0.0213387 -0.0017644 0.051087
3.98 -0.00360446 -0.00386987 0.00192382
3.99 -0.00413901 0.00291366 -0.01363
4 0.00198282 0.00258138 -0.00217843
4.01 -0.00545327 -0.000138706 -0.0367288
4.02 -0.00428563 0.00833472 0.00455752
4.03 0.00742254 -0.0142513 0.0152472
4.04 -0.00126282 0.0178425 -0.0248145
4.05 -0.0109746 -0.02002 0.0309929
4.06 0.0277026 0.0169457 -0.00726016
4.07 -0.0305122 -0.0192753 0.0235749
4.08 0.035545 0.0106118 0.0305432
4.09 -0.022834 -0.00890341 -0.0357393
4.1 -0.0030551 0.016924 -0.0284356
4.11 -0.000829778 -0.00508533 -0.0336227
4.12 -0.00128467 0.00580545 0.00590169
4.13 -0.00662974 -0.0036089 0.00677944
4.14 0.0231379 -0.00543407 0.0245263
4.15 -0.0280542 0.0108177 -0.0335081
4.16 0.0148828 -0.0092367 0.000127776
4.17 0.00427418 0.00677762 0.0358174
4.18 -0.00663256 -0.0176564 0.0198858
4.19 0.015358 0.0192706 -0.0169973
4.2 -0.019277 -0.0193744 0.00778983
4.21 0.0156189 0.0201925 -0.00744894
4.22 -0.0150136 -0.0143986 -0.0325961
4.23 0.00542222 0.0153262 0.0228883
4.24 -0.000133033 -0.0156401 -0.0114574
4.25 0.00221586 0.0152302 -0.00160016
4.26 -0.0130366 -0.011557 -0.00157532
4.27 0.023407 0.00793818 0.00108451
4.28 -0.0272374 -0.00493796 0.0044082
4.29 0.0283969 -0.00347999 0.0275713
4.3 -0.0111841 0.00265758 -4.48157e-05
4.31 -0.00364143 -0.00481709 -0.00627029
4.32 0.00879849 0.0108347 -0.0136943
4.33 -0.0183931 -0.00548889 -0.042112
4.34 0.00571781 0.0119064 0.0189274
4.35 0.00458652 -0.014039 -0.0218737
4.36 -0.006516 0.0123536 0.0458053
4.37 0.00753679 -0.0162692 -0.0268386
4.38 -0.00386408 0.0234653 -0.0204645
4.39 -0.0188472 -0.0182645 -0.00916027
4.4 0.0321448 0.017623 0.00507015
4.41 -0.0231484 -0.0285057 0.0782734
4.42 0.0364814 0.0118189 0.0206324
4.43 -0.0106437 -0.0218412 0.0604869
4.44 0.00672947 0.0118474 -0.0107093
4.45 0.00209413 -0.00963447 0.0163319
4.46 0.0016245 0.00189641 0.0122486
4.47 -0.0189942 0.0154679 -0.10535
4.48 0.00205728 -0.0045105 0.0118058
4.49 0.00346873 0.00243181 0.0211342
4.5 0.00726246 -0.013072 0.0318328
4.51 -0.008185 0.0175266 -0.0465428
4.52 -0.00766315 -0.0101358 -0.0144429
4.53 0.0115394 0.0123767 0.00922466
4.54 -0.0246591 -0.00274544 -0.0833127
4.55 0.0150817 0.00746842 0.0625716
4.56 0.00117212 -0.0171042 -0.00815578
4.57 -0.00450235 0.0210354 -0.0123877
4.58 -0.00897259 -0.0169313 -0.0154929
4.59 0.0177867 0.0190508 -0.00228499
4.6 -0.0239395 -0.0210262 0.0221871
4.61 0.0378884 0.00913882 0.0490503
4.62 -0.0367515 0.00118229 -0.111197
4.63 -0.00432435 0.0157739 -0.00846253
4.64 0.0104104 -0.00644652 -0.0437698
4.65 -0.025586 0.015858 -0.0355709
4.66 0.00937493 -0.0102985 0.0219282
4.67 0.00851161 0.00885662 -0.0407429
4.68 -0.0235034 -0.00568728 0.0494519
4.69 0.0279193 -0.000213439 -0.0382246
4.7 -0.017657 0.00755642 0.0135889
4.71 -0.00579141 -0.0128423 0.00130385
4.72 0.0408095 0.00602199 0.063311
4.73 -0.0311881 -0.0259396 0.0503661
4.74 0.0448027 0.0116816 0.064231
4.75 -0.0200326 -0.017975 -0.0409387
4.76 -0.00984038 0.0260279 0.00173769
4.77 0.0141166 -0.020654 -0.0438953
4.78 -0.0195631 0.0299298 -0.0220684
4.79 -0.000123664 -0.0299353 0.0366407
4.8 0.0385046 0.0156943 0.0371395
4.81 -0.040246 -0.0220349 0.0283356
4.82 0.0387246 0.0153742 -0.00656696
4.83 -0.0186977 -0.0113125 0.00151388
4.84 -0.0157422 0.0160153 -0.056427
4.85 0.0306733 -0.0126938 0.0625441
4.86 -0.0261068 0.00730452 -0.0606241
4.87 -0.00336865 0.00950753 -0.0152735
4.88 0.0187555 -0.0153415 0.0213483
4.89 -0.0251117 0.0233344 -0.0499363
4.9 0.000582986 -0.0152473 -0.0200973
4.91 0.00974953 0.0234239 -0.0253195
4.92 -0.0246032 -0.0249461 0.0313921
4.93 0.0405291 0.0160999 0.0290396
4.94 -0.0233173 -0.0236732 0.0214048
4.95 0.00636012 0.0245951 -0.0302291
4.96 -0.00504367 -0.0123992 -0.0445951
4.97 -0.00641459 0.0133667 0.0279301
4.98 0.0107066 -0.0163561 0.00621653
4.99 -0.00331213 0.0183892 -0.0384047
5 -0.0268503 -0.00371265 -0.0392348
5.01 0.0282547 0.00740527 -0.00362419
5.02 -0.0283738 -0.0017537 -0.019997
5.03 0.0135211 -8.59633e-05 0.0221953
5.04 0.0117573 -0.00483629 0.018867
5.05 -0.0264226 0.00786488 -0.0491187
5.06 0.0197971 -0.00445794 0.0403276
5.07 0.00142221 -0.00366606 -0.00249241
5.08 -0.00803751 -0.000641374 0.0475496
5.09 0.0176446 -0.00390166 -0.0317302
5.1 -0.0183474 0.0109874 -0.00433311
5.11 -0.00172257 -0.00914347 -0.0158394
5.12 0.00605755 0.0242648 -0.0800202
5.13 -0.0275696 -0.0218233 0.060631
5.14 0.0428369 0.0139568 -0.00461158
5.15 -0.0241993 -0.0212477 0.048061
5.16 0.014574 0.011697 0.0214784
5.17 0.0169807 -0.0211357 0.0381738
5.18 -0.0251329 0.0209695 -0.0397954
5.19 0.0112498 -0.0156657 0.0145323
5.2 0.0123578 0.00950169 0.0115928
5.21 -0.028687 -0.00691545 -0.0127236
5.22 0.0268102 0.0104917 -0.0263265
5.23 -0.025138 -0.00304715 -0.00963948
5.24 0.0114294 -0.00250135 0.0344376
5.25 0.0156078 -0.00235881 0.0104683
5.26 -0.0215725 -0.00300251 0.010141
5.27 0.0175139 0.0056918 -0.00962911
5.28 -0.00261523 -0.00945202 0.0147016
5.29 -0.0208675 0.0204885 -0.0705043
5.3 0.0185481 -0.017006 0.0349158
5.31 0.00130156 0.00573277 0.0477262
5.32 0.00647329 -0.0217808 0.0558152
5.33 0.0175618 0.0108919 0.0173261
5.34 -0.0240552 -0.00963869 -0.0249787
5.35 0.0109747 0.0179415 -0.0316983
5.36 -0.0116929 -0.0101347 -0.0175639
5.37 -0.00285946 0.0149699 -0.0202448
5.38 0.00505093 -0.0130955 0.017086
5.39 0.00607045 0.00453565 0.0272562
5.4 -0.0088958 -0.00512775 -0.00885321
5.41 0.0148608 0.00243927 0.012148
5.42 -0.0243507 0.00695776 -0.0619093
5.43 0.000488025 0.00896483 -0.0557654
5.44 -0.00427144 -0.00213376 0.021779
5.45 0.00356542 0.00151987 -0.0300611
5.46 -0.0178698 0.0121382 -0.0500208
5.47 0.0117919 -0.0114454 0.0376813
5.48 -0.00269832 0.0104228 -0.0266743
5.49 -0.00830281 -0.00613804 -0.00434901
5.5 0.00168345 0.0132817 -0.0418568
5.51 -0.00188812 -0.0121283 0.0341136
5.52 0.0102083 0.00194623 0.0330702
5.53 0.00476796 -0.0107434 0.0268817
5.54 -0.00245376 0.00719263 -0.00573053
5.55 -0.00949355 0.00194013 -0.0520028
5.56 0.00278952 0.00618831 -0.00512916
5.57 -0.0133158 -0.000394032 -0.0312774
5.58 0.010376 0.00605015 -0.00816432
5.59 -0.0143536 -0.00516111 0.00348897
5.6 0.0316388 -0.0105292 0.101918
5.61 -0.00634757 -0.00611772 0.00621933
5.62 0.000155225 0.00764588 -0.0139443
5.63 -0.00393678 -0.00537515 -0.000955819
5.64 0.00992017 0.00450562 0.00405494
5.65 -0.0198395 0.000269891 -0.0321069
5.66 0.00959658 0.00938918 -0.0370873
5.67 -0.0208878 0.00316606 -0.0413157
5.68 0.0099871 -0.00138376 0.0240276
5.69 -0.00118587 0.00408576 -0.0366687
5.7 -0.0181348 0.00473787 -0.029614
5.71 0.0184489 -0.00447393 0.0392383
5.72 -0.00369058 -0.00268818 -0.00625464
5.73 -0.00578742 0.00546513 0.00304129
5.74 0.0151875 -0.0146427 0.0458162
5.75 0.0134312 -0.0021345 0.0754251
5.76 -0.0175335 -0.00285456 -0.0504347
5.77 0.0133779 0.0128241 -0.00853649
5.78 -0.0227811 -0.00869621 -0.0247231
5.79 0.0290028 0.00239602 0.0713874
5.8 -0.00359818 -0.0196636 0.0413348
5.81 0.012596 0.0082854 0.0331053
5.82 -0.00904877 -0.00933238 -0.0204016
5.83 0.00160821 0.0160331 -0.0343789
5.84 -0.0126291 -0.00920998 0.00333813
5.85 0.0140736 0.00992653 -0.0257506
5.86 -0.0211775 -0.00168676 -0.0106083
5.87 0.0145969 -0.000819715 0.00946338
5.88 0.0046944 -0.00427762 0.0418479
5.89 -0.0162393 0.00553079 -0.0688514
5.9 0.0162442 -0.00344769 0.0759998
5.91 -0.00271871 -0.00557098 -0.0376925
5.92 -0.00170187 0.0072603 0.0463284
5.93 0.0091425 -0.0166267 0.00104575
5.94 -0.00344844 0.0220889 -0.0292375
5.95 -0.00973648 -0.0264351 0.0575574
5.96 0.0316204 0.0218975 -0.0324617
5.97 -0.029968 -0.0296887 0.0937994
5.98 0.0396381 0.0168026 -0.0197061
5.99 -0.0160435 -0.0228128 0.0740052
6 0.00521099 0.0148079 -0.0379686
6.01 0.00214497 -0.00698006 0.00683138
6.02 -0.00892438 0.00552047 -0.0214395
6.03 0.00049036 0.0014629 0.00133385
6.04 0.00979599 -0.00625222 0.00431969
6.05 -0.019906 0.0130362 -0.0266047
6.06 0.0142251 -0.0122938 0.00395011
6.07 -0.00670018 0.0155974 -0.0139017
6.08 0.00679259 -0.0294871 0.100725
6.09 0.0241905 0.0163626 -0.0124992
6.1 -0.0255406 -0.0212329 0.0470877
6.11 0.0241285 0.0185737 -0.0326784
6.12 -0.0109017 -0.0191599 0.0418108
6.13 -0.000546415 0.0172911 -0.0376979
6.14 0.000304153 -0.00938921 -0.00301931
6.15 -0.00701114 0.01397 -0.0433065
6.16 -0.00712648 -0.00687843 0.0148218
6.17 0.015575 0.00659522 -0.033191
6.18 -0.0294797 0.00243141 -0.0080651
6.19 0.0305033 -0.00942256 0.0396299
6.2 -0.0155328 0.0116881 -0.0445789
6.21 -0.00828158 -0.00877676 0.0180263
6.22 0.0194817 0.0105518 -0.0229143
6.23 -0.0181944 -0.0125426 0.0279362
6.24 0.00642386 0.0147979 -0.034068
6.25 0.00611951 -0.0149309 0.027201
6.26 -0.0192656 0.0200818 -0.0574529
6.27 0.0111749 -0.0158114 0.0298261
6.28 0.000711297 0.0153514 -0.0319749
6.29 -0.0195333 -0.00989636 0.00279939
6.3 0.0208579 0.0144971 -0.0410157
6.31 -0.0252227 -0.00876957 0.00980929
6.32 0.0157206 0.00752469 -0.00809873
6.33 -0.0059501 -0.00259991 -0.0179307
6.34 -0.0102216 0.00507843 -0.00746083
6.35 0.016846 -0.00712194 0.0341925
6.36 -0.00560792 0.00289224 -0.0240549
6.37 -0.0217574 0.0127251 -0.0601506
6.38 0.0251627 -0.0144246 0.0538459
6.39 -0.0143438 0.0132933 -0.0326595
6.4 0.00526367 -0.0198481 0.066313
6.41 0.00562757 0.0263775 -0.103109
6.42 -0.028466 -0.0175375 0.0392346
6.43 0.0187339 0.0264821 -0.0949021
6.44 -0.021169 -0.01509 0.0156667
6.45 -0.00399646 0.0221562 -0.0620865
6.46 0.00817877 -0.0132962 0.00663545
6.47 -0.00288663 0.00187349 0.0613734
6.48 0.00908172 -0.00624595 -0.0202082
6.49 0.00197649 0.00122197 0.0384038
6.5 -0.0126079 0.00182493 -0.0413855
6.51 0.0185177 -0.00411937 0.0393201
6.52 -0.0145893 0.00360114 -0.0194014
6.53 0.0148282 -0.0122139 0.0620069
6.54 -0.013208 0.0243335 -0.131197
6.55 -0.0117386 -0.0177059 0.0786069
6.56 0.0303854 0.00900942 -0.0125831
6.57 -0.0184113 -0.0141322 0.0371262
6.58 -0.00553704 0.0222336 -0.082258
6.59 0.00779164 -0.0127784 0.0140157
6.6 -0.00839119 0.00697907 0.0254683
6.61 0.00676871 -0.0052644 -0.0340088
6.62 0.000621283 0.00372354 0.0383483
6.63 -0.00636002 -0.00620782 -0.0134312
6.64 0.0117457 0.0087872 -0.0141212
6.65 -0.0291445 0.00344019 -0.0568559
6.66 0.0264268 -0.0071873 0.0734994
6.67 -0.00925688 0.00571916 -0.0580917
6.68 -0.00548711 -0.00663077 0.0595146
6.69 0.00901972 0.011393 -0.0862579
6.7 -0.0112048 -0.00895834 0.0642737
6.71 -0.000505284 0.0113101 -0.074194
6.72 0.012152 -0.0115378 0.0715829
6.73 -0.0160655 0.00859352 -0.051068
6.74 0.010517 -0.00329827 0.0181885
6.75 -0.000527871 -0.00154665 0.00981343
6.76 -0.00872578 0.00502273 -0.0288666
6.77 0.0173303 -0.0108922 0.0662228
6.78 -0.0116358 0.00880698 -0.0538786
6.79 0.00967055 -0.0124677 0.0831915
6.8 0.00254029 0.00614348 -0.0479174
6.81 0.00753521 -0.0151229 0.116332
6.82 0.00560061 -0.000846319 -0.0188272
6.83 0.0154814 -0.00797764 0.0870979
6.84 -0.02219 0.00463884 -0.0755934
6.85 0.0225798 -1.33844e-05 0.0578167
6.86 -0.015431 -0.00694242 -0.0255902
6.87 0.0165733 0.0039022 0.0599946
6.88 0.00470732 -0.0202217 0.0371557
6.89 0.00778659 0.0103859 0.036282
6.9 0.00317207 -0.0232316 0.0465433
6.91 0.00571457 0.0206208 -0.0314385
6.92 -0.0120998 -0.0184371 0.0238257
6.93 0.00113321 0.0271088 -0.0929565
6.94 -0.00420056 -0.0199569 0.0610681
6.95 -0.0117456 0.0266578 -0.126847
6.96 0.00407453 -0.0119722 0.0546376
6.97 -0.0139411 0.0112641 -0.0792783
6.98 0.0307015 -0.0184004 0.160221
6.99 -0.0122914 -0.0011029 -0.0668656
7 0.00818331 0.00894307 0.0514046
7.01 0.000456961 -0.0258475 0.0290175
7.02 0.00710702 0.0355653 -0.0692765
7.03 -0.0330857 -0.0312274 0.0237149
7.04 0.0414156 0.0348632 -0.0371834
7.05 -0.032032 -0.0424715 0.0824593
7.06 0.0206721 0.0429217 -0.086862
7.07 0.00386568 -0.0522936 0.160626
7.08 0.00577681 0.0348893 -0.066482
7.09 -0.00089249 -0.0321858 0.0796297
7.1 0.00698666 0.0202876 -0.0377678
7.11 -0.000387745 -0.0178895 0.0635488
7.12 0.00406494 0.00417399 -0.0157001
7.13 0.00271338 0.00388777 0.00511237
7.14 -0.0124273 -0.0115161 0.00480822
7.15 0.0210613 0.0191694 -0.0179555
7.16 -0.0342426 -0.0182755 -0.0229649
7.17 0.0236115 0.0317035 -0.0354086
7.18 -0.016739 -0.0390667 0.0595543
7.19 0.0224419 0.0355979 -0.0194345
7.2 -0.0170241 -0.0422185 0.0551466
7.21 0.0127021 0.0499172 -0.107721
7.22 -0.0352015 -0.034781 0.0167848
7.23 0.0324148 0.0362296 -0.0427379
7.24 -0.0256468 -0.0344997 0.0522799
7.25 0.00575602 0.0411375 -0.123829
7.26 -0.0107704 -0.0271325 0.0643235
7.27 0.00567177 0.0225656 -0.073256
7.28 -0.00979866 -0.00933597 0.0273438
7.29 0.00744994 -0.00101885 -0.000938786
7.3 0.00584515 0.00441266 0.0196687
7.31 -0.0092116 -0.0165085 0.0218141
7.32 0.0122267 0.0281158 -0.0637389
7.33 -0.0240476 -0.0301577 0.0467429
7.34 0.0227511 0.0398313 -0.0863069
7.35 -0.0312244 -0.0367061 0.0463466
7.36 0.0241612 0.0426628 -0.0733235
7.37 -0.0235889 -0.0406567 0.0540736
7.38 0.0159656 0.0448292 -0.0840022
7.39 -0.0183886 -0.0422999 0.0777175
7.4 0.0174457 0.044649 -0.11269
7.41 -0.0347361 -0.0302693 0.0429658
7.42 0.0250997 0.0341992 -0.100496
7.43 -0.0247983 -0.0248747 0.073638
7.44 0.0169204 0.0177686 -0.065007
7.45 -0.0232801 0.00598492 -0.0539387
7.46 0.00213515 -0.0095851 0.039901
7.47 0.00305589 0.0263045 -0.116268
7.48 -0.02524 -0.022697 0.0595365
7.49 0.0158992 0.0372718 -0.127121
7.5 -0.0185214 -0.0341081 0.080425
7.51 -0.00114598 0.0474583 -0.150715
7.52 -0.00197645 -0.0444382 0.120966
7.53 0.00809384 0.0437849 -0.11704
7.54 -0.0265166 -0.034135 0.0611737
7.55 0.0334568 0.0305204 -0.0509424
7.56 -0.0329596 -0.0265226 0.0415975
7.57 0.0186025 0.0295102 -0.0826537
7.58 -0.026849 -0.0109066 -0.0168755
7.59 0.0159709 0.00760306 0.0120722
7.6 -0.0178019 0.00624427 -0.0770355
7.61 0.00717438 -0.00726612 0.0565897
7.62 -0.0159743 0.0222818 -0.131224
7.63 0.0124677 -0.0255363 0.130956
7.64 -0.00679455 0.0260563 -0.117063
7.65 -0.000625618 -0.0226794 0.0811476
7.66 -0.0120785 0.0349411 -0.154261
7.67 0.00654188 -0.0329263 0.138387
7.68 0.00521221 0.0266447 -0.100221
7.69 -0.0144815 -0.0202177 0.0651434
7.7 0.0241556 0.00777739 0.00876648
7.71 -0.0256894 0.00532516 -0.0887102
7.72 -0.00905535 0.0101617 -0.0213983
7.73 0.011774 -0.00579491 0.00189416
7.74 0.0132752 -0.0129989 0.111184
7.75 -0.0127224 0.00551172 -0.0488987
7.76 0.0285571 -0.0120456 0.0820235
7.77 -0.0391851 0.0191921 -0.123108
7.78 0.0288596 -0.0160207 0.1006
7.79 -0.0154356 0.0143375 -0.0921052
7.8 0.0131731 -0.021612 0.146194
7.81 0.00348522 0.011768 -0.0874927
7.82 -0.00554265 -0.00558184 0.0525034
7.83 -0.00205788 -0.00134692 -0.010284
7.84 0.0298588 -0.00693123 0.0690315
7.85 -0.031339 -0.000196169 -0.0272335
7.86 0.0222141 0.00589011 -0.00220248
7.87 -0.0011111 -0.0150848 0.0546973
7.88 -0.00944819 0.0148523 -0.0468243
7.89 0.00810524 -0.00737486 -0.00609947
7.9 -0.0374448 0.032692 -0.165112
7.91 0.0172523 -0.0245848 0.120585
7.92 -0.000938831 0.0228481 -0.124519
7.93 -0.020294 -0.00922263 0.0502933
7.94 0.000491047 0.0177269 -0.122574
7.95 0.0113444 -0.00985608 0.0849737
7.96 -0.0338808 0.00935342 -0.0979657
7.97 0.04253 -0.00298882 0.0747438
7.98 -0.0369027 -0.00594881 -0.0371786
7.99 0.0193013 0.0184266 -0.0239844
8 -0.0136796 -0.0194408 0.0118258
8.01 0.00638081 0.0245321 -0.0321636
8.02 0.000527166 -0.0344961 0.0921639
8.03 0.00406353 0.0403639 -0.133631
8.04 -0.02046 -0.0375205 0.125254
8.05 0.0321672 0.0321681 -0.105654
8.06 -0.0333835 -0.0228251 0.0616485
8.07 0.00943436 0.0224566 -0.0786384
8.08 0.00322025 -0.00608786 -0.00990123
8.09 -0.040638 0.0143525 -0.0691264
8.1 0.0553646 -0.0177989 0.122701
8.11 -0.0207754 -0.00543932 -0.00439669
8.12 0.00671473 0.00617599 0.0373777
8.13 0.012245 -0.017544 0.00479896
8.14 -0.0128817 0.0269916 -0.0421889
8.15 -0.0092938 -0.0301056 0.0467764
8.16 0.0432297 0.0260268 -0.0101963
8.17 -0.0423462 -0.0436282 0.122832
8.18 0.0517762 0.0388398 -0.0900386
8.19 -0.0460841 -0.0313736 0.0426744
8.2 0.00285386 0.0463851 -0.150458
8.21 0.010616 -0.0385066 0.114712
8.22 -0.00593564 0.0237338 -0.0429999
8.23 0.00738108 -0.0218762 0.0653209
8.24 0.0047043 0.0123927 -0.0419205
8.25 -0.0204098 0.00326728 -0.021645
8.26 0.0169373 -0.012047 0.0426871
8.27 0.00525661 0.0135731 -0.0201932
8.28 -0.0303636 -0.0133767 -0.0107483
8.29 0.0366126 0.0219377 -0.0180187
8.3 -0.0269567 -0.0350006 0.0792895
8.31 0.0271025 0.0331757 -0.0460081
8.32 -0.0127158 -0.0411221 0.0849763
8.33 0.00973145 0.0410241 -0.0792962
8.34 -0.00357996 -0.0484765 0.134969
8.35 0.0190758 0.0413382 -0.104245
8.36 -0.0357203 -0.0307751 0.0588083
8.37 0.0341125 0.0268675 -0.0624206
8.38 -0.0293285 -0.0148878 0.0145432
8.39 0.0105766 0.00697698 0.00479977
8.4 0.0163987 -0.00600167 0.0243913
8.41 -0.0210551 -0.00629451 0.0187635
8.42 0.019093 0.0143159 -0.0313503
8.43 -0.0084242 -0.0230905 0.0499518
8.44 -0.00184559 0.0308757 -0.0665973
8.45 0.0112637 -0.0438283 0.126509
8.46 0.000982407 0.0469155 -0.132153
8.47 -0.0239691 -0.0449272 0.115101
8.48 0.0464895 0.0377516 -0.0713304
8.49 -0.0384024 -0.0446662 0.127383
8.5 0.0330385 0.0376302 -0.0961592
8.51 -0.0193268 -0.0303108 0.0693768
8.52 0.0110282 0.0159794 -0.00162067
8.53 0.00493541 -0.0112617 0.00342975
8.54 0.00192523 -0.00686432 0.0803587
8.55 0.00648306 0.00569148 -0.0332843
8.56 0.012508 -0.0246014 0.121152
8.57 -0.00327901 0.0200684 -0.0560851
8.58 0.00567639 -0.0280228 0.0795351
8.59 -0.00548795 0.0375175 -0.120014
8.6 -0.00467838 -0.0423689 0.138016
8.61 0.0229034 0.0403098 -0.118155
8.62 -0.028615 -0.0436715 0.141572
8.63 0.0398298 0.0330853 -0.077432
8.64 -0.0320527 -0.0282632 0.0558949
8.65 0.0144818 0.0254545 -0.0520962
8.66 -0.00606594 -0.015408 0.0053095
8.67 0.00203624 0.00699745 0.0253257
8.68 -0.00491871 0.000641989 -0.046853
8.69 0.0189057 -0.0140123 0.105418
8.7 -0.0200819 0.0175132 -0.100054
8.71 0.0161931 -0.0202233 0.0931033
8.72 -0.0115076 0.0256849 -0.108836
8.73 0.00907742 -0.0360113 0.162478
8.74 0.011211 0.031406 -0.122033
8.75 -0.0130239 -0.0389895 0.167953
8.76 0.0210526 0.0354405 -0.144238
8.77 -0.0255345 -0.0279585 0.0982478
8.78 0.0265444 0.0161349 -0.0256068
8.79 -0.00676234 -0.01861 0.0507435
8.8 0.00449422 0.00909819 0.000590244
8.81 -0.000719519 -0.00814175 0.00947965
8.82 0.0244329 -0.0106743 0.0973178
8.83 -0.0302967 0.0145197 -0.105334
8.84 0.0367198 -0.0240676 0.155591
8.85 -0.0267177 0.0258252 -0.159178
8.86 0.0154937 -0.0299111 0.183358
8.87 0.00931345 0.0191569 -0.11103
8.88 -0.0163013 -0.0134032 0.0710897
8.89 -0.0142184 0.0311561 -0.187549
8.9 0.0115291 -0.0200488 0.113938
8.91 -0.0154466 0.0193091 -0.113517
8.92 0.00403845 -0.0112278 0.0674206
8.93 -0.00182435 0.0159669 -0.109826
8.94 -0.0256865 -2.78031e-05 0.0153331
8.95 0.0358179 -0.00677022 0.0202804
8.96 -0.0401243 0.0185709 -0.0944365
8.97 0.0161669 -0.0131284 0.0583124
8.98 -0.0136706 0.0256725 -0.145284
8.99 0.00492834 -0.0267941 0.157861
9 -0.00854194 0.0297027 -0.183898
9.01 0.0183314 -0.0302198 0.195808
9.02 -0.0234392 0.0228536 -0.157447
9.03 0.0362025 -0.0230379 0.172406
9.04 -0.0328633 0.014678 -0.133508
9.05 0.0224908 -0.00587624 0.0936041
9.06 -0.0215073 0.00913136 -0.134812
9.07 -0.00107259 0.00502793 0.0587661
9.08 0.0153911 -0.016783 0.00552313
9.09 -0.0149015 0.0240467 -0.0470166
9.1 -0.000306286 -0.0235611 0.043683
9.11 0.00481321 0.0300164 -0.0916535
9.12 -0.00185073 -0.0357571 0.138775
9.13 -0.0128169 0.0443517 -0.209755
9.14 0.0131847 -0.0354176 0.169083
9.15 -0.0299725 0.0376273 -0.208122
9.16 0.0353202 -0.0307105 0.191554
9.17 -0.0317536 0.0184063 -0.143166
9.18 0.0313242 -0.0100628 0.122847
9.19 -0.024887 -0.00374956 -0.0648308
9.2 0.0282411 0.0103802 0.0512618
9.21 -0.0277158 -0.0207293 -0.00787097
9.22 0.0315936 0.0257345 -0.00552732
9.23 -0.0285684 -0.0330273 0.0402663
9.24 0.0202635 0.0408069 -0.08513
9.25 -0.00623059 -0.0515557 0.158579
9.26 0.0138293 0.0425534 -0.109389
9.27 0.00218851 -0.0517776 0.190591
9.28 0.00437124 0.0390602 -0.132943
9.29 0.000849706 -0.0318948 0.117742
9.3 -0.0110426 0.023907 -0.100094
9.31 0.0320033 -0.0236744 0.137012
9.32 -0.0345006 0.0104996 -0.0902668
9.33 0.0380391 -0.00244253 0.0790787
9.34 -0.0358516 -0.00713765 -0.0569833
9.35 0.0351631 0.0136144 0.0529411
9.36 -0.0242951 -0.0297309 0.0207519
9.37 0.0265696 0.0380697 -0.0506235
9.38 -0.0370911 -0.0413989 0.0561446
9.39 0.0287576 0.0601648 -0.174582
9.4 -0.0422271 -0.0568272 0.155904
9.41 0.0532175 0.0461285 -0.0962644
9.42 -0.0323507 -0.0498876 0.139065
9.43 0.00733195 0.0494928 -0.161154
9.44 0.0113351 -0.0443206 0.160514
9.45 -0.0142322 0.0311093 -0.115319
9.46 0.00970224 -0.0160478 0.0640599
9.47 -0.0170826 0.0128722 -0.095359
9.48 0.00557347 0.00811211 0.00768682
9.49 -0.0207594 -0.010431 -0.0416295
9.5 0.0227227 0.0277305 -0.0294789
9.51 -0.029623 -0.0430818 0.0948289
9.52 0.0510206 0.0444489 -0.0751684
9.53 -0.0544918 -0.0537932 0.116717
9.54 0.0451171 0.0651996 -0.181104
9.55 -0.0463263 -0.0601151 0.146024
9.56 0.0448828 0.0501813 -0.0885763
9.57 -0.0192754 -0.056703 0.150993
9.58 0.0102677 0.0509141 -0.142799
9.59 -0.0108705 -0.0415117 0.122023
9.6 0.013432 0.0329357 -0.115953
9.61 -0.0254612 -0.0134926 0.0424243
9.62 0.0128463 0.00805427 -0.0635768
9.63 -0.00667647 0.0101381 -0.00192707
9.64 -0.0189565 -0.0150298 -0.0186678
9.65 0.0224956 0.0371664 -0.0799212
9.66 -0.0265786 -0.055113 0.157624
9.67 0.0371113 0.0627404 -0.176609
9.68 -0.0495623 -0.0607427 0.142097
9.69 0.035819 0.07235 -0.209906
9.7 -0.0412006 -0.0610364 0.137158
9.71 0.0175807 0.0721045 -0.227737
9.72 -0.0401484 -0.0432568 0.0649462
9.73 0.035819 0.0343377 -0.0446106
9.74 -0.0220254 -0.0303023 0.0636682
9.75 0.0130735 0.0227136 -0.0655891
9.76 -0.0183658 -0.00472771 0.00289084
9.77 0.0206985 -0.0115432 0.047596
9.78 -0.0105843 0.0197666 -0.0472022
9.79 -0.00103895 -0.0276444 0.0490389
9.8 0.00962428 0.0361875 -0.0608132
9.81 0.00260947 -0.0611908 0.19114
9.82 0.0177561 0.0580382 -0.145264
9.83 -0.0305752 -0.0574071 0.127874
9.84 0.0300039 0.0607939 -0.148004
9.85 -0.0230304 -0.0634406 0.174808
9.86 0.0285962 0.0512882 -0.114729
9.87 -0.0224385 -0.0462926 0.113325
9.88 0.0256441 0.0314462 -0.0552676
9.89 -0.0179867 -0.0252337 0.0621665
9.9 0.0175605 0.013568 -0.0382238
9.91 -0.0240351 0.00382628 -0.0212441
9.92 0.0228822 -0.016671 0.0514903
9.93 -0.0147702 0.0257739 -0.0608041
9.94 0.0218392 -0.0501043 0.179099
9.95 -0.00437779 0.0551521 -0.179118
9.96 -0.0212363 -0.0489903 0.11436
9.97 0.0219723 0.0531601 -0.12661
9.98 -0.0111382 -0.0565509 0.142138
9.99 0.000319913 0.0550372 -0.135579
10 0.00877048 -0.0538492 0.143782
