0.01 2.47769e-12 -6.56815e-08 -0.000442547
0.02 3.02454e-11 -5.39143e-07 -0.00186331
0.03 1.85532e-10 -2.23753e-06 -0.0040913
0.04 7.68592e-10 -6.33223e-06 -0.00612957
0.05 2.43848e-09 -1.39359e-05 -0.00737595
0.06 6.37409e-09 -2.59439e-05 -0.00897783
0.07 1.44215e-08 -4.3401e-05 -0.0117247
0.08 2.92604e-08 -6.77904e-05 -0.0148517
0.09 5.46162e-08 -0.000100836 -0.0177838
0.1 9.55062e-08 -0.000144235 -0.020664
0.11 1.58487e-07 -0.000199618 -0.0235234
0.12 2.51893e-07 -0.00026859 -0.0264649
0.13 3.86071e-07 -0.000352736 -0.0293065
0.14 5.73593e-07 -0.000453444 -0.0311237
0.15 8.29446e-07 -0.000571601 -0.0319458
0.16 1.17114e-06 -0.000707522 -0.0321561
0.17 1.61872e-06 -0.000861031 -0.0314868
0.18 2.19476e-06 -0.0010314 -0.0296917
0.19 2.92415e-06 -0.00121722 -0.026759
0.2 3.83392e-06 -0.00141653 -0.0235551
0.21 4.95286e-06 -0.00162717 -0.0209603
0.22 6.31126e-06 -0.00184725 -0.0193582
0.23 7.94049e-06 -0.00207542 -0.0189737
0.24 9.87285e-06 -0.00231092 -0.0191279
0.25 1.21414e-05 -0.00255328 -0.0191065
0.26 1.47796e-05 -0.002802 -0.0187706
0.27 1.78217e-05 -0.00305637 -0.017969
0.28 2.13021e-05 -0.00331544 -0.0167959
0.29 2.52553e-05 -0.00357812 -0.0160119
0.3 2.97158e-05 -0.00384354 -0.0162057
0.31 3.47178e-05 -0.00411122 -0.0168445
0.32 4.02953e-05 -0.00438093 -0.0173296
0.33 4.64818e-05 -0.00465245 -0.0178255
0.34 5.33103e-05 -0.00492566 -0.0188767
0.35 6.08132e-05 -0.00520066 -0.0206839
0.36 6.90222e-05 -0.00547794 -0.022797
0.37 7.79688e-05 -0.00575816 -0.024822
0.38 8.76836e-05 -0.006042 -0.0269087
0.39 9.81971e-05 -0.00633018 -0.0292653
0.4 0.000109539 -0.00662353 -0.0317429
0.41 0.000121739 -0.00692298 -0.0345235
0.42 0.000134828 -0.00722962 -0.0377497
0.43 0.000148833 -0.00754473 -0.0410506
0.44 0.000163786 -0.00786962 -0.0442035
0.45 0.000179715 -0.00820547 -0.0468179
0.46 0.000196651 -0.00855324 -0.049099
0.47 0.000214625 -0.0089138 -0.0524722
0.48 0.000233668 -0.00928853 -0.0573403
0.49 0.000253813 -0.00967945 -0.0627652
0.5 0.000275092 -0.0100889 -0.0681407
0.51 0.00029754 -0.0105193 -0.0729203
0.52 0.000321194 -0.0109726 -0.0769997
0.53 0.000346091 -0.0114504 -0.0810721
0.54 0.000372272 -0.0119543 -0.0852539
0.55 0.00039978 -0.0124856 -0.0890697
0.56 0.000428659 -0.0130456 -0.0918434
0.57 0.000458958 -0.0136348 -0.0936699
0.58 0.000490725 -0.0142533 -0.0956008
0.59 0.000524015 -0.0149011 -0.0973343
0.6 0.000558882 -0.0155777 -0.0982809
0.61 0.000595384 -0.0162827 -0.0991888
0.62 0.00063358 -0.0170151 -0.100033
0.63 0.000673532 -0.0177739 -0.100119
0.64 0.000715305 -0.0185578 -0.0994176
0.65 0.000758962 -0.0193648 -0.0980124
0.66 0.00080457 -0.0201926 -0.0958975
0.67 0.000852196 -0.0210382 -0.0933287
0.68 0.000901906 -0.0218987 -0.0906114
0.69 0.000953767 -0.0227706 -0.0876346
0.7 0.00100784 -0.0236507 -0.0843112
0.71 0.0010642 -0.0245351 -0.0804849
0.72 0.0011229 -0.0254198 -0.076041
0.73 0.001184 -0.0263007 -0.0716037
0.74 0.00124756 -0.0271735 -0.0674082
0.75 0.00131362 -0.0280339 -0.0632179
0.76 0.00138223 -0.0288778 -0.0593415
0.77 0.00145344 -0.0297013 -0.0559423
0.78 0.00152727 -0.0305008 -0.0525732
0.79 0.00160376 -0.0312727 -0.0489342
0.8 0.00168292 -0.0320134 -0.0455693
0.81 0.00176476 -0.0327196 -0.042856
0.82 0.00184929 -0.0333882 -0.0402628
0.83 0.0019365 -0.0340163 -0.0373261
0.84 0.00202638 -0.034601 -0.0337073
0.85 0.00211889 -0.0351389 -0.0295563
0.86 0.00221401 -0.0356268 -0.0261156
0.87 0.00231168 -0.0360619 -0.0245806
0.88 0.00241185 -0.0364424 -0.0248542
0.89 0.00251446 -0.0367677 -0.0261634
0.9 0.00261941 -0.0370377 -0.0276571
0.91 0.00272662 -0.0372528 -0.0284286
0.92 0.00283598 -0.037413 -0.0287965
0.93 0.00294739 -0.0375184 -0.0297914
0.94 0.00306071 -0.0375694 -0.0314359
0.95 0.00317582 -0.0375668 -0.0328616
0.96 0.00329257 -0.0375113 -0.0338979
0.97 0.00341079 -0.0374039 -0.0348935
0.98 0.00353034 -0.0372452 -0.0356776
0.99 0.00365103 -0.0370361 -0.0360829
1 0.00377268 -0.0367771 -0.0362311
1.01 0.0038951 -0.0364691 -0.036756
1.02 0.00401809 -0.0361129 -0.0382003
1.03 0.00414145 -0.0357102 -0.0403333
1.04 0.00426496 -0.0352628 -0.04223
1.05 0.00438839 -0.0347726 -0.0430665
1.06 0.00451152 -0.034241 -0.0425141
1.07 0.00463413 -0.0336688 -0.0405951
1.08 0.00475596 -0.033056 -0.0381072
1.09 0.00487677 -0.0324024 -0.0355386
1.1 0.00499633 -0.0317076 -0.0320825
1.11 0.00511437 -0.0309709 -0.0272813
1.12 0.00523064 -0.030191 -0.0223657
1.13 0.00534487 -0.0293668 -0.0182774
1.14 0.00545681 -0.0284972 -0.0147059
1.15 0.00556619 -0.0275817 -0.0109914
1.16 0.00567272 -0.0266199 -0.0062128
1.17 0.00577615 -0.0256107 -0.000586063
1.18 0.00587619 -0.024553 0.00488962
1.19 0.00597255 -0.0234455 0.00987223
1.2 0.00606497 -0.0222876 0.0140008
1.21 0.00615314 -0.0210788 0.0175504
1.22 0.0062368 -0.0198195 0.021463
1.23 0.00631563 -0.0185096 0.0259506
1.24 0.00638936 -0.0171489 0.0312001
1.25 0.00645769 -0.0157371 0.03694
1.26 0.00652034 -0.0142735 0.042457
1.27 0.006577 -0.0127577 0.0480083
1.28 0.00662739 -0.0111893 0.0533733
1.29 0.00667121 -0.00956827 0.0583641
1.3 0.00670818 -0.00789458 0.0635671
1.31 0.00673799 -0.00616847 0.0686497
1.32 0.00676037 -0.00439031 0.0731824
1.33 0.00677503 -0.00256081 0.0773183
1.34 0.00678167 -0.000681022 0.0813055
1.35 0.00678002 0.00124783 0.08528
1.36 0.0067698 0.00322439 0.0893348
1.37 0.00675074 0.00524728 0.0935744
1.38 0.00672255 0.00731508 0.0977416
1.39 0.00668498 0.0094263 0.102062
1.4 0.00663776 0.0115795 0.1067
1.41 0.00658065 0.0137731 0.110796
1.42 0.00651339 0.0160052 0.113554
1.43 0.00643574 0.0182733 0.115225
1.44 0.00634747 0.0205739 0.1164
1.45 0.00624835 0.0229034 0.117165
1.46 0.00613817 0.0252579 0.117741
1.47 0.00601673 0.0276331 0.118184
1.48 0.00588383 0.0300247 0.118654
1.49 0.00573929 0.0324285 0.119525
1.5 0.00558294 0.0348403 0.120418
1.51 0.00541462 0.037256 0.121133
1.52 0.0052342 0.0396714 0.12203
1.53 0.00504155 0.0420824 0.12301
1.54 0.00483657 0.0444849 0.123766
1.55 0.00461915 0.0468748 0.124564
1.56 0.00438922 0.049248 0.125558
1.57 0.00414674 0.0516005 0.126386
1.58 0.00389165 0.0539282 0.126695
1.59 0.00362394 0.0562268 0.126424
1.6 0.00334361 0.0584917 0.125626
1.61 0.00305069 0.0607182 0.124304
1.62 0.00274522 0.0629013 0.123051
1.63 0.00242726 0.0650361 0.122265
1.64 0.0020969 0.0671178 0.120864
1.65 0.00175426 0.0691417 0.1178
1.66 0.00139946 0.0711019 0.113735
1.67 0.00103268 0.0729926 0.109777
1.68 0.000654094 0.0748078 0.105977
1.69 0.000263914 0.0765418 0.102197
1.7 -0.000137621 0.078189 0.0984751
1.71 -0.000550248 0.0797439 0.0942056
1.72 -0.000973674 0.0812011 0.0892605
1.73 -0.00140758 0.082555 0.0843604
1.74 -0.00185162 0.0838001 0.0800122
1.75 -0.00230541 0.0849315 0.0759759
1.76 -0.00276856 0.0859446 0.0718602
1.77 -0.00324062 0.0868352 0.0681755
1.78 -0.00372114 0.0875992 0.0647742
1.79 -0.00420963 0.0882332 0.0609054
1.8 -0.00470555 0.0887338 0.0570822
1.81 -0.00520837 0.0890978 0.0536746
1.82 -0.0057175 0.0893225 0.049988
1.83 -0.00623235 0.0894052 0.0461808
1.84 -0.00675227 0.0893439 0.0432504
1.85 -0.00727661 0.0891368 0.0415237
1.86 -0.00780468 0.0887836 0.0407211
1.87 -0.00833577 0.0882842 0.040378
1.88 -0.00886914 0.0876394 0.0399539
1.89 -0.00940402 0.0868503 0.0387312
1.9 -0.00993965 0.0859175 0.036719
1.91 -0.0104752 0.0848419 0.0347765
1.92 -0.0110099 0.0836245 0.0334098
1.93 -0.0115428 0.0822669 0.0323538
1.94 -0.0120731 0.080771 0.0310815
1.95 -0.0125999 0.079139 0.0297288
1.96 -0.0131224 0.0773734 0.02863
1.97 -0.0136396 0.0754768 0.0276364
1.98 -0.0141506 0.0734525 0.0268327
1.99 -0.0146544 0.071304 0.0271346
2 -0.0151502 0.0690358 0.0294118
2.01 -0.015637 0.0666536 0.0329656
2.02 -0.0161138 0.0641639 0.0363362
2.03 -0.0165798 0.0615734 0.039544
2.04 -0.0170338 0.0588894 0.0434111
2.05 -0.0174751 0.0561191 0.0473966
2.06 -0.0179026 0.0532702 0.0503969
2.07 -0.0183154 0.0503499 0.0525826
2.08 -0.0187126 0.0473655 0.0552844
2.09 -0.0190932 0.0443244 0.0591848
2.1 -0.0194564 0.0412346 0.0634088
2.11 -0.0198013 0.0381045 0.0672746
2.12 -0.020127 0.0349425 0.0709746
2.13 -0.0204326 0.031757 0.0747437
2.14 -0.0207174 0.0285563 0.078684
2.15 -0.0209805 0.0253489 0.0827899
2.16 -0.0212211 0.0221435 0.0868542
2.17 -0.0214386 0.0189485 0.0909004
2.18 -0.0216321 0.0157727 0.0953209
2.19 -0.0218011 0.0126248 0.100083
2.2 -0.0219448 0.00951349 0.104458
2.21 -0.0220627 0.00644733 0.108132
2.22 -0.0221541 0.00343447 0.111543
2.23 -0.0222187 0.000482801 0.115219
2.24 -0.0222559 -0.00239976 0.11975
2.25 -0.0222652 -0.005205 0.125018
2.26 -0.0222463 -0.00792458 0.129955
2.27 -0.0221989 -0.0105504 0.134175
2.28 -0.0221226 -0.0130749 0.13836
2.29 -0.0220172 -0.0154907 0.142885
2.3 -0.0218826 -0.0177905 0.147457
2.31 -0.0217186 -0.0199672 0.151656
2.32 -0.0215252 -0.0220144 0.155279
2.33 -0.0213022 -0.0239258 0.158928
2.34 -0.0210498 -0.0256955 0.163261
2.35 -0.0207681 -0.0273178 0.167725
2.36 -0.0204573 -0.0287868 0.172563
2.37 -0.0201175 -0.030097 0.178114
2.38 -0.019749 -0.0312427 0.182872
2.39 -0.0193522 -0.0322191 0.186013
2.4 -0.0189274 -0.0330224 0.18824
2.41 -0.0184752 -0.0336498 0.190274
2.42 -0.017996 -0.034099 0.191696
2.43 -0.0174905 -0.0343684 0.192032
2.44 -0.0169592 -0.0344573 0.191414
2.45 -0.0164029 -0.0343661 0.190227
2.46 -0.0158223 -0.0340955 0.188979
2.47 -0.0152183 -0.033647 0.187325
2.48 -0.0145916 -0.0330225 0.185004
2.49 -0.0139433 -0.0322248 0.181984
2.5 -0.0132742 -0.0312573 0.177653
2.51 -0.0125855 -0.0301246 0.171777
2.52 -0.0118782 -0.0288324 0.164705
2.53 -0.0111533 -0.0273874 0.157079
2.54 -0.0104122 -0.025797 0.149541
2.55 -0.00965582 -0.0240687 0.141918
2.56 -0.00888557 -0.0222106 0.133923
2.57 -0.00810268 -0.020231 0.125264
2.58 -0.00730845 -0.0181393 0.115359
2.59 -0.00650421 -0.0159452 0.104821
2.6 -0.00569132 -0.0136592 0.0944322
2.61 -0.00487116 -0.0112921 0.0839115
2.62 -0.00404512 -0.00885459 0.0735136
2.63 -0.00321461 -0.00635768 0.0636274
2.64 -0.00238106 -0.00381211 0.0541805
2.65 -0.0015459 -0.0012284 0.0456528
2.66 -0.000710562 0.00138341 0.0385168
2.67 0.000123507 0.00401394 0.032543
2.68 0.000954874 0.00665443 0.0272485
2.69 0.00178211 0.00929652 0.0222382
2.7 0.00260379 0.0119321 0.017568
2.71 0.00341849 0.0145533 0.013525
2.72 0.00422484 0.0171525 0.0093745
2.73 0.00502143 0.0197221 0.00434315
2.74 0.00580691 0.0222541 -0.000996169
2.75 0.00657995 0.0247405 -0.00651543
2.76 0.00733922 0.0271731 -0.0129543
2.77 0.00808345 0.0295434 -0.0201327
2.78 0.00881138 0.0318425 -0.027509
2.79 0.00952179 0.0340616 -0.0352531
2.8 0.0102135 0.0361919 -0.0435142
2.81 0.0108854 0.0382242 -0.0519523
2.82 0.0115363 0.0401498 -0.059962
2.83 0.0121653 0.0419603 -0.0670067
2.84 0.0127712 0.043648 -0.0730533
2.85 0.0133532 0.0452059 -0.0789301
2.86 0.0139104 0.0466276 -0.085212
2.87 0.0144419 0.0479065 -0.0914233
2.88 0.0149468 0.0490366 -0.09728
2.89 0.0154245 0.0500122 -0.102972
2.9 0.0158744 0.0508281 -0.108542
2.91 0.0162957 0.0514795 -0.113931
2.92 0.016688 0.051962 -0.118916
2.93 0.0170507 0.0522717 -0.123298
2.94 0.0173834 0.0524055 -0.127499
2.95 0.0176859 0.0523605 -0.132052
2.96 0.0179577 0.0521343 -0.137034
2.97 0.0181987 0.0517243 -0.142057
2.98 0.0184087 0.0511286 -0.146531
2.99 0.0185877 0.0503457 -0.150324
3 0.0187356 0.0493749 -0.153741
3.01 0.0188524 0.0482161 -0.156959
3.02 0.0189384 0.0468697 -0.159793
3.03 0.0189937 0.0453368 -0.162135
3.04 0.0190184 0.043619 -0.164058
3.05 0.0190131 0.0417186 -0.165388
3.06 0.018978 0.0396386 -0.165535
3.07 0.0189136 0.0373831 -0.164291
3.08 0.0188205 0.0349572 -0.162143
3.09 0.0186991 0.0323669 -0.15927
3.1 0.0185502 0.029619 -0.155808
3.11 0.0183744 0.0267209 -0.151959
3.12 0.0181725 0.0236806 -0.147773
3.13 0.0179452 0.0205065 -0.143423
3.14 0.0176936 0.0172075 -0.138846
3.15 0.0174183 0.0137928 -0.133722
3.16 0.0171205 0.0102721 -0.127815
3.17 0.016801 0.00665583 -0.121019
3.18 0.016461 0.00295516 -0.113397
3.19 0.0161014 -0.000818199 -0.105159
3.2 0.0157234 -0.00465197 -0.0961984
3.21 0.0153281 -0.00853326 -0.0860494
3.22 0.0149167 -0.0124484 -0.0743403
3.23 0.0144904 -0.0163828 -0.0611573
3.24 0.0140502 -0.020321 -0.0468412
3.25 0.0135976 -0.0242469 -0.0319284
3.26 0.0131336 -0.028144 -0.0170638
3.27 0.0126596 -0.031996 -0.00214968
3.28 0.0121767 -0.0357863 0.0131722
3.29 0.0116861 -0.0394986 0.0286323
3.3 0.0111892 -0.0431164 0.0435964
3.31 0.0106872 -0.046624 0.057562
3.32 0.0101811 -0.0500062 0.0707181
3.33 0.00967226 -0.0532485 0.0833578
3.34 0.00916181 -0.0563373 0.0946619
3.35 0.00865087 -0.0592598 0.103772
3.36 0.00814056 -0.062005 0.111543
3.37 0.00763196 -0.0645625 0.119491
3.38 0.00712612 -0.0669227 0.127878
3.39 0.00662404 -0.069076 0.13618
3.4 0.0061267 -0.0710134 0.143865
3.41 0.00563501 -0.0727267 0.150482
3.42 0.00514986 -0.0742085 0.155982
3.43 0.00467208 -0.0754526 0.161149
3.44 0.00420246 -0.0764534 0.166842
3.45 0.00374173 -0.0772057 0.172671
3.46 0.00329057 -0.0777044 0.1788
3.47 0.00284961 -0.0779448 0.185817
3.48 0.00241942 -0.0779224 0.193341
3.49 0.00200051 -0.0776327 0.201763
3.5 0.00159333 -0.0770712 0.211646
3.51 0.0011983 -0.0762332 0.222664
3.52 0.000815733 -0.0751137 0.234555
3.53 0.000445913 -0.0737081 0.246434
3.54 8.90497e-05 -0.0720121 0.25691
3.55 -0.000254708 -0.070023 0.265669
3.56 -0.000585276 -0.0677393 0.273112
3.57 -0.000902634 -0.0651611 0.279803
3.58 -0.00120683 -0.0622892 0.286009
3.59 -0.00149796 -0.0591256 0.291171
3.6 -0.0017762 -0.0556735 0.295474
3.61 -0.00204179 -0.0519368 0.299739
3.62 -0.00229501 -0.0479203 0.304092
3.63 -0.00253623 -0.0436293 0.30784
3.64 -0.00276585 -0.03907 0.310113
3.65 -0.00298434 -0.0342498 0.311633
3.66 -0.00319223 -0.029177 0.313334
3.67 -0.00339009 -0.0238606 0.314853
3.68 -0.00357856 -0.01831 0.315892
3.69 -0.00375831 -0.0125354 0.316291
3.7 -0.00393006 -0.00654784 0.315718
3.71 -0.00409458 -0.00035917 0.314547
3.72 -0.00425268 0.00601793 0.313115
3.73 -0.00440519 0.0125701 0.310683
3.74 -0.004553 0.0192832 0.307005
3.75 -0.00469701 0.026142 0.302261
3.76 -0.00483816 0.0331304 0.296574
3.77 -0.00497741 0.0402315 0.290619
3.78 -0.00511572 0.0474282 0.284316
3.79 -0.0052541 0.0547024 0.277063
3.8 -0.00539355 0.062036 0.268984
3.81 -0.00553508 0.0694099 0.260386
3.82 -0.00567969 0.0768047 0.25158
3.83 -0.00582841 0.0842009 0.242389
3.84 -0.00598224 0.0915787 0.232368
3.85 -0.00614217 0.0989177 0.221951
3.86 -0.00630918 0.106198 0.211507
3.87 -0.00648423 0.113398 0.200499
3.88 -0.00666827 0.120499 0.188105
3.89 -0.00686219 0.127479 0.174018
3.9 -0.00706689 0.134315 0.159122
3.91 -0.00728319 0.140987 0.144974
3.92 -0.00751189 0.147473 0.132244
3.93 -0.00775376 0.153753 0.120524
3.94 -0.00800949 0.159807 0.108973
3.95 -0.00827973 0.165618 0.096875
3.96 -0.00856508 0.171166 0.084248
3.97 -0.00886607 0.176433 0.0712328
3.98 -0.00918317 0.181402 0.057504
3.99 -0.00951677 0.186055 0.0425021
4 -0.00986721 0.190373 0.0262403
4.01 -0.0102347 0.194339 0.00939127
4.02 -0.0106196 0.197935 -0.00802056
4.03 -0.0110217 0.201144 -0.0254712
4.04 -0.0114413 0.20395 -0.0415896
4.05 -0.0118782 0.206337 -0.0566221
4.06 -0.0123323 0.208293 -0.0717583
4.07 -0.0128033 0.209803 -0.0867746
4.08 -0.0132908 0.210858 -0.101163
4.09 -0.0137946 0.211445 -0.115518
4.1 -0.014314 0.211555 -0.130381
4.11 -0.0148484 0.21118 -0.145289
4.12 -0.0153972 0.210311 -0.15933
4.13 -0.0159595 0.208942 -0.172384
4.14 -0.0165344 0.207067 -0.18464
4.15 -0.017121 0.204684 -0.196081
4.16 -0.0177181 0.201789 -0.206585
4.17 -0.0183247 0.198383 -0.215871
4.18 -0.0189394 0.194466 -0.224097
4.19 -0.0195609 0.190042 -0.232005
4.2 -0.0201878 0.185114 -0.239699
4.21 -0.0208184 0.179686 -0.246472
4.22 -0.0214514 0.173767 -0.252545
4.23 -0.0220849 0.167362 -0.258543
4.24 -0.0227172 0.160482 -0.264772
4.25 -0.0233465 0.153136 -0.271309
4.26 -0.0239709 0.145335 -0.277556
4.27 -0.0245885 0.137089 -0.283284
4.28 -0.0251972 0.128411 -0.288506
4.29 -0.025795 0.119316 -0.293056
4.3 -0.0263797 0.109817 -0.297275
4.31 -0.0269493 0.0999315 -0.301077
4.32 -0.0275015 0.0896758 -0.303613
4.33 -0.0280342 0.0790684 -0.304447
4.34 -0.0285449 0.0681293 -0.303232
4.35 -0.0290315 0.0568806 -0.299221
4.36 -0.0294918 0.0453464 -0.292797
4.37 -0.0299233 0.0335525 -0.285795
4.38 -0.0303238 0.0215257 -0.279003
4.39 -0.0306909 0.00929347 -0.271475
4.4 -0.0310225 -0.00311605 -0.262835
4.41 -0.0313162 -0.0156738 -0.253793
4.42 -0.0315699 -0.0283503 -0.244278
4.43 -0.0317812 -0.0411151 -0.233367
4.44 -0.0319481 -0.0539372 -0.221053
4.45 -0.0320685 -0.0667847 -0.20819
4.46 -0.0321402 -0.0796251 -0.194894
4.47 -0.0321613 -0.0924257 -0.180803
4.48 -0.0321299 -0.105153 -0.165804
4.49 -0.0320441 -0.117775 -0.149887
4.5 -0.0319022 -0.130256 -0.133375
4.51 -0.0317026 -0.142564 -0.115712
4.52 -0.0314436 -0.154663 -0.0961389
4.53 -0.0311238 -0.166519 -0.075739
4.54 -0.0307419 -0.178098 -0.0558218
4.55 -0.0302966 -0.189365 -0.0367152
4.56 -0.0297869 -0.200287 -0.0183632
4.57 -0.0292119 -0.210832 -0.000120258
4.58 -0.0285706 -0.220969 0.0188009
4.59 -0.0278625 -0.230668 0.0383903
4.6 -0.027087 -0.239898 0.0580419
4.61 -0.0262438 -0.248629 0.077463
4.62 -0.0253326 -0.256835 0.0970038
4.63 -0.0243535 -0.264486 0.116938
4.64 -0.0233065 -0.271557 0.136787
4.65 -0.022192 -0.278024 0.155594
4.66 -0.0210105 -0.283861 0.173169
4.67 -0.0197626 -0.289048 0.190285
4.68 -0.0184491 -0.293564 0.207351
4.69 -0.0170711 -0.297392 0.223878
4.7 -0.0156299 -0.300514 0.239243
4.71 -0.0141267 -0.302914 0.253308
4.72 -0.0125632 -0.304581 0.266503
4.73 -0.0109412 -0.305503 0.279443
4.74 -0.00926247 -0.305671 0.29221
4.75 -0.00752931 -0.305078 0.30465
4.76 -0.00574397 -0.303717 0.31687
4.77 -0.00390894 -0.301583 0.328836
4.78 -0.00202688 -0.298675 0.340235
4.79 -0.000100642 -0.294991 0.350626
4.8 0.00186678 -0.290533 0.359698
4.81 0.00387222 -0.285304 0.367185
4.82 0.00591235 -0.279309 0.373315
4.83 0.00798368 -0.272557 0.378837
4.84 0.0100826 -0.265058 0.384097
4.85 0.0122053 -0.256823 0.388433
4.86 0.0143479 -0.247867 0.391072
4.87 0.0165063 -0.238204 0.392882
4.88 0.0186765 -0.227852 0.394321
4.89 0.0208541 -0.216832 0.394333
4.9 0.0230347 -0.205164 0.392721
4.91 0.025214 -0.192872 0.389806
4.92 0.0273873 -0.179982 0.385126
4.93 0.02955 -0.166521 0.378294
4.94 0.0316975 -0.152521 0.370189
4.95 0.0338249 -0.138012 0.361728
4.96 0.0359275 -0.123027 0.352775
4.97 0.0380005 -0.107602 0.343373
4.98 0.0400391 -0.0917712 0.333834
4.99 0.0420383 -0.0755714 0.324096
5 0.0439933 -0.0590396 0.313981
5.01 0.0458994 -0.0422138 0.303519
5.02 0.0477516 -0.0251329 0.29253
5.03 0.0495453 -0.0078363 0.281155
5.04 0.0512756 0.00963582 0.270015
5.05 0.0529379 0.0272432 0.259545
5.06 0.0545278 0.0449456 0.24987
5.07 0.0560405 0.0627031 0.24055
5.08 0.0574718 0.0804758 0.231111
5.09 0.0588173 0.0982238 0.221475
5.1 0.0600729 0.115907 0.211546
5.11 0.0612346 0.133486 0.200806
5.12 0.0622983 0.15092 0.188972
5.13 0.0632604 0.168168 0.176039
5.14 0.0641173 0.18519 0.161945
5.15 0.0648656 0.201944 0.146721
5.16 0.065502 0.218389 0.130617
5.17 0.0660235 0.234485 0.114428
5.18 0.0664273 0.250191 0.098374
5.19 0.0667107 0.265467 0.0820293
5.2 0.0668714 0.280273 0.0654053
5.21 0.0669072 0.294573 0.0489533
5.22 0.0668161 0.308329 0.0333223
5.23 0.0665965 0.321505 0.0186434
5.24 0.066247 0.334067 0.0044113
5.25 0.0657663 0.345984 -0.00972144
5.26 0.0651536 0.357223 -0.0241936
5.27 0.0644082 0.367755 -0.0393707
5.28 0.0635298 0.37755 -0.0548326
5.29 0.0625183 0.386582 -0.0696367
5.3 0.0613739 0.394825 -0.0828991
5.31 0.060097 0.402254 -0.0943212
5.32 0.0586886 0.40885 -0.10457
5.33 0.0571495 0.414593 -0.114917
5.34 0.0554813 0.419467 -0.125619
5.35 0.0536854 0.423456 -0.135701
5.36 0.051764 0.426548 -0.144576
5.37 0.0497191 0.428732 -0.15249
5.38 0.0475534 0.429998 -0.160005
5.39 0.0452696 0.430341 -0.167162
5.4 0.0428709 0.429756 -0.173743
5.41 0.0403604 0.42824 -0.179738
5.42 0.037742 0.425795 -0.184741
5.43 0.0350196 0.42242 -0.189158
5.44 0.0321971 0.418122 -0.193762
5.45 0.0292792 0.412906 -0.197765
5.46 0.0262705 0.40678 -0.200473
5.47 0.0231759 0.399756 -0.202035
5.48 0.0200005 0.391845 -0.201979
5.49 0.0167497 0.383064 -0.20026
5.5 0.013429 0.373432 -0.197377
5.51 0.0100444 0.362969 -0.193412
5.52 0.00660168 0.351697 -0.189021
5.53 0.00310708 0.339642 -0.184629
5.54 -0.00043308 0.32683 -0.179889
5.55 -0.00401233 0.313289 -0.174854
5.56 -0.00762403 0.299048 -0.170173
5.57 -0.0112614 0.284138 -0.166316
5.58 -0.0149176 0.26859 -0.162623
5.59 -0.0185857 0.252437 -0.158252
5.6 -0.0222585 0.235714 -0.153221
5.61 -0.025929 0.218455 -0.148404
5.62 -0.0295899 0.200698 -0.144664
5.63 -0.033234 0.182478 -0.141409
5.64 -0.036854 0.163833 -0.138229
5.65 -0.0404427 0.144802 -0.135362
5.66 -0.0439926 0.125424 -0.132184
5.67 -0.0474967 0.105737 -0.12838
5.68 -0.0509475 0.0857817 -0.124301
5.69 -0.0543379 0.0656001 -0.12046
5.7 -0.0576608 0.0452329 -0.117016
5.71 -0.0609092 0.024722 -0.113417
5.72 -0.0640759 0.00410895 -0.109466
5.73 -0.0671542 -0.0165639 -0.105394
5.74 -0.0701374 -0.0372542 -0.101245
5.75 -0.0730188 -0.0579195 -0.0967915
5.76 -0.0757919 -0.0785172 -0.0919034
5.77 -0.0784505 -0.0990048 -0.0867894
5.78 -0.0809884 -0.11934 -0.0816471
5.79 -0.0833998 -0.13948 -0.076636
5.8 -0.0856789 -0.159383 -0.0717431
5.81 -0.0878202 -0.179009 -0.0661734
5.82 -0.0898184 -0.198315 -0.0592643
5.83 -0.0916685 -0.217261 -0.0517502
5.84 -0.0933658 -0.235806 -0.044747
5.85 -0.0949058 -0.253911 -0.0387772
5.86 -0.0962841 -0.271537 -0.03364
5.87 -0.097497 -0.288648 -0.0290082
5.88 -0.0985407 -0.305207 -0.0246891
5.89 -0.099412 -0.321182 -0.0206152
5.9 -0.100108 -0.336538 -0.0171118
5.91 -0.100625 -0.351244 -0.0138386
5.92 -0.100962 -0.365271 -0.0100863
5.93 -0.101117 -0.37859 -0.00564085
5.94 -0.101087 -0.391172 -0.000664652
5.95 -0.100872 -0.402991 0.00430745
5.96 -0.10047 -0.414022 0.00880894
5.97 -0.0998812 -0.424241 0.0129294
5.98 -0.0991049 -0.433627 0.01704
5.99 -0.0981413 -0.44216 0.0214445
6 -0.0969909 -0.44982 0.0261747
6.01 -0.0956545 -0.456592 0.0310611
6.02 -0.0941335 -0.462459 0.0356574
6.03 -0.0924292 -0.467409 0.0389014
6.04 -0.0905438 -0.47143 0.040412
6.05 -0.0884794 -0.474515 0.0408899
6.06 -0.0862388 -0.476658 0.0405309
6.07 -0.083825 -0.477856 0.0392152
6.08 -0.0812413 -0.478107 0.0373681
6.09 -0.0784916 -0.477413 0.0356192
6.1 -0.0755799 -0.475778 0.0343923
6.11 -0.0725105 -0.473205 0.0334943
6.12 -0.0692883 -0.4697 0.0323351
6.13 -0.0659182 -0.465273 0.030599
6.14 -0.0624057 -0.459933 0.0283865
6.15 -0.0587565 -0.453693 0.0254139
6.16 -0.0549764 -0.446567 0.0213649
6.17 -0.0510717 -0.438572 0.0166027
6.18 -0.047049 -0.429727 0.0114669
6.19 -0.042915 -0.420053 0.0065751
6.2 -0.0386768 -0.409571 0.00257434
6.21 -0.0343415 -0.398305 -0.000821449
6.22 -0.0299167 -0.38628 -0.0042259
6.23 -0.0254101 -0.373522 -0.00748946
6.24 -0.0208295 -0.360057 -0.0102726
6.25 -0.016183 -0.345913 -0.0126389
6.26 -0.0114787 -0.331121 -0.0143658
6.27 -0.00672508 -0.31571 -0.0155819
6.28 -0.00193056 -0.299712 -0.0168434
6.29 0.00289625 -0.283158 -0.0183617
6.3 0.00774665 -0.266083 -0.0204602
6.31 0.0126119 -0.24852 -0.0232086
6.32 0.017483 -0.230505 -0.0255586
6.33 0.0223513 -0.212076 -0.0267371
6.34 0.0272076 -0.193269 -0.026945
6.35 0.0320432 -0.17412 -0.0260328
6.36 0.0368491 -0.154667 -0.0238287
6.37 0.0416163 -0.134946 -0.0209364
6.38 0.046336 -0.114994 -0.0183601
6.39 0.0509993 -0.0948481 -0.016485
6.4 0.0555975 -0.0745466 -0.0147041
6.41 0.0601219 -0.0541277 -0.0125142
6.42 0.0645639 -0.0336297 -0.0098128
6.43 0.0689151 -0.0130907 -0.00640273
6.44 0.0731673 0.00745152 -0.00250903
6.45 0.0773121 0.0279594 0.00133792
6.46 0.0813416 0.0483956 0.00500772
6.47 0.0852481 0.0687228 0.0086777
6.48 0.0890238 0.0889038 0.0123901
6.49 0.0926614 0.108902 0.0159043
6.5 0.0961537 0.128681 0.0190013
6.51 0.0994938 0.148204 0.0217515
6.52 0.102675 0.167436 0.0240273
6.53 0.105691 0.18634 0.0261061
6.54 0.108535 0.204883 0.0291117
6.55 0.111202 0.22303 0.0334905
6.56 0.113686 0.240748 0.0386935
6.57 0.115982 0.258008 0.0436558
6.58 0.118085 0.274778 0.0479379
6.59 0.11999 0.29103 0.0517833
6.6 0.121694 0.306735 0.0550047
6.61 0.123192 0.321864 0.0577257
6.62 0.12448 0.33639 0.0600883
6.63 0.125557 0.350289 0.0623362
6.64 0.126418 0.363533 0.0654748
6.65 0.127061 0.376101 0.0693919
6.66 0.127485 0.387971 0.0731547
6.67 0.127688 0.399122 0.0761816
6.68 0.127668 0.409536 0.0779578
6.69 0.127426 0.419194 0.0787651
6.7 0.126959 0.428078 0.0792127
6.71 0.126269 0.436173 0.0796702
6.72 0.125355 0.443464 0.0805356
6.73 0.124219 0.449937 0.0814287
6.74 0.122861 0.455583 0.0821729
6.75 0.121284 0.46039 0.0834157
6.76 0.119489 0.464351 0.0851291
6.77 0.117478 0.467461 0.0870376
6.78 0.115254 0.469715 0.0894175
6.79 0.112821 0.471111 0.0926744
6.8 0.110182 0.471649 0.0961504
6.81 0.107341 0.471331 0.0990159
6.82 0.104302 0.47016 0.101583
6.83 0.10107 0.468141 0.104205
6.84 0.0976501 0.465279 0.106904
6.85 0.0940471 0.461584 0.109302
6.86 0.090267 0.457064 0.111368
6.87 0.0863159 0.451729 0.113808
6.88 0.0822001 0.445594 0.116735
6.89 0.0779263 0.438671 0.11987
6.9 0.0735014 0.430978 0.122857
6.91 0.0689327 0.422531 0.125073
6.92 0.0642276 0.413349 0.126557
6.93 0.059394 0.403451 0.128005
6.94 0.0544399 0.392859 0.130017
6.95 0.0493736 0.381594 0.13265
6.96 0.0442034 0.369681 0.135272
6.97 0.0389381 0.357144 0.137573
6.98 0.0335865 0.344011 0.139224
6.99 0.0281577 0.330308 0.13993
7 0.0226609 0.316062 0.140214
7.01 0.0171053 0.301303 0.140177
7.02 0.0115004 0.286059 0.139874
7.03 0.00585572 0.270361 0.140087
7.04 0.000180979 0.254238 0.14139
7.05 -0.00551416 0.237725 0.143218
7.06 -0.0112199 0.220854 0.144962
7.07 -0.0169265 0.203659 0.147059
7.08 -0.0226241 0.186176 0.149531
7.09 -0.0283029 0.168439 0.151928
7.1 -0.0339531 0.150486 0.154134
7.11 -0.0395649 0.132353 0.155973
7.12 -0.0451286 0.114075 0.157451
7.13 -0.0506345 0.0956903 0.158746
7.14 -0.0560731 0.0772346 0.15984
7.15 -0.0614349 0.0587446 0.160857
7.16 -0.0667106 0.0402571 0.162385
7.17 -0.071891 0.0218088 0.164264
7.18 -0.076967 0.00343666 0.165911
7.19 -0.0819298 -0.0148228 0.167303
7.2 -0.0867707 -0.0329335 0.167477
7.21 -0.0914811 -0.0508602 0.165799
7.22 -0.0960529 -0.0685694 0.163167
7.23 -0.100478 -0.086028 0.160314
7.24 -0.104749 -0.103204 0.157474
7.25 -0.108857 -0.120066 0.1548
7.26 -0.112796 -0.136584 0.152244
7.27 -0.116559 -0.152726 0.149412
7.28 -0.12014 -0.168464 0.146254
7.29 -0.123531 -0.183769 0.143165
7.3 -0.126726 -0.198613 0.140378
7.31 -0.129721 -0.212971 0.1378
7.32 -0.132509 -0.226815 0.135458
7.33 -0.135087 -0.240122 0.133336
7.34 -0.137448 -0.252866 0.130442
7.35 -0.139589 -0.265026 0.126455
7.36 -0.141506 -0.27658 0.122293
7.37 -0.143195 -0.28751 0.118146
7.38 -0.144654 -0.297796 0.114128
7.39 -0.145879 -0.307423 0.110735
7.4 -0.146869 -0.316373 0.107407
7.41 -0.147621 -0.324632 0.103446
7.42 -0.148134 -0.332188 0.0989527
7.43 -0.148407 -0.339028 0.0943748
7.44 -0.148439 -0.345143 0.0898506
7.45 -0.14823 -0.350524 0.0851894
7.46 -0.14778 -0.355165 0.0802218
7.47 -0.147089 -0.35906 0.0746887
7.48 -0.14616 -0.362205 0.0687824
7.49 -0.144992 -0.364599 0.0624607
7.5 -0.143589 -0.366241 0.0555584
7.51 -0.141951 -0.367134 0.0480809
7.52 -0.140082 -0.36728 0.0397365
7.53 -0.137985 -0.366685 0.0307891
7.54 -0.135664 -0.365356 0.021533
7.55 -0.133121 -0.363303 0.0118828
7.56 -0.130361 -0.360535 0.00224688
7.57 -0.127389 -0.357064 -0.00723124
7.58 -0.12421 -0.352903 -0.0171382
7.59 -0.120828 -0.348068 -0.0279309
7.6 -0.11725 -0.342575 -0.0395977
7.61 -0.113482 -0.336441 -0.0519503
7.62 -0.109529 -0.329688 -0.064778
7.63 -0.105398 -0.322336 -0.0775881
7.64 -0.101096 -0.314409 -0.0900075
7.65 -0.0966305 -0.305929 -0.102653
7.66 -0.0920085 -0.296921 -0.11634
7.67 -0.0872378 -0.287412 -0.130747
7.68 -0.0823262 -0.277429 -0.145105
7.69 -0.077282 -0.267001 -0.158937
7.7 -0.0721134 -0.256157 -0.171741
7.71 -0.0668291 -0.244926 -0.183183
7.72 -0.0614377 -0.233338 -0.193892
7.73 -0.0559481 -0.221421 -0.204691
7.74 -0.0503694 -0.209207 -0.215115
7.75 -0.0447108 -0.196725 -0.224436
7.76 -0.0389815 -0.184005 -0.232538
7.77 -0.033191 -0.171079 -0.239538
7.78 -0.0273488 -0.157975 -0.245661
7.79 -0.0214643 -0.144724 -0.250961
7.8 -0.0155471 -0.131354 -0.255268
7.81 -0.00960704 -0.117895 -0.258615
7.82 -0.0036536 -0.104375 -0.261693
7.83 0.00230352 -0.0908226 -0.265113
7.84 0.00825469 -0.0772671 -0.268542
7.85 0.0141903 -0.0637369 -0.270993
7.86 0.0201008 -0.0502598 -0.272371
7.87 0.0259767 -0.0368635 -0.273468
7.88 0.0318085 -0.023575 -0.275039
7.89 0.037587 -0.0104214 -0.277568
7.9 0.043303 0.00257016 -0.280273
7.91 0.0489473 0.0153726 -0.282464
7.92 0.054511 0.0279596 -0.283963
7.93 0.0599854 0.0403057 -0.284347
7.94 0.0653618 0.0523864 -0.28427
7.95 0.0706318 0.0641781 -0.28439
7.96 0.0757871 0.0756576 -0.284429
7.97 0.0808197 0.0868027 -0.284416
7.98 0.0857219 0.0975914 -0.284596
7.99 0.0904861 0.108003 -0.284671
8 0.095105 0.118017 -0.28439
8.01 0.0995714 0.127613 -0.283856
8.02 0.103879 0.136775 -0.282904
8.03 0.10802 0.145484 -0.281143
8.04 0.11199 0.153725 -0.278447
8.05 0.115782 0.161484 -0.274664
8.06 0.119391 0.168747 -0.26957
8.07 0.122811 0.175505 -0.263951
8.08 0.126038 0.181746 -0.258393
8.09 0.129066 0.187463 -0.252003
8.1 0.131892 0.192648 -0.243613
8.11 0.134512 0.197297 -0.232867
8.12 0.136921 0.201408 -0.220138
8.13 0.139118 0.204979 -0.205795
8.14 0.141099 0.208013 -0.190387
8.15 0.142861 0.210513 -0.174482
8.16 0.144402 0.212484 -0.158268
8.17 0.145721 0.213933 -0.141662
8.18 0.146816 0.214865 -0.124214
8.19 0.147687 0.215292 -0.105751
8.2 0.148332 0.215222 -0.0869736
8.21 0.148751 0.214668 -0.0684733
8.22 0.148944 0.213641 -0.0506047
8.23 0.148912 0.212156 -0.0334527
8.24 0.148656 0.210225 -0.0159558
8.25 0.148176 0.207863 0.00270496
8.26 0.147473 0.205086 0.022621
8.27 0.146551 0.201912 0.0434943
8.28 0.145411 0.19836 0.0643882
8.29 0.144055 0.194449 0.0849884
8.3 0.142486 0.1902 0.105399
8.31 0.140707 0.185634 0.125255
8.32 0.138722 0.180772 0.145026
8.33 0.136535 0.175635 0.16545
8.34 0.134149 0.170247 0.185971
8.35 0.131568 0.16463 0.205887
8.36 0.128799 0.158808 0.225547
8.37 0.125844 0.152803 0.245528
8.38 0.122709 0.146642 0.265445
8.39 0.1194 0.140346 0.284866
8.4 0.115923 0.133942 0.303954
8.41 0.112282 0.127453 0.322908
8.42 0.108484 0.120904 0.341368
8.43 0.104535 0.114318 0.35848
8.44 0.100442 0.10772 0.37404
8.45 0.0962117 0.101132 0.388086
8.46 0.0918497 0.094576 0.400669
8.47 0.0873636 0.0880724 0.412433
8.48 0.0827603 0.0816419 0.42373
8.49 0.0780471 0.0753041 0.43426
8.5 0.0732311 0.0690781 0.443558
8.51 0.0683197 0.0629823 0.451881
8.52 0.0633205 0.0570343 0.460358
8.53 0.058241 0.0512511 0.468748
8.54 0.0530889 0.0456494 0.476008
8.55 0.0478717 0.0402452 0.482207
8.56 0.0425973 0.0350531 0.486953
8.57 0.0372733 0.0300866 0.489479
8.58 0.0319076 0.0253575 0.490299
8.59 0.026508 0.0208763 0.490303
8.6 0.0210821 0.0166522 0.489799
8.61 0.0156379 0.0126939 0.488511
8.62 0.010183 0.00900871 0.485672
8.63 0.00472513 0.00560272 0.481203
8.64 -0.000728037 0.00248062 0.47581
8.65 -0.00616892 -0.00035413 0.469482
8.66 -0.01159 -0.00289925 0.461729
8.67 -0.0169838 -0.0051538 0.452524
8.68 -0.0223429 -0.00711822 0.442282
8.69 -0.0276601 -0.0087941 0.431653
8.7 -0.0329283 -0.0101838 0.421114
8.71 -0.0381403 -0.0112904 0.410616
8.72 -0.0432892 -0.0121175 0.399779
8.73 -0.0483683 -0.0126693 0.38808
8.74 -0.0533709 -0.0129513 0.375056
8.75 -0.0582905 -0.0129701 0.360875
8.76 -0.0631207 -0.0127335 0.346272
8.77 -0.0678553 -0.0122501 0.331769
8.78 -0.0724883 -0.0115288 0.317362
8.79 -0.0770138 -0.0105792 0.302605
8.8 -0.0814262 -0.00941153 0.286735
8.81 -0.0857199 -0.00803714 0.269379
8.82 -0.0898897 -0.00646847 0.250854
8.83 -0.0939305 -0.00471911 0.231539
8.84 -0.0978373 -0.00280349 0.211438
8.85 -0.101606 -0.00073691 0.190449
8.86 -0.105231 0.00146463 0.169142
8.87 -0.108708 0.00378469 0.14842
8.88 -0.112034 0.00620681 0.128412
8.89 -0.115205 0.00871465 0.108579
8.9 -0.118217 0.0112918 0.0885312
8.91 -0.121067 0.0139217 0.0686445
8.92 -0.123751 0.0165877 0.0494004
8.93 -0.126266 0.0192735 0.0302103
8.94 -0.128611 0.0219623 0.0101872
8.95 -0.130781 0.0246375 -0.0105434
8.96 -0.132776 0.0272816 -0.0315427
8.97 -0.134593 0.0298772 -0.0528473
8.98 -0.136229 0.0324066 -0.0745858
8.99 -0.137685 0.0348523 -0.0967762
9 -0.138958 0.0371963 -0.118862
9.01 -0.140047 0.0394211 -0.140387
9.02 -0.140951 0.0415097 -0.161242
9.03 -0.141669 0.0434455 -0.181378
9.04 -0.142202 0.0452127 -0.201484
9.05 -0.142549 0.0467959 -0.221665
9.06 -0.14271 0.0481798 -0.241483
9.07 -0.142686 0.04935 -0.261012
9.08 -0.142475 0.0502924 -0.280027
9.09 -0.142081 0.0509937 -0.298205
9.1 -0.141502 0.0514415 -0.315425
9.11 -0.140741 0.0516246 -0.331733
9.12 -0.139798 0.0515324 -0.347346
9.13 -0.138676 0.0511557 -0.362437
9.14 -0.137375 0.0504857 -0.376998
9.15 -0.135898 0.0495148 -0.390819
9.16 -0.134247 0.0482361 -0.404165
9.17 -0.132424 0.0466439 -0.417154
9.18 -0.130432 0.044733 -0.429168
9.19 -0.128273 0.0424995 -0.440125
9.2 -0.125949 0.0399406 -0.45038
9.21 -0.123465 0.0370547 -0.459959
9.22 -0.120824 0.033841 -0.46914
9.23 -0.118028 0.0302996 -0.478462
9.24 -0.115081 0.0264311 -0.4877
9.25 -0.111986 0.0222369 -0.49644
9.26 -0.108749 0.0177193 -0.504481
9.27 -0.105372 0.0128816 -0.511446
9.28 -0.101859 0.00772812 -0.517587
9.29 -0.0982161 0.00226451 -0.522975
9.3 -0.094446 -0.00350267 -0.527195
9.31 -0.0905538 -0.00956559 -0.530181
9.32 -0.0865441 -0.0159151 -0.531852
9.33 -0.0824216 -0.022541 -0.532541
9.34 -0.0781912 -0.0294316 -0.532712
9.35 -0.0738579 -0.0365748 -0.532501
9.36 -0.0694268 -0.0439576 -0.531913
9.37 -0.064903 -0.0515661 -0.530072
9.38 -0.0602918 -0.0593855 -0.526407
9.39 -0.0555986 -0.0673995 -0.521361
9.4 -0.0508288 -0.0755906 -0.514908
9.41 -0.045988 -0.0839403 -0.507396
9.42 -0.0410818 -0.0924291 -0.499522
9.43 -0.0361157 -0.101037 -0.490794
9.44 -0.0310956 -0.109743 -0.480396
9.45 -0.0260273 -0.118525 -0.4683
9.46 -0.0209165 -0.12736 -0.455005
9.47 -0.0157692 -0.136224 -0.440538
9.48 -0.0105913 -0.145093 -0.424836
9.49 -0.0053887 -0.153941 -0.408139
9.5 -0.000167508 -0.162743 -0.390394
9.51 0.00506629 -0.171471 -0.371424
9.52 0.0103066 -0.1801 -0.351124
9.53 0.0155475 -0.1886 -0.329786
9.54 0.0207827 -0.196945 -0.307741
9.55 0.0260061 -0.205106 -0.285217
9.56 0.0312118 -0.213055 -0.262899
9.57 0.0363936 -0.220765 -0.241004
9.58 0.0415453 -0.228209 -0.218427
9.59 0.046661 -0.235359 -0.194709
9.6 0.0517345 -0.24219 -0.170885
9.61 0.0567598 -0.248674 -0.147727
9.62 0.0617308 -0.254788 -0.124952
9.63 0.0666416 -0.260505 -0.102058
9.64 0.0714862 -0.265803 -0.0793291
9.65 0.0762586 -0.270659 -0.0572397
9.66 0.0809531 -0.275051 -0.0354396
9.67 0.0855638 -0.278959 -0.0130585
9.68 0.0900849 -0.282362 0.00985583
9.69 0.0945107 -0.285242 0.0324327
9.7 0.0988356 -0.287579 0.054252
9.71 0.103054 -0.289359 0.0749472
9.72 0.107161 -0.290565 0.094332
9.73 0.11115 -0.291185 0.112925
9.74 0.115016 -0.291206 0.130517
9.75 0.118755 -0.290619 0.14679
9.76 0.122361 -0.289417 0.162649
9.77 0.125829 -0.287592 0.178517
9.78 0.129154 -0.285139 0.1938
9.79 0.132332 -0.282054 0.207931
9.8 0.135357 -0.278336 0.221137
9.81 0.138226 -0.273983 0.234262
9.82 0.140934 -0.268997 0.247054
9.83 0.143477 -0.263381 0.258601
9.84 0.145851 -0.257138 0.268825
9.85 0.148052 -0.250274 0.2778
9.86 0.150076 -0.242798 0.285822
9.87 0.151919 -0.23472 0.293291
9.88 0.153579 -0.22605 0.300115
9.89 0.155053 -0.216801 0.306322
9.9 0.156337 -0.206988 0.31212
9.91 0.157428 -0.196625 0.317234
9.92 0.158324 -0.185729 0.321156
9.93 0.159023 -0.17432 0.324043
9.94 0.159522 -0.162416 0.326217
9.95 0.15982 -0.15004 0.327268
9.96 0.159915 -0.137213 0.326846
9.97 0.159805 -0.123962 0.325638
9.98 0.15949 -0.110311 0.324106
9.99 0.158968 -0.0962865 0.321782
10 0.158238 -0.0819173 0.318401
10.01 0.157301 -0.0672321 0.314018
10.02 0.156155 -0.0522612 0.308065
10.03 0.154802 -0.0370364 0.299586
10.04 0.153241 -0.0215912 0.288791
10.05 0.151473 -0.00596076 0.276563
10.06 0.149498 0.00981846 0.26371
10.07 0.147319 0.0257095 0.250633
10.08 0.144935 0.0416749 0.23688
10.09 0.14235 0.0576766 0.222146
10.1 0.139565 0.0736763 0.206419
10.11 0.136582 0.0896349 0.189845
10.12 0.133404 0.105513 0.172381
10.13 0.130034 0.121271 0.154125
10.14 0.126474 0.136869 0.13593
10.15 0.122729 0.152267 0.11811
10.16 0.118801 0.167427 0.100242
10.17 0.114696 0.182309 0.0820451
10.18 0.110417 0.196877 0.0634529
10.19 0.105968 0.211092 0.0439662
10.2 0.101355 0.224916 0.0232934
10.21 0.096583 0.238313 0.00170082
10.22 0.0916569 0.251245 -0.0207494
10.23 0.0865826 0.263675 -0.0432378
10.24 0.0813661 0.275569 -0.0649235
10.25 0.0760136 0.286891 -0.0860113
10.26 0.0705315 0.297609 -0.10668
10.27 0.0649265 0.307692 -0.126863
10.28 0.0592057 0.31711 -0.146387
10.29 0.0533762 0.325835 -0.164868
10.3 0.0474454 0.33384 -0.182496
10.31 0.0414211 0.341102 -0.199434
10.32 0.0353112 0.347599 -0.21489
10.33 0.0291237 0.353309 -0.228852
10.34 0.0228669 0.358217 -0.242108
10.35 0.0165492 0.362304 -0.255326
10.36 0.0101795 0.365558 -0.268908
10.37 0.00376642 0.367967 -0.28217
10.38 -0.002681 0.369518 -0.294479
10.39 -0.00915365 0.370203 -0.305916
10.4 -0.0156423 0.370017 -0.31701
10.41 -0.0221375 0.368953 -0.328388
10.42 -0.0286299 0.367009 -0.339574
10.43 -0.0351098 0.364184 -0.349799
10.44 -0.0415678 0.360478 -0.358597
10.45 -0.047994 0.355894 -0.365412
10.46 -0.0543787 0.35044 -0.369893
10.47 -0.0607121 0.344125 -0.372373
10.48 -0.0669846 0.336959 -0.373741
10.49 -0.0731862 0.328957 -0.374959
10.5 -0.0793073 0.320136 -0.375991
10.51 -0.085338 0.310512 -0.375262
10.52 -0.0912688 0.300106 -0.372272
10.53 -0.09709 0.288941 -0.367976
10.54 -0.102792 0.277042 -0.362982
10.55 -0.108366 0.264435 -0.356918
10.56 -0.113801 0.251149 -0.348891
10.57 -0.11909 0.237216 -0.339483
10.58 -0.124223 0.222669 -0.330081
10.59 -0.12919 0.207541 -0.320893
10.6 -0.133985 0.191868 -0.311673
10.61 -0.138597 0.175686 -0.302258
10.62 -0.143019 0.159033 -0.292425
10.63 -0.147242 0.141946 -0.282388
10.64 -0.15126 0.124465 -0.272106
10.65 -0.155064 0.106631 -0.261218
10.66 -0.158648 0.0884827 -0.249881
10.67 -0.162004 0.0700635 -0.238213
10.68 -0.165127 0.0514154 -0.226392
10.69 -0.168008 0.0325812 -0.214722
10.7 -0.170644 0.0136039 -0.203412
10.71 -0.173028 -0.00547341 -0.192459
10.72 -0.175155 -0.0246077 -0.181062
10.73 -0.17702 -0.0437556 -0.168833
10.74 -0.178619 -0.0628735 -0.156535
10.75 -0.179948 -0.081918 -0.14448
10.76 -0.181004 -0.100846 -0.131568
10.77 -0.181782 -0.119613 -0.117262
10.78 -0.182281 -0.138176 -0.103048
10.79 -0.182499 -0.156492 -0.089851
10.8 -0.182432 -0.174518 -0.0768311
10.81 -0.182081 -0.192214 -0.0631481
10.82 -0.181444 -0.209536 -0.048555
10.83 -0.180521 -0.226446 -0.0330694
10.84 -0.179311 -0.242902 -0.0167389
10.85 -0.177815 -0.258864 0.000385452
10.86 -0.176035 -0.274292 0.0176432
10.87 -0.173972 -0.289149 0.0342904
10.88 -0.171627 -0.303396 0.0502529
10.89 -0.169004 -0.316999 0.0652181
10.9 -0.166104 -0.329925 0.0789883
10.91 -0.162932 -0.342141 0.0917871
10.92 -0.159491 -0.353619 0.103887
10.93 -0.155787 -0.36433 0.115757
10.94 -0.151822 -0.374249 0.127764
10.95 -0.147604 -0.383351 0.139492
10.96 -0.143137 -0.391614 0.150046
10.97 -0.138428 -0.399018 0.159268
10.98 -0.133484 -0.405544 0.167353
10.99 -0.128312 -0.411178 0.174283
11 -0.122918 -0.415906 0.18002
11.01 -0.117312 -0.419717 0.184661
11.02 -0.111501 -0.422605 0.188237
11.03 -0.105495 -0.424562 0.190701
11.04 -0.0993019 -0.425587 0.192198
11.05 -0.0929317 -0.425677 0.192609
11.06 -0.0863942 -0.424836 0.191978
11.07 -0.0796996 -0.423066 0.190451
11.08 -0.0728584 -0.420374 0.187673
11.09 -0.0658814 -0.41677 0.183796
11.1 -0.0587795 -0.412264 0.179323
11.11 -0.0515643 -0.40687 0.174487
11.12 -0.0442472 -0.400603 0.169123
11.13 -0.03684 -0.393481 0.162786
11.14 -0.0293548 -0.385522 0.156036
11.15 -0.0218038 -0.376749 0.149674
11.16 -0.0141992 -0.367183 0.142705
11.17 -0.00655356 -0.35685 0.133996
11.18 0.00112048 -0.345776 0.124256
11.19 0.00881025 -0.33399 0.113956
11.2 0.016503 -0.321523 0.102285
11.21 0.0241859 -0.308409 0.0889322
11.22 0.031846 -0.29468 0.0741823
11.23 0.0394706 -0.280375 0.0580312
11.24 0.0470469 -0.265532 0.0411199
11.25 0.054562 -0.250191 0.0242597
11.26 0.0620032 -0.234394 0.00737701
11.27 0.0693579 -0.218181 -0.00954786
11.28 0.0766137 -0.201596 -0.0266762
11.29 0.0837582 -0.184682 -0.0443586
11.3 0.0907791 -0.167484 -0.0624086
11.31 0.0976645 -0.150046 -0.0799949
11.32 0.104403 -0.132413 -0.0969062
11.33 0.110982 -0.11463 -0.113875
11.34 0.117391 -0.0967435 -0.131105
11.35 0.123619 -0.0787979 -0.148432
11.36 0.129654 -0.060839 -0.165501
11.37 0.135488 -0.0429121 -0.182032
11.38 0.141109 -0.0250622 -0.197923
11.39 0.146508 -0.00733356 -0.213227
11.4 0.151675 0.0102301 -0.228247
11.41 0.156602 0.0275857 -0.242691
11.42 0.16128 0.0446911 -0.256558
11.43 0.165701 0.0615049 -0.270098
11.44 0.169857 0.0779867 -0.282838
11.45 0.173741 0.0940972 -0.294497
11.46 0.177346 0.109799 -0.305302
11.47 0.180667 0.125054 -0.315552
11.48 0.183697 0.139829 -0.32496
11.49 0.186431 0.15409 -0.333087
11.5 0.188864 0.167804 -0.34025
11.51 0.190993 0.180942 -0.346681
11.52 0.192813 0.193476 -0.352128
11.53 0.194322 0.205377 -0.356693
11.54 0.195516 0.216622 -0.360512
11.55 0.196395 0.227188 -0.363154
11.56 0.196956 0.237054 -0.364342
11.57 0.197199 0.2462 -0.36456
11.58 0.197123 0.254611 -0.364638
11.59 0.196728 0.262271 -0.36422
11.6 0.196016 0.269167 -0.362604
11.61 0.194987 0.275288 -0.36012
11.62 0.193645 0.280624 -0.35661
11.63 0.19199 0.285171 -0.351677
11.64 0.190027 0.288922 -0.345638
11.65 0.187758 0.291876 -0.339066
11.66 0.185188 0.294033 -0.332047
11.67 0.182322 0.295394 -0.324607
11.68 0.179164 0.295962 -0.316924
11.69 0.175721 0.295744 -0.308148
11.7 0.171998 0.294747 -0.297531
11.71 0.168003 0.29298 -0.285368
11.72 0.163742 0.290457 -0.272187
11.73 0.159222 0.287191 -0.258189
11.74 0.154453 0.2832 -0.243332
11.75 0.149442 0.278501 -0.227876
11.76 0.144198 0.273115 -0.211615
11.77 0.138731 0.267064 -0.193813
11.78 0.13305 0.260373 -0.174015
11.79 0.127164 0.253068 -0.152392
11.8 0.121086 0.245178 -0.129875
11.81 0.114824 0.236733 -0.10721
11.82 0.108391 0.227765 -0.0845325
11.83 0.101797 0.218307 -0.0618291
11.84 0.0950535 0.208393 -0.038938
11.85 0.0881725 0.198058 -0.0156795
11.86 0.081166 0.187337 0.00762351
11.87 0.0740459 0.176266 0.0306701
11.88 0.0668245 0.164883 0.0536394
11.89 0.0595142 0.153225 0.0762628
11.9 0.0521275 0.141329 0.0982797
11.91 0.044677 0.129235 0.120456
11.92 0.0371754 0.11698 0.143358
11.93 0.0296354 0.104604 0.166188
11.94 0.0220698 0.0921442 0.188055
11.95 0.0144911 0.079641 0.209095
11.96 0.0069122 0.0671322 0.229473
11.97 -0.000654357 0.0546556 0.249024
11.98 -0.00819597 0.0422486 0.267785
11.99 -0.0157002 0.0299478 0.28563
12 -0.0231547 0.0177888 0.302461
12.01 -0.0305472 0.00580673 0.318619
12.02 -0.0378657 -0.00596439 0.334121
12.03 -0.0450984 -0.0174914 0.348656
12.04 -0.0522336 -0.0287421 0.362089
12.05 -0.0592599 -0.0396857 0.374836
12.06 -0.0661661 -0.0502922 0.387523
12.07 -0.0729413 -0.0605326 0.399874
12.08 -0.079575 -0.0703788 0.411241
12.09 -0.0860567 -0.0798043 0.421568
12.1 -0.0923765 -0.0887839 0.430552
12.11 -0.0985247 -0.0972942 0.437596
12.12 -0.104492 -0.105314 0.442582
12.13 -0.110269 -0.112824 0.445804
12.14 -0.115849 -0.119807 0.447484
12.15 -0.121221 -0.126249 0.447396
12.16 -0.126379 -0.132136 0.445782
12.17 -0.131316 -0.137457 0.443113
12.18 -0.136024 -0.142204 0.439325
12.19 -0.140496 -0.14637 0.434036
12.2 -0.144728 -0.149949 0.427421
12.21 -0.148713 -0.152938 0.419578
12.22 -0.152446 -0.155337 0.409986
12.23 -0.155922 -0.157146 0.399352
12.24 -0.159138 -0.158368 0.388206
12.25 -0.162089 -0.159008 0.375836
12.26 -0.164773 -0.159072 0.362215
12.27 -0.167186 -0.158568 0.34794
12.28 -0.169326 -0.157506 0.333461
12.29 -0.171192 -0.155897 0.318904
12.3 -0.172781 -0.153753 0.304249
12.31 -0.174094 -0.151088 0.289798
12.32 -0.175129 -0.147916 0.275448
12.33 -0.175887 -0.144252 0.260182
12.34 -0.176369 -0.140114 0.24317
12.35 -0.176574 -0.135519 0.224544
12.36 -0.176506 -0.13049 0.204978
12.37 -0.176164 -0.125048 0.185021
12.38 -0.175553 -0.119216 0.165033
12.39 -0.174674 -0.113018 0.144914
12.4 -0.173531 -0.10648 0.123851
12.41 -0.172128 -0.0996269 0.102
12.42 -0.170467 -0.0924867 0.0803216
12.43 -0.168554 -0.0850869 0.0586954
12.44 -0.166394 -0.0774559 0.0374877
12.45 -0.163991 -0.0696219 0.0172623
12.46 -0.161351 -0.0616135 -0.00246544
12.47 -0.158479 -0.0534591 -0.0215113
12.48 -0.155383 -0.0451869 -0.0399015
12.49 -0.152067 -0.0368253 -0.0582612
12.5 -0.148539 -0.0284026 -0.0766261
12.51 -0.144807 -0.0199474 -0.095102
12.52 -0.140876 -0.0114882 -0.113488
12.53 -0.136755 -0.00305375 -0.131141
12.54 -0.132451 0.00532801 -0.147798
12.55 -0.127973 0.0136295 -0.16376
12.56 -0.123328 0.0218238 -0.179152
12.57 -0.118526 0.0298844 -0.193851
12.58 -0.113573 0.0377857 -0.208536
12.59 -0.10848 0.0455022 -0.223484
12.6 -0.103255 0.0530087 -0.237719
12.61 -0.0979065 0.060281 -0.250792
12.62 -0.0924441 0.0672957 -0.263347
12.63 -0.0868768 0.0740304 -0.275888
12.64 -0.0812138 0.0804632 -0.288046
12.65 -0.0754644 0.086573 -0.299459
12.66 -0.069638 0.0923399 -0.310568
12.67 -0.0637439 0.0977446 -0.321947
12.68 -0.0577914 0.102769 -0.333527
12.69 -0.0517899 0.107394 -0.34469
12.7 -0.0457488 0.111604 -0.355182
12.71 -0.0396773 0.115383 -0.365259
12.72 -0.0335848 0.118715 -0.375122
12.73 -0.0274803 0.121589 -0.384519
12.74 -0.0213731 0.12399 -0.392701
12.75 -0.015272 0.125909 -0.399129
12.76 -0.00918612 0.127337 -0.403828
12.77 -0.00312415 0.128267 -0.407405
12.78 0.00290523 0.128693 -0.41048
12.79 0.00889351 0.128613 -0.412906
12.8 0.0148323 0.128023 -0.414435
12.81 0.0207135 0.126922 -0.415126
12.82 0.0265289 0.125312 -0.41475
12.83 0.0322709 0.123194 -0.413676
12.84 0.0379317 0.120572 -0.412552
12.85 0.043504 0.117451 -0.410658
12.86 0.0489804 0.113837 -0.407913
12.87 0.0543541 0.109738 -0.404748
12.88 0.0596183 0.105162 -0.399778
12.89 0.0647664 0.100121 -0.391975
12.9 0.0697921 0.0946283 -0.381893
12.91 0.0746896 0.0886993 -0.370127
12.92 0.0794528 0.0823517 -0.3574
12.93 0.0840765 0.0756044 -0.344221
12.94 0.0885552 0.0684776 -0.330554
12.95 0.0928841 0.0609925 -0.316139
12.96 0.0970584 0.0531715 -0.300227
12.97 0.101074 0.0450386 -0.282696
12.98 0.104926 0.0366191 -0.264563
12.99 0.108611 0.0279394 -0.24649
13 0.112125 0.0190265 -0.227796
13.01 0.115465 0.00990835 -0.207975
13.02 0.118628 0.000613803 -0.18745
13.03 0.121612 -0.00882752 -0.166598
13.04 0.124412 -0.0183855 -0.145884
13.05 0.127029 -0.0280297 -0.125427
13.06 0.129458 -0.0377296 -0.10453
13.07 0.131699 -0.0474544 -0.0830061
13.08 0.133751 -0.0571728 -0.0617385
13.09 0.135611 -0.0668539 -0.0413922
13.1 0.13728 -0.076467 -0.0220872
13.11 0.138756 -0.0859824 -0.00393166
13.12 0.140039 -0.0953709 0.0130924
13.13 0.141129 -0.104604 0.0291311
13.14 0.142025 -0.113656 0.0450532
13.15 0.142729 -0.122497 0.061775
13.16 0.143241 -0.131103 0.0791687
13.17 0.143562 -0.139445 0.0968424
13.18 0.143692 -0.147497 0.114055
13.19 0.143633 -0.155233 0.129939
13.2 0.143386 -0.162629 0.144725
13.21 0.142952 -0.169662 0.159378
13.22 0.142335 -0.176308 0.174089
13.23 0.141535 -0.182547 0.188087
13.24 0.140556 -0.188358 0.201006
13.25 0.139399 -0.19372 0.213583
13.26 0.138066 -0.198617 0.226159
13.27 0.136562 -0.203031 0.238321
13.28 0.134888 -0.206946 0.250178
13.29 0.133048 -0.210346 0.262086
13.3 0.131045 -0.213218 0.273555
13.31 0.128883 -0.215549 0.284023
13.32 0.126564 -0.217327 0.294178
13.33 0.124093 -0.218543 0.304386
13.34 0.121474 -0.219187 0.31377
13.35 0.11871 -0.219252 0.321932
13.36 0.115806 -0.218733 0.329318
13.37 0.112765 -0.217625 0.336301
13.38 0.109592 -0.215926 0.343071
13.39 0.106291 -0.213634 0.349025
13.4 0.102868 -0.210749 0.353906
13.41 0.0993253 -0.207274 0.358471
13.42 0.095669 -0.20321 0.362581
13.43 0.0919034 -0.198564 0.366074
13.44 0.0880333 -0.19334 0.369235
13.45 0.0840637 -0.187546 0.371928
13.46 0.0799994 -0.181191 0.373878
13.47 0.0758455 -0.174285 0.374753
13.48 0.071607 -0.166839 0.374291
13.49 0.067289 -0.158868 0.372343
13.5 0.0628967 -0.150386 0.368594
13.51 0.0584353 -0.141412 0.363168
13.52 0.0539099 -0.131964 0.356749
13.53 0.0493259 -0.122064 0.349723
13.54 0.0446886 -0.111733 0.342556
13.55 0.0400032 -0.100995 0.33593
13.56 0.0352751 -0.089872 0.3296
13.57 0.0305096 -0.0783893 0.322387
13.58 0.0257121 -0.0665719 0.313709
13.59 0.0208881 -0.0544463 0.303351
13.6 0.0160427 -0.042041 0.290748
13.61 0.0111816 -0.029386 0.276231
13.62 0.00631 -0.0165129 0.260318
13.63 0.00143333 -0.00345456 0.243153
13.64 -0.00344303 0.00975502 0.225308
13.65 -0.0083137 0.0230812 0.206694
13.66 -0.0131733 0.0364885 0.186934
13.67 -0.0180165 0.0499408 0.166357
13.68 -0.022838 0.0634015 0.145239
13.69 -0.0276325 0.0768334 0.123838
13.7 -0.0323945 0.0901994 0.10226
13.71 -0.037119 0.103462 0.0801253
13.72 -0.0418006 0.116585 0.0576408
13.73 -0.0464341 0.12953 0.0354096
13.74 -0.0510143 0.142261 0.0135209
13.75 -0.0555361 0.154742 -0.00787146
13.76 -0.0599943 0.166937 -0.0285868
13.77 -0.0643839 0.178812 -0.0491783
13.78 -0.0686998 0.190334 -0.0699279
13.79 -0.072937 0.201469 -0.0900695
13.8 -0.0770906 0.212185 -0.109328
13.81 -0.0811556 0.222451 -0.128586
13.82 -0.0851273 0.232239 -0.148498
13.83 -0.0890008 0.241517 -0.16889
13.84 -0.0927715 0.250258 -0.189246
13.85 -0.0964346 0.258434 -0.208823
13.86 -0.0999856 0.26602 -0.227124
13.87 -0.10342 0.27299 -0.244247
13.88 -0.106733 0.279323 -0.260508
13.89 -0.109921 0.284998 -0.275975
13.9 -0.112979 0.289996 -0.290545
13.91 -0.115904 0.2943 -0.304216
13.92 -0.11869 0.297894 -0.317046
13.93 -0.121334 0.300766 -0.329552
13.94 -0.123833 0.302902 -0.342048
13.95 -0.126182 0.304294 -0.353869
13.96 -0.128378 0.304931 -0.364445
13.97 -0.130417 0.304809 -0.373824
13.98 -0.132296 0.303921 -0.38206
13.99 -0.134012 0.302266 -0.389288
14 -0.135561 0.299843 -0.396198
14.01 -0.136941 0.296653 -0.403403
14.02 -0.138148 0.2927 -0.410363
14.03 -0.139181 0.287987 -0.415809
14.04 -0.140036 0.282521 -0.419445
14.05 -0.140711 0.27631 -0.421944
14.06 -0.141205 0.269366 -0.423233
14.07 -0.141514 0.261702 -0.423247
14.08 -0.141638 0.253332 -0.422441
14.09 -0.141574 0.244273 -0.420337
14.1 -0.141322 0.234545 -0.416468
14.11 -0.14088 0.224168 -0.411283
14.12 -0.140246 0.213165 -0.405699
14.13 -0.139422 0.201562 -0.400163
14.14 -0.138405 0.189383 -0.394583
14.15 -0.137195 0.176654 -0.388841
14.16 -0.135793 0.163405 -0.382501
14.17 -0.134198 0.149663 -0.375367
14.18 -0.132411 0.135459 -0.367338
14.19 -0.130433 0.120824 -0.358282
14.2 -0.128264 0.105793 -0.348576
14.21 -0.125905 0.0903974 -0.338472
14.22 -0.123359 0.0746738 -0.327451
14.23 -0.120626 0.058658 -0.315272
14.24 -0.117709 0.0423871 -0.302267
14.25 -0.114609 0.0258991 -0.288566
14.26 -0.111329 0.00923295 -0.274108
14.27 -0.107873 -0.00757172 -0.258661
14.28 -0.104242 -0.0244745 -0.242116
14.29 -0.10044 -0.0414344 -0.224655
14.3 -0.0964712 -0.0584096 -0.206251
14.31 -0.0923387 -0.0753579 -0.187138
14.32 -0.0880469 -0.0922368 -0.167378
14.33 -0.0835999 -0.109004 -0.146734
14.34 -0.0790027 -0.125615 -0.125968
14.35 -0.0742599 -0.142029 -0.10557
14.36 -0.0693769 -0.158204 -0.085059
14.37 -0.064359 -0.174097 -0.0642369
14.38 -0.0592121 -0.189668 -0.0435432
14.39 -0.0539421 -0.204876 -0.0233092
14.4 -0.0485552 -0.219683 -0.0034259
14.41 -0.043058 -0.234048 0.0163576
14.42 -0.0374571 -0.247937 0.0362491
14.43 -0.0317597 -0.26131 0.0567746
14.44 -0.0259728 -0.274134 0.0788535
14.45 -0.020104 -0.286372 0.101982
14.46 -0.0141609 -0.297989 0.124696
14.47 -0.00815151 -0.308952 0.146997
14.48 -0.0020838 -0.319228 0.169412
14.49 0.00403389 -0.328788 0.192116
14.5 0.0101931 -0.3376 0.215138
14.51 0.0163851 -0.345638 0.237749
14.52 0.0226011 -0.352874 0.259478
14.53 0.0288322 -0.359284 0.280761
14.54 0.0350691 -0.364845 0.301494
14.55 0.0413027 -0.369538 0.320884
14.56 0.0475235 -0.373343 0.338844
14.57 0.053722 -0.376245 0.356322
14.58 0.0598887 -0.378231 0.373877
14.59 0.066014 -0.379288 0.390831
14.6 0.072088 -0.379408 0.40633
14.61 0.0781009 -0.378582 0.420447
14.62 0.084043 -0.376807 0.433297
14.63 0.0899045 -0.37408 0.444473
14.64 0.0956754 -0.370402 0.454302
14.65 0.101346 -0.365777 0.463098
14.66 0.106906 -0.360211 0.470474
14.67 0.112347 -0.353712 0.476195
14.68 0.117658 -0.346291 0.480251
14.69 0.12283 -0.337963 0.482551
14.7 0.127853 -0.328743 0.482915
14.71 0.132718 -0.318652 0.481537
14.72 0.137415 -0.307711 0.478994
14.73 0.141936 -0.295944 0.475311
14.74 0.146272 -0.283379 0.46997
14.75 0.150413 -0.270044 0.463049
14.76 0.154352 -0.255971 0.454902
14.77 0.15808 -0.241192 0.445761
14.78 0.161588 -0.225744 0.435611
14.79 0.16487 -0.209663 0.424129
14.8 0.167917 -0.192988 0.411504
14.81 0.170723 -0.175759 0.398619
14.82 0.17328 -0.15802 0.385906
14.83 0.175582 -0.139811 0.372509
14.84 0.177623 -0.121178 0.358118
14.85 0.179396 -0.102164 0.343637
14.86 0.180897 -0.082817 0.328937
14.87 0.18212 -0.0631821 0.313121
14.88 0.183061 -0.0433072 0.296236
14.89 0.183715 -0.0232409 0.27864
14.9 0.184078 -0.00303234 0.260574
14.91 0.184147 0.0172688 0.242186
14.92 0.18392 0.0376127 0.223595
14.93 0.183393 0.0579492 0.204919
14.94 0.182565 0.0782284 0.185763
14.95 0.181435 0.0984003 0.165532
14.96 0.180001 0.118414 0.143762
14.97 0.178263 0.13822 0.12108
14.98 0.176221 0.157766 0.0986709
14.99 0.173876 0.177003 0.0768835
15 0.171228 0.195882 0.0555337
15.01 0.16828 0.214355 0.0346112
15.02 0.165033 0.232375 0.0146122
15.03 0.161491 0.249897 -0.00435024
15.04 0.157657 0.266877 -0.0232033
15.05 0.153534 0.283273 -0.0424398
15.06 0.149127 0.299044 -0.061487
15.07 0.144441 0.314149 -0.0801564
15.08 0.13948 0.32855 -0.0986151
15.09 0.134252 0.342211 -0.116598
15.1 0.128763 0.355097 -0.133763
15.11 0.123019 0.367174 -0.149913
15.12 0.117028 0.378412 -0.164874
15.13 0.110799 0.388783 -0.179029
15.14 0.104339 0.398261 -0.192975
15.15 0.0976576 0.406822 -0.206775
15.16 0.0907646 0.414442 -0.220109
15.17 0.0836696 0.421103 -0.232865
15.18 0.0763832 0.426787 -0.245504
15.19 0.068916 0.431477 -0.258376
15.2 0.0612792 0.435161 -0.271107
15.21 0.0534846 0.437825 -0.283149
15.22 0.0455441 0.43946 -0.294371
15.23 0.03747 0.440061 -0.304878
15.24 0.0292751 0.439621 -0.314118
15.25 0.0209724 0.43814 -0.321418
15.26 0.0125752 0.435619 -0.326945
15.27 0.00409708 0.432062 -0.331086
15.28 -0.00444802 0.427477 -0.33403
15.29 -0.013046 0.421874 -0.335862
15.3 -0.0216826 0.415266 -0.336852
15.31 -0.0303433 0.407666 -0.337297
15.32 -0.0390135 0.399094 -0.337327
15.33 -0.0476783 0.389567 -0.33694
15.34 -0.0563229 0.379109 -0.335843
15.35 -0.0649323 0.367741 -0.333397
15.36 -0.0734915 0.355492 -0.329522
15.37 -0.0819853 0.342389 -0.324358
15.38 -0.0903988 0.328463 -0.317696
15.39 -0.0987169 0.313749 -0.309691
15.4 -0.106925 0.298281 -0.300306
15.41 -0.115007 0.282098 -0.289638
15.42 -0.12295 0.265239 -0.277985
15.43 -0.130738 0.247748 -0.265416
15.44 -0.138356 0.229666 -0.252046
15.45 -0.145792 0.21104 -0.237092
15.46 -0.15303 0.191916 -0.219922
15.47 -0.160057 0.172344 -0.201715
15.48 -0.166859 0.152374 -0.183497
15.49 -0.173423 0.132057 -0.165209
15.5 -0.179737 0.111446 -0.14707
15.51 -0.185788 0.0905913 -0.129707
15.52 -0.191563 0.0695465 -0.113414
15.53 -0.197052 0.048363 -0.0978635
15.54 -0.202242 0.0270924 -0.0826825
15.55 -0.207124 0.00578608 -0.0674372
15.56 -0.211686 -0.0155045 -0.0520994
15.57 -0.21592 -0.0367282 -0.0371941
15.58 -0.219815 -0.0578343 -0.0225277
15.59 -0.223364 -0.0787724 -0.00796363
15.6 -0.226557 -0.0994929 0.00627013
15.61 -0.229389 -0.119947 0.0200788
15.62 -0.23185 -0.140086 0.0334513
15.63 -0.233937 -0.159862 0.0470151
15.64 -0.235642 -0.179231 0.0612221
15.65 -0.23696 -0.198145 0.0752723
15.66 -0.237888 -0.21656 0.0879907
15.67 -0.238422 -0.234433 0.0996218
15.68 -0.238558 -0.251723 0.110591
15.69 -0.238295 -0.26839 0.120709
15.7 -0.237631 -0.284397 0.13083
15.71 -0.236565 -0.299707 0.141324
15.72 -0.235096 -0.314286 0.15179
15.73 -0.233226 -0.328099 0.162257
15.74 -0.230956 -0.341116 0.172655
15.75 -0.228287 -0.353306 0.182721
15.76 -0.225223 -0.36464 0.192142
15.77 -0.221766 -0.375093 0.20091
15.78 -0.217922 -0.38464 0.209446
15.79 -0.213694 -0.39326 0.217958
15.8 -0.209089 -0.400932 0.226303
15.81 -0.204112 -0.40764 0.23432
15.82 -0.198771 -0.413365 0.241609
15.83 -0.193073 -0.418096 0.248204
15.84 -0.187027 -0.421822 0.25437
15.85 -0.180641 -0.424533 0.259991
15.86 -0.173925 -0.426223 0.265268
15.87 -0.16689 -0.426888 0.270486
15.88 -0.159546 -0.426525 0.275509
15.89 -0.151904 -0.425136 0.280147
15.9 -0.143976 -0.422722 0.284195
15.91 -0.135776 -0.419289 0.287084
15.92 -0.127316 -0.414843 0.288605
15.93 -0.118609 -0.409395 0.288765
15.94 -0.10967 -0.402959 0.287383
15.95 -0.100514 -0.395549 0.284736
15.96 -0.0911543 -0.387185 0.281539
15.97 -0.0816077 -0.377887 0.278017
15.98 -0.0718894 -0.367678 0.273656
15.99 -0.0620157 -0.356584 0.268296
16 -0.0520029 -0.344631 0.262317
16.01 -0.0418679 -0.331849 0.255803
16.02 -0.0316276 -0.31827 0.248596
16.03 -0.0212993 -0.303926 0.240622
16.04 -0.0109005 -0.288853 0.231683
16.05 -0.000448756 -0.273088 0.222207
16.06 0.0100381 -0.256669 0.212676
16.07 0.0205421 -0.239638 0.202851
16.08 0.0310453 -0.222035 0.192714
16.09 0.0415297 -0.203902 0.182248
16.1 0.0519773 -0.185285 0.170759
16.11 0.06237 -0.166228 0.157806
16.12 0.0726899 -0.146778 0.143994
16.13 0.0829191 -0.126983 0.129216
16.14 0.0930398 -0.106894 0.112682
16.15 0.103034 -0.0865605 0.094811
16.16 0.112885 -0.0660349 0.07655
16.17 0.122576 -0.0453699 0.0585365
16.18 0.132088 -0.0246182 0.0407876
16.19 0.141407 -0.00383259 0.0227279
16.2 0.150514 0.0169341 0.00445418
16.21 0.159395 0.037629 -0.0134114
16.22 0.168033 0.0581998 -0.0309648
16.23 0.176413 0.0785945 -0.0486148
16.24 0.184521 0.0987616 -0.0659135
16.25 0.192342 0.11865 -0.0821027
16.26 0.199863 0.138212 -0.0969765
16.27 0.207069 0.157397 -0.110463
16.28 0.213948 0.17616 -0.122846
16.29 0.220488 0.194457 -0.134704
16.3 0.226677 0.212242 -0.146222
16.31 0.232504 0.229476 -0.157274
16.32 0.237958 0.246116 -0.167392
16.33 0.24303 0.262124 -0.175789
16.34 0.24771 0.277463 -0.182397
16.35 0.251991 0.292099 -0.187862
16.36 0.255864 0.306001 -0.192338
16.37 0.259322 0.319138 -0.195942
16.38 0.262358 0.331482 -0.199105
16.39 0.264968 0.343007 -0.202257
16.4 0.267147 0.35369 -0.205869
16.41 0.268889 0.363508 -0.209473
16.42 0.270193 0.372439 -0.21233
16.43 0.271054 0.380464 -0.214464
16.44 0.271472 0.387569 -0.215834
16.45 0.271445 0.393738 -0.216608
16.46 0.270973 0.398959 -0.217337
16.47 0.270057 0.403223 -0.218309
16.48 0.268697 0.406522 -0.218958
16.49 0.266896 0.408849 -0.218257
16.5 0.264656 0.410201 -0.215571
16.51 0.261981 0.41058 -0.210737
16.52 0.258876 0.409987 -0.204325
16.53 0.255345 0.408428 -0.196987
16.54 0.251393 0.405913 -0.188826
16.55 0.247029 0.402453 -0.179828
16.56 0.242257 0.398059 -0.170348
16.57 0.237088 0.392749 -0.160675
16.58 0.231528 0.386539 -0.150699
16.59 0.225588 0.379449 -0.140893
16.6 0.219277 0.3715 -0.131316
16.61 0.212605 0.362715 -0.1208
16.62 0.205584 0.353118 -0.108914
16.63 0.198226 0.342738 -0.0966779
16.64 0.190542 0.331602 -0.0849115
16.65 0.182545 0.319742 -0.0732414
16.66 0.174249 0.307189 -0.0607301
16.67 0.165668 0.293976 -0.0466628
16.68 0.156815 0.28014 -0.0314097
16.69 0.147705 0.265718 -0.0159427
16.7 0.138353 0.250749 -0.000622333
16.71 0.128776 0.235273 0.0145188
16.72 0.118988 0.21933 0.0291644
16.73 0.109006 0.202963 0.0434777
16.74 0.098847 0.186213 0.0577871
16.75 0.0885265 0.169124 0.0723767
16.76 0.0780621 0.151738 0.0880298
16.77 0.0674709 0.134101 0.104516
16.78 0.0567703 0.116259 0.120876
16.79 0.0459777 0.0982578 0.137102
16.8 0.0351108 0.0801434 0.153631
16.81 0.0241872 0.0619629 0.170604
16.82 0.0132248 0.0437634 0.187816
16.83 0.0022412 0.0255919 0.205025
16.84 -0.00874571 0.00749581 0.2221
16.85 -0.0197182 -0.0104782 0.238521
16.86 -0.0306588 -0.0282837 0.254112
16.87 -0.0415497 -0.0458755 0.268753
16.88 -0.0523737 -0.0632092 0.281955
16.89 -0.0631134 -0.0802418 0.293838
16.9 -0.0737518 -0.0969314 0.305353
16.91 -0.0842721 -0.113237 0.316877
16.92 -0.0946577 -0.12912 0.327699
16.93 -0.104892 -0.144541 0.337899
16.94 -0.11496 -0.159462 0.347426
16.95 -0.124844 -0.173848 0.355584
16.96 -0.134531 -0.187665 0.362476
16.97 -0.144004 -0.200881 0.368582
16.98 -0.15325 -0.213465 0.374227
16.99 -0.162254 -0.225388 0.379678
17 -0.171003 -0.236623 0.384753
17.01 -0.179483 -0.247145 0.388853
17.02 -0.187682 -0.256929 0.391799
17.03 -0.195587 -0.265953 0.393831
17.04 -0.203187 -0.274199 0.394616
17.05 -0.210471 -0.281649 0.394242
17.06 -0.217427 -0.288288 0.393722
17.07 -0.224047 -0.294103 0.393382
17.08 -0.23032 -0.299081 0.392624
17.09 -0.236238 -0.303214 0.390235
17.1 -0.241792 -0.306494 0.38611
17.11 -0.246975 -0.308917 0.381073
17.12 -0.25178 -0.31048 0.375186
17.13 -0.2562 -0.311184 0.368131
17.14 -0.26023 -0.311031 0.359635
17.15 -0.263865 -0.310027 0.349626
17.16 -0.267101 -0.308178 0.338162
17.17 -0.269933 -0.305495 0.325798
17.18 -0.272359 -0.30199 0.313167
17.19 -0.274376 -0.297678 0.3005
17.2 -0.275982 -0.292574 0.287595
17.21 -0.277176 -0.286696 0.274158
17.22 -0.277959 -0.280063 0.259922
17.23 -0.278329 -0.272696 0.24418
17.24 -0.278289 -0.264621 0.226593
17.25 -0.277838 -0.255861 0.207429
17.26 -0.276981 -0.246447 0.187898
17.27 -0.275718 -0.236408 0.169275
17.28 -0.274054 -0.225774 0.151148
17.29 -0.271993 -0.214578 0.132463
17.3 -0.269538 -0.202853 0.112432
17.31 -0.266696 -0.190633 0.090996
17.32 -0.263471 -0.177956 0.0691381
17.33 -0.259871 -0.164858 0.0471203
17.34 -0.255902 -0.15138 0.0246591
17.35 -0.251571 -0.137561 0.0030917
17.36 -0.246885 -0.12344 -0.0159457
17.37 -0.241855 -0.109058 -0.0324544
17.38 -0.236487 -0.094451 -0.0473696
17.39 -0.230791 -0.0796585 -0.0619522
17.4 -0.224778 -0.064718 -0.0768708
17.41 -0.218457 -0.0496678 -0.0913564
17.42 -0.211838 -0.0345463 -0.104847
17.43 -0.204932 -0.0193915 -0.117999
17.44 -0.197752 -0.00424116 -0.131483
17.45 -0.190307 0.0108666 -0.145005
17.46 -0.182611 0.0258939 -0.157962
17.47 -0.174675 0.0408032 -0.170772
17.48 -0.166511 0.0555574 -0.183549
17.49 -0.158133 0.0701195 -0.195465
17.5 -0.149554 0.0844537 -0.206484
17.51 -0.140786 0.0985248 -0.216865
17.52 -0.131843 0.112299 -0.226184
17.53 -0.122738 0.125743 -0.234184
17.54 -0.113486 0.138825 -0.240924
17.55 -0.104099 0.151515 -0.246532
17.56 -0.0945925 0.163785 -0.251381
17.57 -0.0849795 0.175607 -0.255624
17.58 -0.0752743 0.186954 -0.258681
17.59 -0.0654911 0.197803 -0.260084
17.6 -0.0556439 0.20813 -0.260171
17.61 -0.0457468 0.217915 -0.259138
17.62 -0.0358139 0.227139 -0.256767
17.63 -0.0258594 0.235783 -0.253073
17.64 -0.015897 0.243834 -0.248282
17.65 -0.00594089 0.251276 -0.242836
17.66 0.00399527 0.258099 -0.236876
17.67 0.0138977 0.264291 -0.229872
17.68 0.023753 0.269844 -0.221974
17.69 0.0335475 0.274751 -0.213607
17.7 0.0432682 0.279007 -0.204225
17.71 0.0529018 0.282608 -0.193592
17.72 0.0624356 0.285551 -0.182106
17.73 0.0718569 0.287839 -0.169626
17.74 0.0811533 0.289472 -0.156113
17.75 0.0903125 0.290455 -0.142063
17.76 0.0993227 0.290793 -0.127712
17.77 0.108172 0.290494 -0.112676
17.78 0.11685 0.289565 -0.096466
17.79 0.125344 0.288017 -0.0791263
17.8 0.133645 0.285863 -0.0610451
17.81 0.141741 0.283116 -0.0424319
17.82 0.149623 0.279793 -0.0227848
17.83 0.15728 0.27591 -0.0017274
17.84 0.164704 0.271486 0.0201934
17.85 0.171885 0.266541 0.0422676
17.86 0.178814 0.261099 0.0643442
17.87 0.185484 0.25518 0.086455
17.88 0.191886 0.24881 0.10838
17.89 0.198013 0.242011 0.130557
17.9 0.203857 0.234811 0.153421
17.91 0.209412 0.227235 0.176531
17.92 0.21467 0.21931 0.199822
17.93 0.219628 0.211065 0.223658
17.94 0.224277 0.20253 0.248041
17.95 0.228614 0.193733 0.272575
17.96 0.232634 0.184707 0.296813
17.97 0.236332 0.175481 0.320597
17.98 0.239704 0.166086 0.344036
17.99 0.242747 0.156555 0.367408
18 0.245458 0.146918 0.390783
18.01 0.247834 0.137207 0.413761
18.02 0.249872 0.127453 0.436145
18.03 0.251571 0.117688 0.458048
18.04 0.252929 0.107943 0.47945
18.05 0.253946 0.0982477 0.500386
18.06 0.25462 0.0886337 0.520782
18.07 0.254951 0.0791304 0.54019
18.08 0.25494 0.0697667 0.558178
18.09 0.254587 0.0605706 0.573848
18.1 0.253893 0.0515683 0.586633
18.11 0.252859 0.0427842 0.597705
18.12 0.251488 0.0342414 0.60812
18.13 0.24978 0.0259618 0.618003
18.14 0.247739 0.0179667 0.627226
18.15 0.245368 0.0102764 0.635418
18.16 0.24267 0.00290984 0.642044
18.17 0.239648 -0.0041154 0.646783
18.18 0.236306 -0.0107834 0.649615
18.19 0.232649 -0.0170802 0.650491
18.2 0.228682 -0.0229935 0.649665
18.21 0.224409 -0.0285128 0.647399
18.22 0.219836 -0.033629 0.643815
18.23 0.214969 -0.0383348 0.63936
18.24 0.209814 -0.0426239 0.633743
18.25 0.204376 -0.046492 0.626032
18.26 0.198663 -0.0499363 0.616089
18.27 0.192682 -0.0529562 0.604042
18.28 0.18644 -0.0555531 0.590195
18.29 0.179945 -0.0577302 0.575255
18.3 0.173204 -0.0594922 0.55934
18.31 0.166225 -0.0608452 0.541837
18.32 0.159018 -0.0617969 0.522419
18.33 0.151591 -0.0623568 0.501673
18.34 0.143952 -0.0625359 0.480515
18.35 0.136112 -0.0623461 0.458872
18.36 0.128079 -0.0618005 0.435837
18.37 0.119863 -0.0609134 0.411195
18.38 0.111474 -0.0597009 0.385245
18.39 0.102923 -0.0581801 0.358021
18.4 0.0942189 -0.0563695 0.330175
18.41 0.0853734 -0.0542885 0.302026
18.42 0.0763968 -0.0519574 0.273016
18.43 0.0673002 -0.049397 0.243228
18.44 0.0580946 -0.0466292 0.213144
18.45 0.0487914 -0.0436764 0.182729
18.46 0.039402 -0.0405616 0.151501
18.47 0.0299379 -0.0373081 0.119918
18.48 0.020411 -0.0339401 0.0888558
18.49 0.0108331 -0.0304813 0.0580605
18.5 0.00121603 -0.0269558 0.0270957
18.51 -0.00842802 -0.0233874 -0.00374867
18.52 -0.0180869 -0.0198 -0.0341434
18.53 -0.0277485 -0.0162174 -0.0637768
18.54 -0.0374003 -0.0126626 -0.0925257
18.55 -0.0470301 -0.00915835 -0.120833
18.56 -0.0566255 -0.00572672 -0.149248
18.57 -0.066174 -0.00238977 -0.177917
18.58 -0.0756633 0.000830619 -0.206551
18.59 -0.0850808 0.00391284 -0.235044
18.6 -0.0944141 0.00683565 -0.263436
18.61 -0.103651 0.00957826 -0.291645
18.62 -0.112779 0.0121204 -0.319431
18.63 -0.121785 0.0144423 -0.346727
18.64 -0.130658 0.0165253 -0.373483
18.65 -0.139385 0.0183512 -0.399158
18.66 -0.147955 0.0199031 -0.423636
18.67 -0.156355 0.0211655 -0.447332
18.68 -0.164573 0.0221236 -0.46997
18.69 -0.172598 0.0227643 -0.490721
18.7 -0.180418 0.023076 -0.509389
18.71 -0.188023 0.0230488 -0.526586
18.72 -0.195399 0.0226746 -0.542614
18.73 -0.202538 0.0219465 -0.557151
18.74 -0.209428 0.0208594 -0.5698
18.75 -0.216058 0.0194097 -0.580964
18.76 -0.222418 0.0175955 -0.591589
18.77 -0.228498 0.015416 -0.601539
18.78 -0.234289 0.0128715 -0.610285
18.79 -0.239781 0.00996369 -0.617668
18.8 -0.244965 0.00669578 -0.623264
18.81 -0.249833 0.00307269 -0.626844
18.82 -0.254375 -0.000898852 -0.628568
18.83 -0.258584 -0.00521033 -0.628315
18.84 -0.262452 -0.00985151 -0.626379
18.85 -0.265972 -0.0148106 -0.623364
18.86 -0.269136 -0.0200745 -0.619155
18.87 -0.271939 -0.0256288 -0.613933
18.88 -0.274375 -0.0314582 -0.607753
18.89 -0.276437 -0.037546 -0.600224
18.9 -0.278122 -0.0438745 -0.5916
18.91 -0.279423 -0.0504249 -0.581624
18.92 -0.280337 -0.0571772 -0.56966
18.93 -0.280861 -0.0641098 -0.556011
18.94 -0.28099 -0.0712001 -0.540891
18.95 -0.280723 -0.0784243 -0.524441
18.96 -0.280058 -0.0857575 -0.507125
18.97 -0.278992 -0.0931743 -0.489148
18.98 -0.277526 -0.100649 -0.470499
18.99 -0.275658 -0.108155 -0.450961
19 -0.273388 -0.115665 -0.430297
19.01 -0.270718 -0.123152 -0.408524
19.02 -0.267648 -0.130588 -0.385719
19.03 -0.26418 -0.137945 -0.361907
19.04 -0.260318 -0.145193 -0.337422
19.05 -0.256063 -0.152305 -0.312707
19.06 -0.25142 -0.159251 -0.287881
19.07 -0.246393 -0.166003 -0.262697
19.08 -0.240986 -0.172534 -0.236919
19.09 -0.235205 -0.178815 -0.210666
19.1 -0.229057 -0.184819 -0.184181
19.11 -0.222547 -0.190518 -0.157291
19.12 -0.215683 -0.195888 -0.129927
19.13 -0.208473 -0.2009 -0.102367
19.14 -0.200925 -0.205531 -0.075016
19.15 -0.193048 -0.209755 -0.0483408
19.16 -0.184851 -0.21355 -0.0223266
19.17 -0.176346 -0.216893 0.0035151
19.18 -0.167541 -0.219764 0.0296621
19.19 -0.158449 -0.222143 0.0561212
19.2 -0.149081 -0.22401 0.0832254
19.21 -0.13945 -0.225348 0.111271
19.22 -0.129568 -0.226139 0.139269
19.23 -0.119448 -0.226366 0.166102
19.24 -0.109104 -0.226015 0.191618
19.25 -0.0985501 -0.225072 0.215897
19.26 -0.0878011 -0.223528 0.239155
19.27 -0.0768719 -0.221373 0.262318
19.28 -0.0657777 -0.218599 0.286265
19.29 -0.0545345 -0.215199 0.310364
19.3 -0.0431583 -0.211169 0.333075
19.31 -0.0316655 -0.206505 0.353715
19.32 -0.020073 -0.201206 0.37194
19.33 -0.0083979 -0.195273 0.387453
19.34 0.00334259 -0.188712 0.400863
19.35 0.0151309 -0.181529 0.412832
19.36 0.0269491 -0.173734 0.423327
19.37 0.0387795 -0.165338 0.432101
19.38 0.0506037 -0.156354 0.43936
19.39 0.0624037 -0.146799 0.445498
19.4 0.0741611 -0.13669 0.450585
19.41 0.0858574 -0.126046 0.45476
19.42 0.0974742 -0.114887 0.457981
19.43 0.108993 -0.103237 0.460275
19.44 0.120396 -0.0911182 0.461658
19.45 0.131664 -0.0785572 0.462051
19.46 0.142779 -0.0655802 0.461508
19.47 0.153723 -0.0522156 0.459424
19.48 0.164478 -0.0384932 0.455136
19.49 0.175026 -0.0244447 0.448746
19.5 0.185349 -0.0101038 0.440799
19.51 0.195431 0.00449457 0.431382
19.52 0.205254 0.0193139 0.420464
19.53 0.214801 0.0343167 0.408808
19.54 0.224056 0.0494646 0.396729
19.55 0.233003 0.0647185 0.384026
19.56 0.241626 0.080039 0.370762
19.57 0.249911 0.0953863 0.357177
19.58 0.257842 0.110721 0.343765
19.59 0.265405 0.126002 0.330942
19.6 0.272586 0.141191 0.318142
19.61 0.279373 0.156248 0.304157
19.62 0.285752 0.171135 0.289034
19.63 0.291713 0.185811 0.273604
19.64 0.297242 0.200237 0.258044
19.65 0.30233 0.214375 0.241963
19.66 0.306967 0.228186 0.225005
19.67 0.311144 0.241631 0.207634
19.68 0.31485 0.254673 0.190484
19.69 0.31808 0.267275 0.173574
19.7 0.320826 0.279402 0.157097
19.71 0.323081 0.291019 0.141375
19.72 0.324839 0.302095 0.126255
19.73 0.326097 0.312596 0.110923
19.74 0.32685 0.322494 0.0940457
19.75 0.327095 0.331758 0.0757814
19.76 0.32683 0.340359 0.0573512
19.77 0.326053 0.34827 0.0390014
19.78 0.324763 0.355463 0.0206512
19.79 0.322962 0.361915 0.00211925
19.8 0.32065 0.367601 -0.016252
19.81 0.317829 0.372501 -0.033253
19.82 0.314502 0.376595 -0.0486818
19.83 0.310673 0.379866 -0.0631925
19.84 0.306346 0.382299 -0.07665
19.85 0.301526 0.383884 -0.0886985
19.86 0.296221 0.38461 -0.0995275
19.87 0.290438 0.384471 -0.109562
19.88 0.284183 0.383461 -0.118827
19.89 0.277467 0.381579 -0.127219
19.9 0.270298 0.378825 -0.135237
19.91 0.262687 0.375199 -0.142845
19.92 0.254646 0.370708 -0.149137
19.93 0.246186 0.365356 -0.154086
19.94 0.23732 0.359154 -0.158498
19.95 0.228062 0.352112 -0.162765
19.96 0.218425 0.344244 -0.166641
19.97 0.208425 0.335564 -0.169587
19.98 0.198077 0.32609 -0.171805
19.99 0.187397 0.31584 -0.173983
20 0.176401 0.304836 -0.17596
