0.01 2.66678e-12 -1.41079e-08 0.000475281
0.02 3.29458e-11 -1.17896e-07 0.00207163
0.03 2.03491e-10 -4.92586e-07 0.00451589
0.04 8.48444e-10 -1.40941e-06 0.00719356
0.05 2.72013e-09 -3.18974e-06 0.0102826
0.06 7.23219e-09 -6.21597e-06 0.0144281
0.07 1.67539e-08 -1.09776e-05 0.0197392
0.08 3.49762e-08 -1.80827e-05 0.0257759
0.09 6.7353e-08 -2.82075e-05 0.0316475
0.1 1.21584e-07 -4.20191e-05 0.0370075
0.11 2.08092e-07 -6.01397e-05 0.0422971
0.12 3.40469e-07 -8.31525e-05 0.0472035
0.13 5.3588e-07 -0.000111582 0.0512827
0.14 8.15407e-07 -0.000145866 0.0548755
0.15 1.20434e-06 -0.00018638 0.0585066
0.16 1.73238e-06 -0.000233474 0.0620832
0.17 2.43387e-06 -0.000287476 0.0654632
0.18 3.34792e-06 -0.000348687 0.06882
0.19 4.51855e-06 -0.000417383 0.0720536
0.2 5.99477e-06 -0.000493817 0.075183
0.21 7.83067e-06 -0.000578219 0.0785107
0.22 1.00855e-05 -0.000670835 0.0824415
0.23 1.28235e-05 -0.000771958 0.0871869
0.24 1.61143e-05 -0.000881956 0.0927308
0.25 2.00328e-05 -0.00100127 0.0988214
0.26 2.46594e-05 -0.00113037 0.104669
0.27 3.00798e-05 -0.00126969 0.11001
0.28 3.63858e-05 -0.00141961 0.114808
0.29 4.36745e-05 -0.00158038 0.118371
0.3 5.2049e-05 -0.00175211 0.120323
0.31 6.16177e-05 -0.00193473 0.120984
0.32 7.2494e-05 -0.00212798 0.121404
0.33 8.47961e-05 -0.00233159 0.12236
0.34 9.86464e-05 -0.00254527 0.123287
0.35 0.000114171 -0.0027687 0.123443
0.36 0.000131498 -0.00300149 0.122943
0.37 0.000150759 -0.00324317 0.122359
0.38 0.000172087 -0.00349323 0.122
0.39 0.000195616 -0.00375116 0.121708
0.4 0.00022148 -0.00401646 0.121492
0.41 0.000249811 -0.00428864 0.122161
0.42 0.000280743 -0.0045673 0.124201
0.43 0.000314405 -0.00485215 0.126479
0.44 0.000350924 -0.00514293 0.128053
0.45 0.000390425 -0.0054393 0.129254
0.46 0.000433028 -0.0057409 0.130147
0.47 0.000478849 -0.00604729 0.130321
0.48 0.000527999 -0.00635796 0.129784
0.49 0.000580583 -0.0066723 0.128494
0.5 0.000636699 -0.0069896 0.125753
0.51 0.000696437 -0.00730899 0.121116
0.52 0.000759881 -0.00762938 0.114866
0.53 0.000827102 -0.00794952 0.107383
0.54 0.000898162 -0.00826798 0.0988746
0.55 0.000973111 -0.00858327 0.0897487
0.56 0.00105198 -0.00889382 0.0811654
0.57 0.0011348 -0.00919815 0.0739039
0.58 0.00122157 -0.00949491 0.0672182
0.59 0.00131228 -0.00978283 0.060409
0.6 0.0014069 -0.0100607 0.0535826
0.61 0.00150537 -0.0103273 0.0471358
0.62 0.00160764 -0.0105815 0.0412616
0.63 0.00171359 -0.0108223 0.0352529
0.64 0.00182313 -0.0110485 0.0286962
0.65 0.00193612 -0.0112593 0.0224111
0.66 0.00205239 -0.0114537 0.016876
0.67 0.00217177 -0.0116307 0.0117401
0.68 0.00229405 -0.0117896 0.00651796
0.69 0.002419 -0.0119296 0.000487162
0.7 0.00254636 -0.01205 -0.0070671
0.71 0.00267586 -0.0121499 -0.0156379
0.72 0.00280718 -0.0122282 -0.0241106
0.73 0.00294002 -0.0122841 -0.0319091
0.74 0.003074 -0.0123168 -0.0388582
0.75 0.00320876 -0.0123255 -0.0455016
0.76 0.00334388 -0.0123097 -0.0521245
0.77 0.00347895 -0.012269 -0.0588077
0.78 0.00361352 -0.0122027 -0.0662651
0.79 0.00374711 -0.0121104 -0.0748924
0.8 0.00387923 -0.0119916 -0.0845256
0.81 0.00400936 -0.0118454 -0.0952359
0.82 0.00413697 -0.0116713 -0.107298
0.83 0.00426149 -0.0114683 -0.120687
0.84 0.00438236 -0.0112355 -0.134798
0.85 0.00449897 -0.0109721 -0.14893
0.86 0.0046107 -0.010677 -0.162671
0.87 0.00471694 -0.0103495 -0.176182
0.88 0.00481702 -0.0099889 -0.190688
0.89 0.00491029 -0.0095943 -0.206821
0.9 0.00499605 -0.00916486 -0.223857
0.91 0.00507363 -0.00869964 -0.241176
0.92 0.0051423 -0.00819772 -0.258934
0.93 0.00520136 -0.00765819 -0.277446
0.94 0.00525007 -0.00708013 -0.296189
0.95 0.0052877 -0.00646267 -0.314391
0.96 0.00531349 -0.00580504 -0.332342
0.97 0.00532669 -0.00510657 -0.350236
0.98 0.00532654 -0.00436669 -0.367474
0.99 0.00531228 -0.00358496 -0.383888
1 0.00528314 -0.00276109 -0.400037
1.01 0.00523835 -0.00189487 -0.416587
1.02 0.00517715 -0.000986123 -0.433915
1.03 0.00509877 -3.46628e-05 -0.452258
1.04 0.00500246 0.00095975 -0.47123
1.05 0.00488746 0.00199734 -0.489679
1.06 0.00475303 0.00307819 -0.50639
1.07 0.00459844 0.00420218 -0.521118
1.08 0.00442299 0.00536888 -0.534672
1.09 0.00422596 0.00657768 -0.547429
1.1 0.00400667 0.00782778 -0.558869
1.11 0.00376447 0.0091182 -0.568946
1.12 0.00349872 0.0104478 -0.57891
1.13 0.00320881 0.0118152 -0.589427
1.14 0.00289416 0.0132193 -0.599427
1.15 0.00255423 0.0146587 -0.60835
1.16 0.0021885 0.0161319 -0.616639
1.17 0.00179651 0.0176372 -0.624834
1.18 0.00137783 0.0191732 -0.633971
1.19 0.000932073 0.0207381 -0.643991
1.2 0.00045891 0.0223306 -0.653548
1.21 -4.1944e-05 0.023949 -0.662313
1.22 -0.000570719 0.0255917 -0.670664
1.23 -0.00112759 0.0272571 -0.678426
1.24 -0.00171267 0.0289432 -0.685177
1.25 -0.002326 0.0306483 -0.691022
1.26 -0.00296759 0.0323704 -0.696548
1.27 -0.00363735 0.0341074 -0.702198
1.28 -0.00433513 0.0358573 -0.708045
1.29 -0.00506072 0.0376183 -0.713852
1.3 -0.00581382 0.0393883 -0.719215
1.31 -0.00659407 0.0411654 -0.723851
1.32 -0.00740102 0.0429476 -0.728018
1.33 -0.00823415 0.044733 -0.732154
1.34 -0.00909286 0.0465194 -0.7356
1.35 -0.00997646 0.0483048 -0.737797
1.36 -0.0108842 0.0500872 -0.738937
1.37 -0.0118152 0.0518644 -0.73898
1.38 -0.0127685 0.053634 -0.738403
1.39 -0.0137432 0.0553938 -0.737626
1.4 -0.0147381 0.0571416 -0.736383
1.41 -0.015752 0.0588751 -0.734518
1.42 -0.0167837 0.0605922 -0.732522
1.43 -0.0178317 0.0622907 -0.731161
1.44 -0.0188947 0.0639685 -0.730534
1.45 -0.0199711 0.0656239 -0.730703
1.46 -0.0210593 0.0672553 -0.73198
1.47 -0.0221575 0.068861 -0.733946
1.48 -0.023264 0.07044 -0.735342
1.49 -0.024377 0.0719908 -0.736003
1.5 -0.0254945 0.0735124 -0.737139
1.51 -0.0266144 0.0750036 -0.739215
1.52 -0.0277348 0.0764635 -0.741887
1.53 -0.0288534 0.0778915 -0.74485
1.54 -0.029968 0.0792868 -0.748121
1.55 -0.0310764 0.0806492 -0.75174
1.56 -0.0321762 0.0819782 -0.755277
1.57 -0.033265 0.0832735 -0.758277
1.58 -0.0343404 0.084535 -0.760938
1.59 -0.0353999 0.0857624 -0.763088
1.6 -0.036441 0.0869555 -0.763736
1.61 -0.0374612 0.0881142 -0.762136
1.62 -0.0384578 0.0892379 -0.758318
1.63 -0.0394282 0.090326 -0.753279
1.64 -0.0403699 0.0913779 -0.747794
1.65 -0.0412802 0.0923929 -0.741154
1.66 -0.0421565 0.0933702 -0.733032
1.67 -0.042996 0.0943089 -0.723938
1.68 -0.0437963 0.0952083 -0.714016
1.69 -0.0445545 0.0960673 -0.703578
1.7 -0.0452682 0.0968852 -0.693178
1.71 -0.0459348 0.097661 -0.683701
1.72 -0.0465515 0.0983941 -0.675375
1.73 -0.047116 0.099084 -0.667493
1.74 -0.0476256 0.0997304 -0.659337
1.75 -0.0480781 0.100333 -0.650483
1.76 -0.0484708 0.100891 -0.641231
1.77 -0.0488015 0.101405 -0.631725
1.78 -0.0490678 0.101873 -0.621819
1.79 -0.0492676 0.102297 -0.611249
1.8 -0.0493987 0.102675 -0.599573
1.81 -0.049459 0.103006 -0.587487
1.82 -0.0494465 0.103291 -0.575761
1.83 -0.0493593 0.10353 -0.56403
1.84 -0.0491956 0.103721 -0.551729
1.85 -0.0489537 0.103864 -0.538688
1.86 -0.048632 0.103959 -0.524814
1.87 -0.0482291 0.104005 -0.509508
1.88 -0.0477434 0.104003 -0.492531
1.89 -0.0471739 0.10395 -0.473869
1.9 -0.0465193 0.103845 -0.453446
1.91 -0.0457788 0.103689 -0.431959
1.92 -0.0449514 0.103479 -0.410219
1.93 -0.0440363 0.103214 -0.388177
1.94 -0.0430332 0.102893 -0.365927
1.95 -0.0419414 0.102514 -0.344255
1.96 -0.0407608 0.102077 -0.323117
1.97 -0.0394911 0.101579 -0.302283
1.98 -0.0381325 0.101021 -0.281984
1.99 -0.036685 0.100401 -0.262114
2 -0.0351491 0.0997179 -0.242396
2.01 -0.0335251 0.098971 -0.222847
2.02 -0.0318138 0.0981595 -0.20367
2.03 -0.0300159 0.0972826 -0.185102
2.04 -0.0281325 0.0963397 -0.167692
2.05 -0.0261646 0.0953302 -0.15159
2.06 -0.0241136 0.0942538 -0.136508
2.07 -0.021981 0.0931102 -0.121991
2.08 -0.0197682 0.0918994 -0.10744
2.09 -0.0174773 0.0906212 -0.0925951
2.1 -0.0151101 0.0892756 -0.0774698
2.11 -0.0126687 0.0878623 -0.0622472
2.12 -0.0101554 0.0863814 -0.0467593
2.13 -0.00757279 0.0848326 -0.0308434
2.14 -0.00492336 0.0832158 -0.0152067
2.15 -0.00220991 0.0815309 -3.1805e-06
2.16 0.000564623 0.0797778 0.0156399
2.17 0.00339715 0.0779566 0.032607
2.18 0.00628445 0.0760668 0.0512071
2.19 0.00922311 0.0741083 0.0708652
2.2 0.0122096 0.0720805 0.0915759
2.21 0.0152403 0.0699828 0.11356
2.22 0.0183114 0.0678145 0.136427
2.23 0.0214189 0.065575 0.159915
2.24 0.0245588 0.0632633 0.183916
2.25 0.0277268 0.0608786 0.208418
2.26 0.0309188 0.0584202 0.233319
2.27 0.0341303 0.055887 0.258642
2.28 0.0373569 0.0532784 0.284577
2.29 0.0405938 0.0505933 0.311091
2.3 0.0438365 0.047831 0.337774
2.31 0.0470803 0.0449905 0.364558
2.32 0.0503202 0.042071 0.391743
2.33 0.0535514 0.0390719 0.418881
2.34 0.0567691 0.0359923 0.445415
2.35 0.0599681 0.0328318 0.471244
2.36 0.0631436 0.02959 0.496833
2.37 0.0662904 0.0262665 0.52278
2.38 0.0694036 0.0228612 0.548557
2.39 0.072478 0.0193739 0.573503
2.4 0.0755086 0.0158048 0.597472
2.41 0.0784904 0.0121542 0.620767
2.42 0.0814184 0.00842245 0.644271
2.43 0.0842874 0.00461019 0.66787
2.44 0.0870927 0.000718098 0.690832
2.45 0.0898292 -0.00325299 0.71347
2.46 0.0924921 -0.00730206 0.736017
2.47 0.0950767 -0.011428 0.757839
2.48 0.0975782 -0.0156294 0.779191
2.49 0.0999919 -0.0199048 0.800364
2.5 0.102313 -0.0242526 0.820544
2.51 0.104538 -0.0286708 0.840005
2.52 0.106662 -0.0331573 0.859748
2.53 0.10868 -0.0377101 0.879407
2.54 0.11059 -0.0423266 0.898322
2.55 0.112385 -0.0470045 0.916931
2.56 0.114064 -0.0517409 0.935899
2.57 0.115622 -0.0565333 0.955152
2.58 0.117056 -0.0613786 0.973916
2.59 0.118362 -0.0662738 0.991854
2.6 0.119537 -0.0712158 1.00892
2.61 0.120579 -0.076201 1.02504
2.62 0.121484 -0.0812257 1.04008
2.63 0.12225 -0.086286 1.05383
2.64 0.122874 -0.0913778 1.06665
2.65 0.123355 -0.0964966 1.07899
2.66 0.123689 -0.101638 1.09053
2.67 0.123876 -0.106797 1.1004
2.68 0.123914 -0.111969 1.10877
2.69 0.123801 -0.117148 1.11687
2.7 0.123536 -0.12233 1.1257
2.71 0.123118 -0.127508 1.13539
2.72 0.122547 -0.132678 1.14517
2.73 0.121823 -0.137834 1.1548
2.74 0.120944 -0.14297 1.1648
2.75 0.119911 -0.148082 1.17503
2.76 0.118723 -0.153164 1.18454
2.77 0.117383 -0.15821 1.19318
2.78 0.115889 -0.163215 1.20116
2.79 0.114244 -0.168173 1.20803
2.8 0.112448 -0.173078 1.21377
2.81 0.110503 -0.177924 1.21893
2.82 0.108409 -0.182705 1.22374
2.83 0.10617 -0.187415 1.22823
2.84 0.103787 -0.192049 1.23252
2.85 0.101263 -0.196599 1.23639
2.86 0.0985994 -0.20106 1.24007
2.87 0.0957996 -0.205427 1.24417
2.88 0.0928664 -0.209692 1.24814
2.89 0.089803 -0.213851 1.25118
2.9 0.0866128 -0.217898 1.25375
2.91 0.0832993 -0.221827 1.25581
2.92 0.0798663 -0.225632 1.25712
2.93 0.0763179 -0.229307 1.25823
2.94 0.072658 -0.232847 1.25939
2.95 0.0688911 -0.236247 1.26037
2.96 0.0650217 -0.239502 1.26106
2.97 0.0610543 -0.242606 1.26177
2.98 0.0569939 -0.245554 1.26252
2.99 0.0528455 -0.248341 1.2628
3 0.0486141 -0.250964 1.26198
3.01 0.044305 -0.253417 1.25964
3.02 0.0399237 -0.255695 1.25603
3.03 0.0354757 -0.257795 1.25129
3.04 0.0309665 -0.259712 1.24541
3.05 0.0264021 -0.261441 1.23882
3.06 0.0217881 -0.262979 1.23196
3.07 0.0171306 -0.264321 1.22463
3.08 0.0124355 -0.265465 1.21636
3.09 0.00770904 -0.266405 1.20728
3.1 0.00295725 -0.26714 1.19781
3.11 -0.00181363 -0.267665 1.18769
3.12 -0.00659737 -0.267978 1.17649
3.13 -0.0113877 -0.268076 1.16474
3.14 -0.0161783 -0.267957 1.15285
3.15 -0.0209628 -0.267618 1.14019
3.16 -0.025735 -0.267057 1.12662
3.17 -0.0304885 -0.266272 1.11294
3.18 -0.0352171 -0.265263 1.09916
3.19 -0.0399145 -0.264027 1.08459
3.2 -0.0445744 -0.262563 1.06908
3.21 -0.0491907 -0.260872 1.05292
3.22 -0.0537572 -0.258952 1.03661
3.23 -0.058268 -0.256803 1.02095
3.24 -0.0627169 -0.254426 1.00608
3.25 -0.0670981 -0.251821 0.99093
3.26 -0.0714059 -0.24899 0.974587
3.27 -0.0756344 -0.245932 0.957154
3.28 -0.0797781 -0.242651 0.939277
3.29 -0.0838315 -0.239147 0.921269
3.3 -0.0877893 -0.235422 0.903069
3.31 -0.0916463 -0.231479 0.884686
3.32 -0.0953973 -0.227321 0.86596
3.33 -0.0990375 -0.22295 0.846357
3.34 -0.102562 -0.21837 0.82552
3.35 -0.105967 -0.213583 0.804099
3.36 -0.109246 -0.208594 0.782608
3.37 -0.112397 -0.203406 0.760661
3.38 -0.115416 -0.198024 0.738115
3.39 -0.118297 -0.192452 0.714868
3.4 -0.121038 -0.186695 0.691237
3.41 -0.123635 -0.180757 0.668075
3.42 -0.126085 -0.174644 0.645259
3.43 -0.128384 -0.168361 0.622363
3.44 -0.130531 -0.161914 0.599334
3.45 -0.132522 -0.155309 0.575696
3.46 -0.134355 -0.148552 0.551315
3.47 -0.136028 -0.14165 0.526999
3.48 -0.137539 -0.134609 0.503308
3.49 -0.138886 -0.127437 0.47947
3.5 -0.140068 -0.120139 0.454518
3.51 -0.141083 -0.112725 0.428686
3.52 -0.141931 -0.1052 0.402705
3.53 -0.142611 -0.0975722 0.376542
3.54 -0.143122 -0.0898495 0.349744
3.55 -0.143464 -0.0820393 0.322192
3.56 -0.143637 -0.0741495 0.29353
3.57 -0.143642 -0.0661877 0.26417
3.58 -0.143478 -0.0581618 0.23508
3.59 -0.143146 -0.0500797 0.206209
3.6 -0.142648 -0.0419495 0.177343
3.61 -0.141985 -0.0337793 0.148607
3.62 -0.141158 -0.0255773 0.120179
3.63 -0.140168 -0.0173519 0.0920053
3.64 -0.139017 -0.00911144 0.0638388
3.65 -0.137708 -0.000864421 0.0357263
3.66 -0.136243 0.0073807 0.00799214
3.67 -0.134624 0.0156154 -0.0195107
3.68 -0.132854 0.0238312 -0.0471622
3.69 -0.130937 0.0320195 -0.0749815
3.7 -0.128874 0.0401719 -0.103081
3.71 -0.12667 0.04828 -0.13137
3.72 -0.124328 0.0563355 -0.159445
3.73 -0.121852 0.0643302 -0.187179
3.74 -0.119245 0.0722559 -0.214445
3.75 -0.116512 0.0801044 -0.241336
3.76 -0.113657 0.0878677 -0.268079
3.77 -0.110685 0.0955377 -0.294509
3.78 -0.107599 0.103107 -0.320567
3.79 -0.104405 0.110567 -0.346708
3.8 -0.101108 0.11791 -0.373753
3.81 -0.097712 0.12513 -0.402007
3.82 -0.0942226 0.132219 -0.431065
3.83 -0.0906451 0.13917 -0.460508
3.84 -0.0869848 0.145978 -0.490181
3.85 -0.0832469 0.152635 -0.519837
3.86 -0.0794372 0.159137 -0.549034
3.87 -0.0755611 0.165476 -0.577611
3.88 -0.0716244 0.171648 -0.605851
3.89 -0.0676328 0.177647 -0.633574
3.9 -0.0635921 0.183467 -0.65995
3.91 -0.0595082 0.189105 -0.685056
3.92 -0.055387 0.194554 -0.709747
3.93 -0.0512344 0.19981 -0.7343
3.94 -0.0470564 0.204868 -0.7588
3.95 -0.0428589 0.209725 -0.783964
3.96 -0.0386479 0.214377 -0.810167
3.97 -0.0344295 0.218819 -0.836719
3.98 -0.0302096 0.22305 -0.862895
3.99 -0.0259941 0.227066 -0.888755
4 -0.021789 0.230865 -0.914282
4.01 -0.0176001 0.234445 -0.939011
4.02 -0.0134334 0.237804 -0.963173
4.03 -0.00929467 0.24094 -0.987029
4.04 -0.00518958 0.243851 -1.00993
4.05 -0.00112384 0.246537 -1.03116
4.06 0.00289693 0.248997 -1.05072
4.07 0.00686723 0.251229 -1.06962
4.08 0.0107816 0.253233 -1.08864
4.09 0.0146348 0.255009 -1.1074
4.1 0.0184215 0.256556 -1.12643
4.11 0.0221366 0.257876 -1.14622
4.12 0.0257751 0.258968 -1.16602
4.13 0.0293322 0.259835 -1.18547
4.14 0.032803 0.260477 -1.20462
4.15 0.0361832 0.260896 -1.2235
4.16 0.039468 0.261094 -1.24229
4.17 0.0426534 0.261074 -1.26182
4.18 0.0457351 0.260837 -1.28199
4.19 0.0487091 0.260389 -1.30168
4.2 0.0515717 0.25973 -1.32043
4.21 0.0543191 0.258866 -1.33806
4.22 0.056948 0.257799 -1.3552
4.23 0.059455 0.256534 -1.37231
4.24 0.061837 0.255075 -1.38892
4.25 0.0640912 0.253426 -1.40482
4.26 0.0662147 0.251592 -1.42022
4.27 0.0682051 0.249577 -1.43514
4.28 0.0700601 0.247387 -1.44933
4.29 0.0717774 0.245027 -1.46259
4.3 0.0733552 0.242501 -1.47492
4.31 0.0747918 0.239815 -1.48639
4.32 0.0760856 0.236975 -1.49733
4.33 0.0772353 0.233986 -1.50844
4.34 0.0782398 0.230854 -1.51951
4.35 0.0790983 0.227585 -1.52934
4.36 0.07981 0.224185 -1.53743
4.37 0.0803745 0.22066 -1.54389
4.38 0.0807916 0.217016 -1.54892
4.39 0.0810611 0.213258 -1.55308
4.4 0.0811833 0.209393 -1.55685
4.41 0.0811586 0.205427 -1.56026
4.42 0.0809875 0.201366 -1.563
4.43 0.0806708 0.197217 -1.56521
4.44 0.0802096 0.192984 -1.56723
4.45 0.0796051 0.188675 -1.56871
4.46 0.0788588 0.184296 -1.56915
4.47 0.0779722 0.179853 -1.56802
4.48 0.0769472 0.175352 -1.5652
4.49 0.0757858 0.1708 -1.56186
4.5 0.0744903 0.166202 -1.55906
4.51 0.0730631 0.161564 -1.55618
4.52 0.0715069 0.156893 -1.55248
4.53 0.0698244 0.152195 -1.54718
4.54 0.0680187 0.147475 -1.53984
4.55 0.0660929 0.142739 -1.53081
4.56 0.0640503 0.137993 -1.51996
4.57 0.0618946 0.133242 -1.50707
4.58 0.0596295 0.128491 -1.49284
4.59 0.0572586 0.123744 -1.47797
4.6 0.0547863 0.119007 -1.46202
4.61 0.0522165 0.114285 -1.44481
4.62 0.0495536 0.109581 -1.42632
4.63 0.0468021 0.1049 -1.40644
4.64 0.0439667 0.100246 -1.38593
4.65 0.0410521 0.0956221 -1.36562
4.66 0.0380631 0.0910336 -1.34548
4.67 0.0350049 0.0864836 -1.32523
4.68 0.0318824 0.0819761 -1.30507
4.69 0.0287011 0.0775149 -1.28506
4.7 0.0254661 0.0731036 -1.26539
4.71 0.0221831 0.068746 -1.24618
4.72 0.0188574 0.0644457 -1.22708
4.73 0.0154948 0.0602065 -1.20815
4.74 0.0121009 0.0560318 -1.18983
4.75 0.00868163 0.0519253 -1.17211
4.76 0.00524268 0.0478904 -1.15435
4.77 0.00178999 0.0439307 -1.13584
4.78 -0.00167049 0.0400494 -1.11651
4.79 -0.0051328 0.0362496 -1.09651
4.8 -0.00859092 0.0325342 -1.07583
4.81 -0.0120388 0.028906 -1.05432
4.82 -0.0154705 0.0253674 -1.03175
4.83 -0.0188799 0.0219209 -1.00815
4.84 -0.0222609 0.0185683 -0.983821
4.85 -0.0256077 0.0153117 -0.958838
4.86 -0.0289141 0.0121527 -0.933402
4.87 -0.0321742 0.00909277 -0.907587
4.88 -0.0353821 0.00613325 -0.880972
4.89 -0.0385319 0.00327525 -0.853385
4.9 -0.0416178 0.000519661 -0.824802
4.91 -0.0446341 -0.00213287 -0.795236
4.92 -0.0475751 -0.00468193 -0.764771
4.93 -0.0504352 -0.00712736 -0.733395
4.94 -0.0532089 -0.0094692 -0.701133
4.95 -0.0558908 -0.0117077 -0.668288
4.96 -0.0584757 -0.0138434 -0.635251
4.97 -0.0609584 -0.0158769 -0.601551
4.98 -0.0633338 -0.017809 -0.567105
4.99 -0.0655971 -0.0196407 -0.532738
5 -0.0677434 -0.0213732 -0.498325
5.01 -0.0697682 -0.0230077 -0.463475
5.02 -0.0716671 -0.0245457 -0.428421
5.03 -0.0734356 -0.0259887 -0.393239
5.04 -0.0750698 -0.0273385 -0.35791
5.05 -0.0765655 -0.0285968 -0.322237
5.06 -0.0779192 -0.0297656 -0.286065
5.07 -0.0791272 -0.0308472 -0.250057
5.08 -0.0801861 -0.0318436 -0.214119
5.09 -0.0810927 -0.0327573 -0.177403
5.1 -0.0818442 -0.0335908 -0.139818
5.11 -0.0824377 -0.0343467 -0.101467
5.12 -0.0828707 -0.0350281 -0.0627913
5.13 -0.0831409 -0.0356379 -0.0247336
5.14 -0.0832463 -0.0361792 0.0123825
5.15 -0.0831849 -0.036655 0.0493061
5.16 -0.0829552 -0.0370685 0.0870581
5.17 -0.0825558 -0.0374229 0.125304
5.18 -0.0819857 -0.0377216 0.163195
5.19 -0.0812438 -0.0379681 0.201158
5.2 -0.0803296 -0.038166 0.239732
5.21 -0.0792428 -0.0383189 0.278851
5.22 -0.0779832 -0.0384306 0.318127
5.23 -0.076551 -0.0385051 0.357133
5.24 -0.0749466 -0.0385461 0.395584
5.25 -0.0731706 -0.0385576 0.433361
5.26 -0.0712241 -0.0385436 0.470392
5.27 -0.069108 -0.0385078 0.507153
5.28 -0.066824 -0.0384541 0.545027
5.29 -0.0643738 -0.0383866 0.583997
5.3 -0.0617592 -0.0383093 0.622733
5.31 -0.0589826 -0.0382267 0.661294
5.32 -0.0560465 -0.0381427 0.699955
5.33 -0.0529535 -0.0380617 0.738593
5.34 -0.0497067 -0.037988 0.777922
5.35 -0.0463093 -0.0379259 0.818228
5.36 -0.0427648 -0.0378799 0.85909
5.37 -0.039077 -0.0378546 0.900164
5.38 -0.0352499 -0.0378545 0.941365
5.39 -0.0312876 -0.0378842 0.9825
5.4 -0.0271946 -0.0379484 1.02321
5.41 -0.0229756 -0.0380515 1.06349
5.42 -0.0186355 -0.0381981 1.10358
5.43 -0.0141793 -0.0383924 1.14358
5.44 -0.00961237 -0.0386389 1.18325
5.45 -0.00494022 -0.0389418 1.223
5.46 -0.000168533 -0.0393055 1.26311
5.47 0.00469681 -0.0397342 1.30316
5.48 0.00964974 -0.0402321 1.34311
5.49 0.0146841 -0.0408033 1.38265
5.5 0.0197933 -0.0414519 1.42141
5.51 0.0249711 -0.0421816 1.45959
5.52 0.0302106 -0.0429963 1.49704
5.53 0.0355051 -0.0438994 1.5338
5.54 0.0408476 -0.0448945 1.57071
5.55 0.0462311 -0.0459848 1.60753
5.56 0.0516485 -0.0471735 1.64272
5.57 0.0570924 -0.0484635 1.67542
5.58 0.0625556 -0.0498574 1.7056
5.59 0.0680307 -0.0513572 1.73394
5.6 0.0735102 -0.052965 1.76145
5.61 0.0789866 -0.0546822 1.7883
5.62 0.0844523 -0.0565103 1.81428
5.63 0.0898997 -0.0584504 1.8393
5.64 0.0953214 -0.0605036 1.86346
5.65 0.10071 -0.0626705 1.88689
5.66 0.106057 -0.0649517 1.90883
5.67 0.111355 -0.0673475 1.92868
5.68 0.116597 -0.0698575 1.94685
5.69 0.121775 -0.0724815 1.96372
5.7 0.126882 -0.0752187 1.97958
5.71 0.13191 -0.0780682 1.99489
5.72 0.136852 -0.0810286 2.00929
5.73 0.141701 -0.0840987 2.02163
5.74 0.146448 -0.0872767 2.03241
5.75 0.151088 -0.0905605 2.04251
5.76 0.155613 -0.0939478 2.05122
5.77 0.160016 -0.0974361 2.05877
5.78 0.164291 -0.101023 2.06645
5.79 0.16843 -0.104704 2.07372
5.8 0.172427 -0.108479 2.07962
5.81 0.176276 -0.112342 2.08442
5.82 0.17997 -0.11629 2.08807
5.83 0.183504 -0.12032 2.09013
5.84 0.186872 -0.124427 2.09072
5.85 0.190068 -0.128608 2.09044
5.86 0.193086 -0.132857 2.0898
5.87 0.195921 -0.137171 2.08886
5.88 0.198568 -0.141543 2.08755
5.89 0.201022 -0.14597 2.08553
5.9 0.203279 -0.150447 2.0825
5.91 0.205335 -0.154967 2.07905
5.92 0.207184 -0.159527 2.07539
5.93 0.208823 -0.164119 2.07035
5.94 0.210248 -0.16874 2.06417
5.95 0.211457 -0.173383 2.0581
5.96 0.212445 -0.178041 2.05183
5.97 0.21321 -0.182711 2.04431
5.98 0.21375 -0.187384 2.03492
5.99 0.214061 -0.192056 2.02369
6 0.214142 -0.196719 2.01123
6.01 0.213992 -0.201367 1.99733
6.02 0.213608 -0.205993 1.98154
6.03 0.212989 -0.21059 1.96401
6.04 0.212135 -0.215151 1.94497
6.05 0.211044 -0.219669 1.92463
6.06 0.209717 -0.224135 1.90325
6.07 0.208154 -0.228543 1.88157
6.08 0.206354 -0.232885 1.86025
6.09 0.204319 -0.237153 1.83924
6.1 0.202049 -0.24134 1.81806
6.11 0.199545 -0.245439 1.79573
6.12 0.196809 -0.249443 1.77131
6.13 0.193843 -0.253343 1.74525
6.14 0.190648 -0.257133 1.71827
6.15 0.187228 -0.260804 1.69008
6.16 0.183584 -0.26435 1.66088
6.17 0.179719 -0.267762 1.63156
6.18 0.175638 -0.271033 1.60217
6.19 0.171343 -0.274157 1.57208
6.2 0.166837 -0.277124 1.54082
6.21 0.162126 -0.279929 1.50848
6.22 0.157213 -0.282564 1.4752
6.23 0.152103 -0.285022 1.44116
6.24 0.146801 -0.287296 1.40651
6.25 0.141312 -0.289379 1.37104
6.26 0.135641 -0.291265 1.33432
6.27 0.129793 -0.292946 1.29603
6.28 0.123775 -0.294416 1.25659
6.29 0.117593 -0.295669 1.21653
6.3 0.111252 -0.296698 1.17611
6.31 0.104759 -0.297497 1.13514
6.32 0.0981207 -0.29806 1.09305
6.33 0.0913441 -0.298381 1.05043
6.34 0.084436 -0.298455 1.00816
6.35 0.0774036 -0.298276 0.966489
6.36 0.0702542 -0.29784 0.925592
6.37 0.0629952 -0.297142 0.884859
6.38 0.0556344 -0.296177 0.843376
6.39 0.0481795 -0.294943 0.800963
6.4 0.0406383 -0.293435 0.757627
6.41 0.0330188 -0.291649 0.713417
6.42 0.0253292 -0.289583 0.668187
6.43 0.0175776 -0.287234 0.621795
6.44 0.00977231 -0.284598 0.574756
6.45 0.00192164 -0.281673 0.527811
6.46 -0.00596598 -0.278457 0.481113
6.47 -0.0138821 -0.274948 0.434481
6.48 -0.0218182 -0.271144 0.388041
6.49 -0.0297659 -0.267046 0.342409
6.5 -0.0377164 -0.262651 0.297689
6.51 -0.0456614 -0.257961 0.253021
6.52 -0.0535923 -0.252974 0.208734
6.53 -0.0615005 -0.247693 0.165303
6.54 -0.0693775 -0.242118 0.122211
6.55 -0.077215 -0.236252 0.0794842
6.56 -0.0850045 -0.230095 0.0372631
6.57 -0.0927376 -0.22365 -0.00455812
6.58 -0.100406 -0.216921 -0.046286
6.59 -0.108002 -0.209911 -0.0880662
6.6 -0.115516 -0.202623 -0.13022
6.61 -0.122942 -0.195061 -0.17319
6.62 -0.130271 -0.18723 -0.216752
6.63 -0.137495 -0.179134 -0.260455
6.64 -0.144606 -0.170778 -0.303643
6.65 -0.151598 -0.162167 -0.345753
6.66 -0.158463 -0.153308 -0.386599
6.67 -0.165193 -0.144206 -0.426542
6.68 -0.171781 -0.134868 -0.466749
6.69 -0.178221 -0.1253 -0.507982
6.7 -0.184506 -0.115512 -0.549565
6.71 -0.190629 -0.105508 -0.59104
6.72 -0.196583 -0.0952986 -0.632855
6.73 -0.202364 -0.0848902 -0.674999
6.74 -0.207964 -0.0742915 -0.717549
6.75 -0.213379 -0.063511 -0.760509
6.76 -0.218602 -0.0525574 -0.803137
6.77 -0.223629 -0.0414397 -0.844855
6.78 -0.228454 -0.0301672 -0.886006
6.79 -0.233072 -0.0187496 -0.927548
6.8 -0.23748 -0.00719664 -0.969543
6.81 -0.241672 0.00448164 -1.01175
6.82 -0.245645 0.0162751 -1.05415
6.83 -0.249394 0.0281735 -1.09588
6.84 -0.252917 0.0401661 -1.13628
6.85 -0.256211 0.0522422 -1.17585
6.86 -0.259271 0.0643906 -1.21525
6.87 -0.262096 0.0766 -1.25386
6.88 -0.264683 0.088859 -1.291
6.89 -0.26703 0.101156 -1.3272
6.9 -0.269135 0.113478 -1.36246
6.91 -0.270996 0.125814 -1.39574
6.92 -0.272613 0.138152 -1.42683
6.93 -0.273984 0.150477 -1.45676
6.94 -0.275108 0.162779 -1.48603
6.95 -0.275986 0.175043 -1.51355
6.96 -0.276617 0.187256 -1.53919
6.97 -0.277 0.199405 -1.56463
6.98 -0.277138 0.211477 -1.59091
6.99 -0.277029 0.223458 -1.61737
7 -0.276676 0.235335 -1.64289
7.01 -0.276079 0.247096 -1.66729
7.02 -0.27524 0.258727 -1.69093
7.03 -0.274162 0.270214 -1.71402
7.04 -0.272845 0.281546 -1.7362
7.05 -0.271292 0.292709 -1.75711
7.06 -0.269506 0.30369 -1.77666
7.07 -0.26749 0.314476 -1.79479
7.08 -0.265246 0.325054 -1.81151
7.09 -0.262779 0.335413 -1.82712
7.1 -0.260091 0.345539 -1.84143
7.11 -0.257187 0.35542 -1.85367
7.12 -0.25407 0.365043 -1.86415
7.13 -0.250745 0.374396 -1.87373
7.14 -0.247216 0.383468 -1.88298
7.15 -0.243487 0.392246 -1.89244
7.16 -0.239565 0.400719 -1.90187
7.17 -0.235453 0.408877 -1.91036
7.18 -0.231156 0.416708 -1.91764
7.19 -0.226681 0.424202 -1.92356
7.2 -0.222033 0.43135 -1.92809
7.21 -0.217218 0.438141 -1.93172
7.22 -0.21224 0.444566 -1.93482
7.23 -0.207107 0.450616 -1.93698
7.24 -0.201824 0.456282 -1.93765
7.25 -0.196398 0.461557 -1.93702
7.26 -0.190835 0.466432 -1.93499
7.27 -0.185142 0.4709 -1.9319
7.28 -0.179325 0.474953 -1.92904
7.29 -0.17339 0.478586 -1.92625
7.3 -0.167345 0.481791 -1.92251
7.31 -0.161196 0.484565 -1.91767
7.32 -0.15495 0.486901 -1.91209
7.33 -0.148613 0.488796 -1.90641
7.34 -0.142194 0.490245 -1.9006
7.35 -0.135699 0.491246 -1.89371
7.36 -0.129134 0.491795 -1.88546
7.37 -0.122508 0.49189 -1.87661
7.38 -0.115826 0.49153 -1.86752
7.39 -0.109096 0.490713 -1.8584
7.4 -0.102325 0.489439 -1.85006
7.41 -0.0955192 0.487708 -1.8425
7.42 -0.0886868 0.485521 -1.8352
7.43 -0.081834 0.48288 -1.82822
7.44 -0.0749679 0.479787 -1.82112
7.45 -0.0680953 0.476245 -1.81311
7.46 -0.0612229 0.472258 -1.80459
7.47 -0.0543574 0.467829 -1.7958
7.48 -0.0475055 0.462963 -1.78633
7.49 -0.0406739 0.457666 -1.77612
7.5 -0.0338689 0.451943 -1.76514
7.51 -0.027097 0.445801 -1.75318
7.52 -0.0203645 0.439245 -1.74009
7.53 -0.0136776 0.432284 -1.72633
7.54 -0.00704248 0.424925 -1.71271
7.55 -0.000465099 0.417176 -1.69945
7.56 0.00604865 0.409047 -1.68567
7.57 0.012493 0.400546 -1.67043
7.58 0.0188623 0.391683 -1.65347
7.59 0.0251509 0.382468 -1.6353
7.6 0.0313536 0.372911 -1.61641
7.61 0.0374651 0.363024 -1.59631
7.62 0.0434803 0.352818 -1.57458
7.63 0.0493941 0.342303 -1.55159
7.64 0.0552018 0.331492 -1.52782
7.65 0.0608987 0.320396 -1.50336
7.66 0.0664803 0.309029 -1.47799
7.67 0.0719421 0.297401 -1.4517
7.68 0.0772802 0.285527 -1.42473
7.69 0.0824903 0.27342 -1.39692
7.7 0.0875686 0.261093 -1.36822
7.71 0.0925115 0.248559 -1.33892
7.72 0.0973154 0.235832 -1.30919
7.73 0.101977 0.222927 -1.27909
7.74 0.106493 0.209858 -1.24866
7.75 0.110861 0.19664 -1.21847
7.76 0.115077 0.183286 -1.18874
7.77 0.119139 0.169813 -1.15833
7.78 0.123045 0.156234 -1.12634
7.79 0.126793 0.142566 -1.09346
7.8 0.130379 0.128823 -1.0608
7.81 0.133803 0.115021 -1.02855
7.82 0.137063 0.101175 -0.996021
7.83 0.140157 0.0873008 -0.962797
7.84 0.143084 0.0734132 -0.928777
7.85 0.145842 0.0595278 -0.893956
7.86 0.148431 0.0456599 -0.858423
7.87 0.15085 0.0318246 -0.822184
7.88 0.153099 0.0180369 -0.785353
7.89 0.155176 0.00431192 -0.748369
7.9 0.157083 -0.00933569 -0.711291
7.91 0.158818 -0.0228912 -0.673893
7.92 0.160382 -0.03634 -0.636099
7.93 0.161775 -0.0496678 -0.597479
7.94 0.162998 -0.0628605 -0.558037
7.95 0.164051 -0.0759042 -0.518675
7.96 0.164936 -0.0887852 -0.479971
7.97 0.165654 -0.10149 -0.441354
7.98 0.166204 -0.114006 -0.401966
7.99 0.16659 -0.126319 -0.361399
8 0.166813 -0.138417 -0.319365
8.01 0.166874 -0.150289 -0.275918
8.02 0.166775 -0.161922 -0.231841
8.03 0.166518 -0.173305 -0.188437
8.04 0.166107 -0.184428 -0.145847
8.05 0.165542 -0.195279 -0.103092
8.06 0.164827 -0.205849 -0.0600456
8.07 0.163964 -0.216127 -0.0168796
8.08 0.162956 -0.226104 0.026629
8.09 0.161806 -0.235772 0.0702764
8.1 0.160518 -0.245121 0.113467
8.11 0.159094 -0.254143 0.156055
8.12 0.157538 -0.262831 0.198629
8.13 0.155854 -0.271177 0.24184
8.14 0.154046 -0.279174 0.285207
8.15 0.152116 -0.286816 0.327599
8.16 0.15007 -0.294097 0.369046
8.17 0.147911 -0.301011 0.410036
8.18 0.145643 -0.307554 0.4508
8.19 0.143272 -0.31372 0.491533
8.2 0.1408 -0.319506 0.531819
8.21 0.138233 -0.324907 0.571411
8.22 0.135575 -0.32992 0.611292
8.23 0.132831 -0.334544 0.652079
8.24 0.130006 -0.338775 0.692711
8.25 0.127105 -0.342612 0.732612
8.26 0.124132 -0.346054 0.772244
8.27 0.121093 -0.349101 0.811505
8.28 0.117992 -0.351752 0.849671
8.29 0.114836 -0.354007 0.88636
8.3 0.111628 -0.355868 0.921972
8.31 0.108374 -0.357336 0.956943
8.32 0.10508 -0.358411 0.991171
8.33 0.101751 -0.359096 1.02428
8.34 0.0983919 -0.359394 1.05632
8.35 0.0950082 -0.359307 1.08788
8.36 0.0916054 -0.358839 1.11931
8.37 0.0881889 -0.357993 1.15097
8.38 0.0847639 -0.356774 1.18345
8.39 0.081336 -0.355186 1.21603
8.4 0.0779103 -0.353235 1.24774
8.41 0.0744924 -0.350928 1.27888
8.42 0.0710874 -0.348269 1.31021
8.43 0.0677007 -0.345267 1.34185
8.44 0.0643376 -0.341928 1.37324
8.45 0.0610031 -0.33826 1.40379
8.46 0.0577024 -0.334272 1.43291
8.47 0.0544407 -0.329971 1.46045
8.48 0.0512228 -0.325366 1.4868
8.49 0.0480539 -0.320467 1.51229
8.5 0.0449386 -0.315282 1.53683
8.51 0.0418818 -0.309821 1.56056
8.52 0.0388882 -0.304093 1.58436
8.53 0.0359623 -0.29811 1.60831
8.54 0.0331086 -0.291882 1.63154
8.55 0.0303314 -0.285419 1.6539
8.56 0.027635 -0.278732 1.67542
8.57 0.0250235 -0.271833 1.69605
8.58 0.0225008 -0.264734 1.71613
8.59 0.0200708 -0.257446 1.7359
8.6 0.0177372 -0.249981 1.7555
8.61 0.0155035 -0.242351 1.77507
8.62 0.0133732 -0.234569 1.79438
8.63 0.0113493 -0.226647 1.81261
8.64 0.00943498 -0.218599 1.8291
8.65 0.00763315 -0.210436 1.84406
8.66 0.00594649 -0.202172 1.85785
8.67 0.00437754 -0.19382 1.87097
8.68 0.00292863 -0.185391 1.88416
8.69 0.00160193 -0.1769 1.8976
8.7 0.000399385 -0.168359 1.91086
8.71 -0.000677226 -0.159782 1.92329
8.72 -0.00162634 -0.151181 1.9348
8.73 -0.0024466 -0.142569 1.94539
8.74 -0.00313686 -0.13396 1.95474
8.75 -0.00369616 -0.125367 1.96311
8.76 -0.00412377 -0.116803 1.97103
8.77 -0.00441917 -0.108279 1.97902
8.78 -0.00458206 -0.099809 1.98718
8.79 -0.00461236 -0.0914056 1.99488
8.8 -0.00451018 -0.0830813 2.00121
8.81 -0.00427589 -0.0748483 2.0059
8.82 -0.00391005 -0.0667187 2.0096
8.83 -0.00341346 -0.0587043 2.01274
8.84 -0.00278712 -0.0508167 2.01486
8.85 -0.00203226 -0.0430672 2.01566
8.86 -0.00115033 -0.035467 2.0159
8.87 -0.000142997 -0.0280267 2.01644
8.88 0.000987853 -0.020757 2.01754
8.89 0.00224012 -0.0136685 2.01902
8.9 0.0036115 -0.00677132 2.02024
8.91 0.00509946 -7.56122e-05 2.02037
8.92 0.00670127 0.00640901 2.01895
8.93 0.008414 0.0126733 2.01636
8.94 0.0102345 0.0187084 2.01307
8.95 0.0121595 0.024506 2.0083
8.96 0.0141853 0.0300581 2.0009
8.97 0.0163084 0.0353573 1.99044
8.98 0.0185248 0.0403971 1.97714
8.99 0.0208303 0.0451713 1.96237
9 0.0232208 0.0496745 1.9473
9.01 0.0256919 0.0539016 1.93187
9.02 0.0282388 0.0578479 1.91623
9.03 0.0308569 0.061509 1.90085
9.04 0.0335413 0.0648811 1.88545
9.05 0.0362868 0.0679606 1.86984
9.06 0.0390883 0.0707442 1.85439
9.07 0.0419404 0.0732291 1.83903
9.08 0.0448377 0.0754129 1.82337
9.09 0.0477746 0.0772937 1.80673
9.1 0.0507453 0.0788699 1.78837
9.11 0.0537441 0.0801406 1.76829
9.12 0.056765 0.0811056 1.74757
9.13 0.0598021 0.0817651 1.72648
9.14 0.0628493 0.0821196 1.70447
9.15 0.0659004 0.0821704 1.68197
9.16 0.0689492 0.0819191 1.65933
9.17 0.0719894 0.0813678 1.63585
9.18 0.0750148 0.0805189 1.61126
9.19 0.0780189 0.0793756 1.58601
9.2 0.0809955 0.0779414 1.56031
9.21 0.0839381 0.0762204 1.53395
9.22 0.0868403 0.074217 1.50691
9.23 0.0896956 0.071936 1.47965
9.24 0.0924978 0.069383 1.45231
9.25 0.0952405 0.0665635 1.42485
9.26 0.0979173 0.0634837 1.39777
9.27 0.100522 0.0601499 1.37106
9.28 0.103048 0.056569 1.34376
9.29 0.10549 0.052748 1.31533
9.3 0.10784 0.0486947 1.28604
9.31 0.110094 0.0444169 1.25616
9.32 0.112246 0.0399231 1.22565
9.33 0.114288 0.0352222 1.19458
9.34 0.116217 0.0303232 1.16288
9.35 0.118026 0.0252358 1.13057
9.36 0.119709 0.0199696 1.09816
9.37 0.121261 0.014535 1.06511
9.38 0.122678 0.00894239 1.03059
9.39 0.123954 0.0032026 0.995347
9.4 0.125084 -0.00267321 0.960487
9.41 0.126063 -0.0086737 0.925956
9.42 0.126888 -0.0147874 0.891134
9.43 0.127553 -0.0210025 0.855438
9.44 0.128054 -0.0273071 0.818743
9.45 0.128389 -0.0336889 0.7816
9.46 0.128552 -0.0401356 0.744101
9.47 0.128541 -0.0466346 0.706087
9.48 0.128352 -0.0531731 0.667954
9.49 0.127982 -0.0597384 0.630166
9.5 0.127428 -0.0663175 0.592528
9.51 0.126689 -0.0728976 0.554985
9.52 0.125761 -0.0794658 0.517968
9.53 0.124643 -0.0860093 0.481347
9.54 0.123332 -0.0925152 0.444734
9.55 0.121828 -0.0989707 0.407916
9.56 0.120129 -0.105363 0.370901
9.57 0.118235 -0.11168 0.333776
9.58 0.116143 -0.117908 0.296325
9.59 0.113856 -0.124034 0.258374
9.6 0.111371 -0.130047 0.220196
9.61 0.108689 -0.135934 0.182056
9.62 0.105812 -0.141683 0.143835
9.63 0.102738 -0.14728 0.105532
9.64 0.0994708 -0.152715 0.0671948
9.65 0.0960102 -0.157975 0.0291196
9.66 0.0923582 -0.163049 -0.00829672
9.67 0.0885167 -0.167925 -0.0456182
9.68 0.0844881 -0.172593 -0.0831578
9.69 0.0802747 -0.177041 -0.120535
9.7 0.0758794 -0.181259 -0.157799
9.71 0.0713053 -0.185237 -0.195618
9.72 0.0665558 -0.188965 -0.234943
9.73 0.0616344 -0.192433 -0.275668
9.74 0.0565452 -0.195631 -0.316512
9.75 0.0512923 -0.19855 -0.356809
9.76 0.0458802 -0.20118 -0.397134
9.77 0.0403135 -0.203514 -0.437937
9.78 0.0345974 -0.205543 -0.479227
9.79 0.0287369 -0.207259 -0.521054
9.8 0.0227376 -0.208654 -0.56326
9.81 0.0166051 -0.209722 -0.605743
9.82 0.0103455 -0.210454 -0.647843
9.83 0.00396478 -0.210846 -0.688613
9.84 -0.00253063 -0.210892 -0.728148
9.85 -0.00913417 -0.210585 -0.767426
9.86 -0.0158391 -0.209923 -0.807344
9.87 -0.0226384 -0.208899 -0.847454
9.88 -0.0295251 -0.207511 -0.887229
9.89 -0.0364917 -0.205756 -0.92691
9.9 -0.0435309 -0.20363 -0.966027
9.91 -0.0506351 -0.201132 -1.00422
9.92 -0.0577966 -0.198259 -1.04167
9.93 -0.0650075 -0.195012 -1.07839
9.94 -0.0722598 -0.191389 -1.11447
9.95 -0.0795455 -0.187392 -1.14955
9.96 -0.0868564 -0.18302 -1.18338
9.97 -0.0941842 -0.178276 -1.21641
9.98 -0.101521 -0.173161 -1.24902
9.99 -0.108858 -0.167679 -1.28162
10 -0.116186 -0.161832 -1.31448
10.01 -0.123499 -0.155624 -1.34755
10.02 -0.130786 -0.14906 -1.38089
10.03 -0.138039 -0.142144 -1.41372
10.04 -0.145251 -0.134881 -1.44506
10.05 -0.152412 -0.127278 -1.47547
10.06 -0.159515 -0.11934 -1.5053
10.07 -0.16655 -0.111075 -1.53374
10.08 -0.173509 -0.102491 -1.56091
10.09 -0.180385 -0.0935952 -1.58778
10.1 -0.187168 -0.0843971 -1.61449
10.11 -0.193852 -0.0749057 -1.64047
10.12 -0.200427 -0.0651307 -1.66517
10.13 -0.206885 -0.0550825 -1.68841
10.14 -0.21322 -0.0447719 -1.71012
10.15 -0.219423 -0.0342102 -1.73042
10.16 -0.225487 -0.0234095 -1.75016
10.17 -0.231404 -0.0123821 -1.76988
10.18 -0.237167 -0.00114064 -1.78916
10.19 -0.242769 0.0103017 -1.80734
10.2 -0.248203 0.0219314 -1.82451
10.21 -0.253463 0.0337347 -1.84094
10.22 -0.258541 0.0456972 -1.85631
10.23 -0.263432 0.0578043 -1.8704
10.24 -0.26813 0.070041 -1.88376
10.25 -0.272628 0.0823922 -1.89704
10.26 -0.276921 0.0948422 -1.90993
10.27 -0.281004 0.107375 -1.92179
10.28 -0.284871 0.119976 -1.93218
10.29 -0.288518 0.132627 -1.9409
10.3 -0.29194 0.145313 -1.94827
10.31 -0.295132 0.158017 -1.95467
10.32 -0.29809 0.170722 -1.95983
10.33 -0.30081 0.183411 -1.96328
10.34 -0.30329 0.196066 -1.96473
10.35 -0.305525 0.208671 -1.96438
10.36 -0.307512 0.221207 -1.96233
10.37 -0.30925 0.233657 -1.95816
10.38 -0.310734 0.246002 -1.95194
10.39 -0.311964 0.258226 -1.94432
10.4 -0.312937 0.27031 -1.9361
10.41 -0.313651 0.282236 -1.92802
10.42 -0.314106 0.293987 -1.92011
10.43 -0.3143 0.305544 -1.91118
10.44 -0.314233 0.316892 -1.90075
10.45 -0.313904 0.328012 -1.88925
10.46 -0.313314 0.338889 -1.87673
10.47 -0.312461 0.349504 -1.86359
10.48 -0.311348 0.359843 -1.84998
10.49 -0.309974 0.369887 -1.83569
10.5 -0.30834 0.379623 -1.82067
10.51 -0.306449 0.389035 -1.80494
10.52 -0.304301 0.398107 -1.78853
10.53 -0.301898 0.406825 -1.77157
10.54 -0.299242 0.415174 -1.75454
10.55 -0.296337 0.423142 -1.7373
10.56 -0.293184 0.430715 -1.71936
10.57 -0.289786 0.43788 -1.70064
10.58 -0.286147 0.444625 -1.68164
10.59 -0.28227 0.450939 -1.66233
10.6 -0.278159 0.456811 -1.64224
10.61 -0.273817 0.462229 -1.62196
10.62 -0.269249 0.467185 -1.60144
10.63 -0.264459 0.471669 -1.57977
10.64 -0.259452 0.475672 -1.55644
10.65 -0.254232 0.479186 -1.53156
10.66 -0.248805 0.482204 -1.50626
10.67 -0.243175 0.484719 -1.48118
10.68 -0.237348 0.486723 -1.45567
10.69 -0.23133 0.488213 -1.42916
10.7 -0.225127 0.489182 -1.40175
10.71 -0.218743 0.489627 -1.37344
10.72 -0.212186 0.489544 -1.34379
10.73 -0.205462 0.488929 -1.31308
10.74 -0.198577 0.487782 -1.28248
10.75 -0.191537 0.486098 -1.25236
10.76 -0.184349 0.483879 -1.22223
10.77 -0.177021 0.481124 -1.19187
10.78 -0.169558 0.477833 -1.161
10.79 -0.161968 0.474009 -1.12952
10.8 -0.154257 0.469652 -1.09788
10.81 -0.146434 0.464767 -1.06587
10.82 -0.138506 0.459356 -1.03288
10.83 -0.130478 0.453423 -0.998718
10.84 -0.12236 0.446974 -0.963642
10.85 -0.114159 0.440014 -0.927856
10.86 -0.105881 0.432549 -0.891691
10.87 -0.097535 0.424586 -0.855712
10.88 -0.0891279 0.416131 -0.819326
10.89 -0.0806674 0.407194 -0.782213
10.9 -0.0721611 0.397783 -0.745018
10.91 -0.0636167 0.387907 -0.707739
10.92 -0.0550416 0.377576 -0.670373
10.93 -0.0464434 0.366801 -0.633261
10.94 -0.0378298 0.355594 -0.596106
10.95 -0.0292082 0.343966 -0.558213
10.96 -0.0205861 0.331929 -0.519277
10.97 -0.011971 0.319496 -0.479491
10.98 -0.00337018 0.306681 -0.438999
10.99 0.00520891 0.293497 -0.398297
11 0.013759 0.279959 -0.358154
11.01 0.022273 0.266082 -0.318604
11.02 0.0307437 0.25188 -0.279393
11.03 0.0391641 0.23737 -0.239697
11.04 0.0475273 0.222567 -0.198985
11.05 0.0558264 0.207489 -0.157853
11.06 0.0640548 0.192152 -0.116283
11.07 0.0722057 0.176572 -0.0742013
11.08 0.0802727 0.160768 -0.03235
11.09 0.0882494 0.144757 0.00931184
11.1 0.0961297 0.128558 0.0511524
11.11 0.103907 0.112187 0.0928615
11.12 0.111576 0.095664 0.133986
11.13 0.119131 0.0790075 0.174194
11.14 0.126565 0.0622364 0.213184
11.15 0.133874 0.0453698 0.251526
11.16 0.141053 0.0284273 0.290678
11.17 0.148094 0.0114282 0.330586
11.18 0.154995 -0.00560792 0.369811
11.19 0.16175 -0.0226616 0.407903
11.2 0.168354 -0.0397133 0.445477
11.21 0.174803 -0.0567432 0.482529
11.22 0.181093 -0.0737317 0.518405
11.23 0.187219 -0.090659 0.553199
11.24 0.193177 -0.107505 0.587764
11.25 0.198964 -0.124251 0.622978
11.26 0.204576 -0.140877 0.659308
11.27 0.21001 -0.157364 0.69672
11.28 0.215263 -0.173693 0.734747
11.29 0.220331 -0.189846 0.772916
11.3 0.225211 -0.205804 0.810841
11.31 0.229902 -0.221551 0.84795
11.32 0.234401 -0.237067 0.884103
11.33 0.238705 -0.252337 0.919375
11.34 0.242813 -0.267342 0.95393
11.35 0.246722 -0.282066 0.988029
11.36 0.250432 -0.296492 1.02195
11.37 0.25394 -0.310606 1.05553
11.38 0.257246 -0.324389 1.08814
11.39 0.260348 -0.337829 1.11991
11.4 0.263246 -0.350909 1.15117
11.41 0.265938 -0.363616 1.18194
11.42 0.268426 -0.375936 1.21192
11.43 0.270707 -0.387854 1.24053
11.44 0.272783 -0.399359 1.26762
11.45 0.274653 -0.410437 1.29388
11.46 0.276318 -0.421077 1.32007
11.47 0.277779 -0.431267 1.34608
11.48 0.279035 -0.440997 1.37144
11.49 0.280088 -0.450255 1.39638
11.5 0.280938 -0.459033 1.42149
11.51 0.281588 -0.467322 1.44679
11.52 0.282038 -0.475113 1.47221
11.53 0.282291 -0.482399 1.49745
11.54 0.282347 -0.489174 1.52224
11.55 0.282208 -0.49543 1.54648
11.56 0.281877 -0.501163 1.57008
11.57 0.281356 -0.506368 1.59328
11.58 0.280647 -0.511041 1.61651
11.59 0.279753 -0.515178 1.6402
11.6 0.278676 -0.518777 1.66438
11.61 0.277419 -0.521837 1.68856
11.62 0.275985 -0.524356 1.71241
11.63 0.274377 -0.526334 1.73611
11.64 0.272599 -0.527771 1.7597
11.65 0.270653 -0.528669 1.78338
11.66 0.268542 -0.52903 1.80672
11.67 0.266272 -0.528856 1.82839
11.68 0.263844 -0.52815 1.84819
11.69 0.261263 -0.526917 1.86657
11.7 0.258533 -0.52516 1.88331
11.71 0.255658 -0.522884 1.89811
11.72 0.252641 -0.520095 1.91105
11.73 0.249487 -0.516798 1.92242
11.74 0.246201 -0.513 1.93236
11.75 0.242785 -0.508706 1.94099
11.76 0.239246 -0.503925 1.94793
11.77 0.235587 -0.498664 1.9524
11.78 0.231813 -0.492931 1.95497
11.79 0.227929 -0.486735 1.95707
11.8 0.223938 -0.480084 1.95879
11.81 0.219846 -0.472988 1.9595
11.82 0.215658 -0.465458 1.9595
11.83 0.211378 -0.457504 1.95901
11.84 0.207011 -0.449137 1.95819
11.85 0.202563 -0.440368 1.95693
11.86 0.198036 -0.431209 1.954
11.87 0.193438 -0.421674 1.94999
11.88 0.188772 -0.411774 1.94638
11.89 0.184044 -0.401524 1.94264
11.9 0.179257 -0.390936 1.93748
11.91 0.174418 -0.380025 1.93067
11.92 0.169531 -0.368805 1.92319
11.93 0.1646 -0.35729 1.91544
11.94 0.159631 -0.345496 1.90734
11.95 0.154629 -0.333438 1.89862
11.96 0.149597 -0.321131 1.88825
11.97 0.144542 -0.308592 1.87617
11.98 0.139466 -0.295835 1.86285
11.99 0.134376 -0.282877 1.84776
12 0.129275 -0.269734 1.8307
12.01 0.124169 -0.256421 1.81211
12.02 0.11906 -0.242955 1.79243
12.03 0.113955 -0.229352 1.77225
12.04 0.108856 -0.215629 1.75196
12.05 0.103769 -0.2018 1.73172
12.06 0.0986973 -0.187885 1.71115
12.07 0.0936449 -0.173897 1.68979
12.08 0.0886157 -0.159855 1.66833
12.09 0.0836136 -0.145775 1.64684
12.1 0.0786423 -0.131674 1.6242
12.11 0.0737055 -0.117568 1.60017
12.12 0.0688067 -0.103475 1.57512
12.13 0.0639492 -0.0894089 1.54915
12.14 0.0591364 -0.0753876 1.52206
12.15 0.0543714 -0.0614268 1.49408
12.16 0.0496574 -0.0475422 1.46555
12.17 0.0449972 -0.0337497 1.4366
12.18 0.0403936 -0.0200648 1.40742
12.19 0.0358495 -0.0065027 1.37792
12.2 0.0313672 0.00692129 1.34818
12.21 0.0269493 0.0201922 1.3182
12.22 0.0225981 0.0332954 1.28758
12.23 0.0183157 0.0462163 1.25643
12.24 0.0141043 0.0589408 1.22454
12.25 0.0099657 0.071455 1.19172
12.26 0.00590172 0.0837455 1.15844
12.27 0.00191401 0.0957992 1.12489
12.28 -0.00199588 0.107603 1.09038
12.29 -0.00582656 0.119145 1.05464
12.3 -0.00957678 0.130414 1.01852
12.31 -0.0132454 0.141397 0.982385
12.32 -0.0168314 0.152083 0.945768
12.33 -0.0203338 0.162463 0.908472
12.34 -0.0237521 0.172525 0.870419
12.35 -0.0270854 0.182261 0.831467
12.36 -0.0303334 0.19166 0.791422
12.37 -0.0334956 0.200715 0.750129
12.38 -0.0365717 0.209417 0.70789
12.39 -0.0395617 0.217759 0.665509
12.4 -0.0424654 0.225735 0.623867
12.41 -0.0452831 0.233336 0.582662
12.42 -0.0480147 0.240558 0.540814
12.43 -0.0506607 0.247395 0.4985
12.44 -0.0532215 0.253841 0.456389
12.45 -0.0556975 0.259893 0.41449
12.46 -0.0580895 0.265547 0.372549
12.47 -0.0603979 0.270798 0.33047
12.48 -0.0626237 0.275644 0.289023
12.49 -0.0647678 0.280083 0.248356
12.5 -0.0668311 0.284112 0.206939
12.51 -0.0688146 0.28773 0.163663
12.52 -0.0707194 0.290937 0.119227
12.53 -0.0725468 0.293733 0.0745293
12.54 -0.074298 0.296118 0.0294197
12.55 -0.0759743 0.298093 -0.0163379
12.56 -0.0775772 0.299661 -0.0627896
12.57 -0.0791079 0.300824 -0.109642
12.58 -0.0805682 0.301585 -0.155883
12.59 -0.0819594 0.301947 -0.20122
12.6 -0.0832831 0.301915 -0.246439
12.61 -0.084541 0.301494 -0.291891
12.62 -0.0857347 0.300687 -0.337917
12.63 -0.086866 0.299502 -0.384626
12.64 -0.0879365 0.297944 -0.431487
12.65 -0.088948 0.29602 -0.478037
12.66 -0.0899022 0.293738 -0.524138
12.67 -0.0908008 0.291104 -0.570043
12.68 -0.0916458 0.288128 -0.61557
12.69 -0.0924389 0.284818 -0.660616
12.7 -0.0931818 0.281184 -0.70523
12.71 -0.0938764 0.277233 -0.748744
12.72 -0.0945244 0.272977 -0.790946
12.73 -0.0951277 0.268425 -0.832392
12.74 -0.0956881 0.263588 -0.873253
12.75 -0.0962072 0.258476 -0.913349
12.76 -0.0966868 0.253101 -0.95268
12.77 -0.0971287 0.247473 -0.991483
12.78 -0.0975346 0.241605 -1.02954
12.79 -0.097906 0.235508 -1.06665
12.8 -0.0982448 0.229194 -1.10365
12.81 -0.0985523 0.222677 -1.14085
12.82 -0.0988303 0.215968 -1.17761
12.83 -0.0990803 0.20908 -1.21337
12.84 -0.0993037 0.202028 -1.24809
12.85 -0.099502 0.194823 -1.28221
12.86 -0.0996766 0.18748 -1.31602
12.87 -0.0998288 0.180012 -1.34994
12.88 -0.09996 0.172434 -1.38399
12.89 -0.100071 0.164758 -1.41746
12.9 -0.100164 0.157 -1.44952
12.91 -0.100239 0.149174 -1.47998
12.92 -0.100298 0.141293 -1.50974
12.93 -0.100341 0.133373 -1.5396
12.94 -0.10037 0.125426 -1.56953
12.95 -0.100385 0.117469 -1.59938
12.96 -0.100388 0.109514 -1.62909
12.97 -0.100379 0.101576 -1.65838
12.98 -0.100358 0.0936708 -1.68693
12.99 -0.100327 0.0858115 -1.71438
13 -0.100286 0.0780124 -1.74046
13.01 -0.100236 0.0702876 -1.76551
13.02 -0.100177 0.0626509 -1.78965
13.03 -0.10011 0.0551158 -1.81211
13.04 -0.100034 0.0476957 -1.83197
13.05 -0.0999512 0.0404033 -1.84902
13.06 -0.0998606 0.0332512 -1.8642
13.07 -0.0997629 0.0262513 -1.87902
13.08 -0.0996582 0.0194156 -1.89412
13.09 -0.0995467 0.0127556 -1.90896
13.1 -0.0994283 0.00628285 -1.9232
13.11 -0.0993033 8.40349e-06 -1.93717
13.12 -0.0991715 -0.00605686 -1.95099
13.13 -0.0990329 -0.0119023 -1.9646
13.14 -0.0988874 -0.0175178 -1.97775
13.15 -0.098735 -0.0228932 -1.99012
13.16 -0.0985755 -0.0280191 -2.0017
13.17 -0.0984086 -0.0328863 -2.01155
13.18 -0.0982342 -0.0374862 -2.01866
13.19 -0.0980521 -0.0418109 -2.02379
13.2 -0.0978619 -0.0458531 -2.02812
13.21 -0.0976634 -0.0496058 -2.03199
13.22 -0.0974564 -0.0530626 -2.03497
13.23 -0.0972404 -0.0562175 -2.03688
13.24 -0.0970152 -0.0590652 -2.0377
13.25 -0.0967804 -0.0616009 -2.03695
13.26 -0.0965357 -0.0638201 -2.03534
13.27 -0.0962807 -0.0657193 -2.03334
13.28 -0.0960152 -0.0672951 -2.03005
13.29 -0.0957387 -0.068545 -2.02537
13.3 -0.0954509 -0.0694669 -2.02005
13.31 -0.0951516 -0.0700593 -2.01468
13.32 -0.0948403 -0.0703211 -2.00886
13.33 -0.0945167 -0.0702519 -2.00132
13.34 -0.0941807 -0.069852 -1.99188
13.35 -0.0938318 -0.069122 -1.98108
13.36 -0.0934699 -0.0680636 -1.96892
13.37 -0.0930946 -0.0666788 -1.95547
13.38 -0.0927059 -0.0649703 -1.94077
13.39 -0.0923034 -0.0629416 -1.92449
13.4 -0.0918871 -0.0605968 -1.90602
13.41 -0.0914568 -0.0579404 -1.88558
13.42 -0.0910124 -0.054978 -1.86433
13.43 -0.0905539 -0.0517155 -1.84269
13.44 -0.0900811 -0.0481593 -1.82036
13.45 -0.0895942 -0.0443166 -1.79701
13.46 -0.0890931 -0.0401947 -1.7728
13.47 -0.0885778 -0.0358019 -1.74824
13.48 -0.0880486 -0.0311466 -1.72298
13.49 -0.0875056 -0.0262378 -1.69621
13.5 -0.0869488 -0.0210852 -1.66742
13.51 -0.0863785 -0.0156989 -1.63624
13.52 -0.085795 -0.0100898 -1.60307
13.53 -0.0851985 -0.00426923 -1.56906
13.54 -0.0845894 0.0017509 -1.5352
13.55 -0.0839679 0.00795846 -1.50164
13.56 -0.0833346 0.014341 -1.46805
13.57 -0.0826896 0.0208858 -1.43404
13.58 -0.0820336 0.0275798 -1.39875
13.59 -0.081367 0.0344095 -1.36203
13.6 -0.0806903 0.0413611 -1.32494
13.61 -0.0800039 0.0484206 -1.28805
13.62 -0.0793085 0.0555736 -1.25091
13.63 -0.0786046 0.0628056 -1.21305
13.64 -0.0778928 0.070102 -1.17458
13.65 -0.0771737 0.0774477 -1.1359
13.66 -0.0764479 0.0848279 -1.09717
13.67 -0.075716 0.0922272 -1.05841
13.68 -0.0749788 0.0996304 -1.01972
13.69 -0.0742368 0.107022 -0.981115
13.7 -0.0734908 0.114388 -0.942068
13.71 -0.0727414 0.121711 -0.902107
13.72 -0.0719893 0.128977 -0.861677
13.73 -0.0712351 0.13617 -0.821336
13.74 -0.0704796 0.143275 -0.780986
13.75 -0.0697234 0.150277 -0.74095
13.76 -0.0689672 0.15716 -0.701662
13.77 -0.0682116 0.163909 -0.662681
13.78 -0.0674573 0.17051 -0.623835
13.79 -0.0667049 0.176948 -0.585352
13.8 -0.065955 0.18321 -0.547026
13.81 -0.0652082 0.18928 -0.508168
13.82 -0.0644651 0.195144 -0.468456
13.83 -0.0637263 0.20079 -0.428272
13.84 -0.0629922 0.206204 -0.387965
13.85 -0.0622633 0.211372 -0.347827
13.86 -0.0615402 0.216281 -0.307824
13.87 -0.0608233 0.22092 -0.267231
13.88 -0.0601129 0.225275 -0.226133
13.89 -0.0594094 0.229335 -0.185497
13.9 -0.0587132 0.233089 -0.14513
13.91 -0.0580244 0.236525 -0.104259
13.92 -0.0573435 0.239632 -0.0627103
13.93 -0.0566704 0.242401 -0.0204418
13.94 -0.0560055 0.244821 0.0225224
13.95 -0.0553487 0.246884 0.0657559
13.96 -0.0547001 0.248579 0.10904
13.97 -0.0540598 0.249898 0.152848
13.98 -0.0534276 0.250834 0.197197
13.99 -0.0528034 0.251379 0.241802
14 -0.052187 0.251525 0.286453
14.01 -0.0515782 0.251267 0.331007
14.02 -0.0509767 0.250598 0.375849
14.03 -0.0503821 0.249513 0.420844
14.04 -0.0497941 0.248006 0.466029
14.05 -0.049212 0.246075 0.511704
14.06 -0.0486353 0.243715 0.556919
14.07 -0.0480634 0.240923 0.600932
14.08 -0.0474956 0.237698 0.643965
14.09 -0.0469312 0.234037 0.686328
14.1 -0.0463693 0.22994 0.728532
14.11 -0.0458089 0.225407 0.770903
14.12 -0.0452492 0.220438 0.813297
14.13 -0.0446891 0.215035 0.855621
14.14 -0.0441274 0.2092 0.897313
14.15 -0.0435631 0.202934 0.937796
14.16 -0.0429948 0.196243 0.977296
14.17 -0.0424213 0.189128 1.01582
14.18 -0.0418413 0.181597 1.05311
14.19 -0.0412532 0.173653 1.08981
14.2 -0.0406556 0.165305 1.12646
14.21 -0.0400469 0.156557 1.16269
14.22 -0.0394257 0.147419 1.19827
14.23 -0.0387901 0.137898 1.23297
14.24 -0.0381385 0.128004 1.26642
14.25 -0.0374692 0.117747 1.2988
14.26 -0.0367804 0.107135 1.33082
14.27 -0.0360703 0.096182 1.36286
14.28 -0.0353369 0.0848978 1.39509
14.29 -0.0345785 0.073295 1.42739
14.3 -0.033793 0.061386 1.45929
14.31 -0.0329785 0.0491839 1.49046
14.32 -0.0321331 0.0367025 1.52053
14.33 -0.0312548 0.0239558 1.54956
14.34 -0.0303415 0.0109588 1.57761
14.35 -0.0293913 -0.00227341 1.60428
14.36 -0.0284022 -0.0157249 1.62964
14.37 -0.0273721 -0.0293794 1.6539
14.38 -0.0262991 -0.0432199 1.67751
14.39 -0.0251812 -0.0572295 1.70105
14.4 -0.0240164 -0.0713905 1.7246
14.41 -0.0228028 -0.0856852 1.74866
14.42 -0.0215385 -0.100096 1.77353
14.43 -0.0202215 -0.114604 1.79857
14.44 -0.0188501 -0.129191 1.82302
14.45 -0.0174225 -0.14384 1.84604
14.46 -0.0159369 -0.158531 1.86743
14.47 -0.0143916 -0.173245 1.88731
14.48 -0.012785 -0.187963 1.90623
14.49 -0.0111155 -0.202665 1.92488
14.5 -0.00938163 -0.217332 1.9431
14.51 -0.00758201 -0.231945 1.96097
14.52 -0.00571527 -0.246484 1.9782
14.53 -0.00378016 -0.260929 1.99439
14.54 -0.00177552 -0.27526 2.01012
14.55 0.000299713 -0.289459 2.02545
14.56 0.0024465 -0.303506 2.03976
14.57 0.0046657 -0.317382 2.05293
14.58 0.00695806 -0.331067 2.06509
14.59 0.00932421 -0.344542 2.07658
14.6 0.0117647 -0.357788 2.08776
14.61 0.0142798 -0.370788 2.09871
14.62 0.01687 -0.383521 2.10943
14.63 0.0195352 -0.395972 2.11998
14.64 0.0222755 -0.408121 2.13024
14.65 0.0250908 -0.419952 2.13961
14.66 0.0279808 -0.431447 2.14777
14.67 0.0309451 -0.442591 2.15508
14.68 0.033983 -0.453367 2.16189
14.69 0.037094 -0.463759 2.16823
14.7 0.0402771 -0.473752 2.17425
14.71 0.0435313 -0.483331 2.18008
14.72 0.0468555 -0.492483 2.18557
14.73 0.0502483 -0.501193 2.19104
14.74 0.0537082 -0.50945 2.19692
14.75 0.0572337 -0.517239 2.20261
14.76 0.0608229 -0.524551 2.20753
14.77 0.0644739 -0.531374 2.21199
14.78 0.0681846 -0.537697 2.21574
14.79 0.0719527 -0.543511 2.21798
14.8 0.0757759 -0.548808 2.21843
14.81 0.0796515 -0.553577 2.21735
14.82 0.0835769 -0.557812 2.21519
14.83 0.0875491 -0.561504 2.21184
14.84 0.0915653 -0.564648 2.2072
14.85 0.0956221 -0.567237 2.20206
14.86 0.0997164 -0.569266 2.19692
14.87 0.103845 -0.57073 2.19193
14.88 0.108003 -0.571626 2.18762
14.89 0.112189 -0.571951 2.18361
14.9 0.116397 -0.571703 2.17892
14.91 0.120624 -0.570881 2.17347
14.92 0.124866 -0.569485 2.16704
14.93 0.129118 -0.567515 2.15941
14.94 0.133377 -0.564972 2.1513
14.95 0.137638 -0.561859 2.14305
14.96 0.141895 -0.558177 2.13451
14.97 0.146146 -0.55393 2.1255
14.98 0.150384 -0.549123 2.11553
14.99 0.154606 -0.543761 2.1039
15 0.158806 -0.537848 2.09064
15.01 0.162979 -0.531392 2.07644
15.02 0.16712 -0.5244 2.0616
15.03 0.171225 -0.516878 2.04666
15.04 0.175287 -0.508836 2.03198
15.05 0.179303 -0.500283 2.01715
15.06 0.183266 -0.491228 2.00112
15.07 0.187171 -0.481682 1.98307
15.08 0.191014 -0.471656 1.96365
15.09 0.194788 -0.461162 1.94374
15.1 0.198489 -0.450213 1.92312
15.11 0.202111 -0.43882 1.90149
15.12 0.205649 -0.426997 1.87855
15.13 0.209098 -0.414758 1.85446
15.14 0.212452 -0.402118 1.83042
15.15 0.215706 -0.389092 1.80653
15.16 0.218855 -0.375694 1.78167
15.17 0.221893 -0.361941 1.75559
15.18 0.224817 -0.347849 1.72896
15.19 0.22762 -0.333435 1.70207
15.2 0.230297 -0.318717 1.67432
15.21 0.232844 -0.303712 1.64589
15.22 0.235256 -0.288437 1.61732
15.23 0.237528 -0.272912 1.5882
15.24 0.239656 -0.257155 1.5582
15.25 0.241634 -0.241185 1.52727
15.26 0.243459 -0.22502 1.49557
15.27 0.245126 -0.208682 1.46331
15.28 0.246632 -0.192188 1.43023
15.29 0.247971 -0.175559 1.39659
15.3 0.24914 -0.158814 1.36293
15.31 0.250135 -0.141974 1.3294
15.32 0.250953 -0.125058 1.29627
15.33 0.25159 -0.108088 1.26358
15.34 0.252043 -0.0910837 1.23102
15.35 0.252309 -0.0740654 1.19805
15.36 0.252385 -0.0570539 1.1638
15.37 0.252267 -0.0400698 1.12808
15.38 0.251954 -0.0231332 1.09142
15.39 0.251443 -0.00626419 1.05381
15.4 0.250732 0.0105172 1.01508
15.41 0.249819 0.0271915 0.975445
15.42 0.248701 0.0437391 0.935269
15.43 0.247378 0.0601409 0.894611
15.44 0.245848 0.0763781 0.853557
15.45 0.24411 0.0924318 0.812731
15.46 0.242163 0.108284 0.772383
15.47 0.240006 0.123915 0.731914
15.48 0.237639 0.139309 0.691024
15.49 0.235061 0.154448 0.65028
15.5 0.232272 0.169313 0.609535
15.51 0.229274 0.18389 0.568408
15.52 0.226065 0.19816 0.527436
15.53 0.222646 0.212109 0.486755
15.54 0.21902 0.22572 0.446508
15.55 0.215185 0.238979 0.407141
15.56 0.211145 0.25187 0.368571
15.57 0.206901 0.26438 0.330413
15.58 0.202453 0.276495 0.292374
15.59 0.197806 0.288201 0.253822
15.6 0.19296 0.299486 0.214096
15.61 0.187918 0.310337 0.173205
15.62 0.182683 0.320745 0.131176
15.63 0.177258 0.330697 0.0882065
15.64 0.171647 0.340185 0.044767
15.65 0.165852 0.3492 0.00127869
15.66 0.159878 0.357733 -0.0416272
15.67 0.153727 0.365776 -0.0839061
15.68 0.147406 0.373324 -0.125747
15.69 0.140916 0.380368 -0.167007
15.7 0.134264 0.386904 -0.20794
15.71 0.127454 0.392927 -0.248203
15.72 0.120491 0.398431 -0.287484
15.73 0.11338 0.403414 -0.326114
15.74 0.106127 0.407872 -0.363916
15.75 0.0987358 0.411802 -0.401031
15.76 0.0912137 0.415203 -0.437473
15.77 0.083566 0.418074 -0.472807
15.78 0.0757989 0.420414 -0.50755
15.79 0.0679185 0.422223 -0.542293
15.8 0.0599314 0.423503 -0.576969
15.81 0.0518439 0.424254 -0.611432
15.82 0.0436629 0.42448 -0.64557
15.83 0.0353951 0.424183 -0.679658
15.84 0.0270476 0.423367 -0.71441
15.85 0.0186275 0.422037 -0.74988
15.86 0.0101419 0.420198 -0.78554
15.87 0.00159826 0.417857 -0.821245
15.88 -0.00699598 0.415021 -0.857105
15.89 -0.0156333 0.411697 -0.892891
15.9 -0.0243059 0.407893 -0.928677
15.91 -0.0330063 0.403619 -0.96531
15.92 -0.0417264 0.398885 -1.00267
15.93 -0.0504586 0.3937 -1.03986
15.94 -0.0591947 0.388077 -1.07663
15.95 -0.0679268 0.382027 -1.11289
15.96 -0.076647 0.375563 -1.14877
15.97 -0.085347 0.368696 -1.18427
15.98 -0.0940189 0.361442 -1.21893
15.99 -0.102655 0.353813 -1.25295
16 -0.111246 0.345824 -1.28661
16.01 -0.119784 0.337489 -1.31937
16.02 -0.128263 0.328825 -1.35087
16.03 -0.136672 0.319846 -1.38141
16.04 -0.145005 0.310568 -1.41164
16.05 -0.153253 0.301008 -1.44208
16.06 -0.161408 0.291182 -1.4727
16.07 -0.169463 0.281107 -1.5034
16.08 -0.17741 0.270802 -1.53412
16.09 -0.18524 0.260283 -1.56402
16.1 -0.192947 0.249568 -1.59191
16.11 -0.200522 0.238676 -1.6174
16.12 -0.207958 0.227625 -1.64052
16.13 -0.215249 0.216432 -1.66162
16.14 -0.222386 0.205117 -1.68146
16.15 -0.229362 0.193695 -1.70058
16.16 -0.236171 0.182187 -1.71916
16.17 -0.242806 0.170609 -1.73692
16.18 -0.24926 0.15898 -1.75377
16.19 -0.255527 0.147318 -1.76968
16.2 -0.2616 0.135641 -1.78438
16.21 -0.267472 0.123966 -1.79837
16.22 -0.273139 0.112313 -1.81227
16.23 -0.278595 0.100699 -1.82603
16.24 -0.283833 0.0891405 -1.83974
16.25 -0.288848 0.0776565 -1.8538
16.26 -0.293636 0.0662642 -1.86786
16.27 -0.298191 0.0549811 -1.88104
16.28 -0.302508 0.0438245 -1.89287
16.29 -0.306583 0.0328113 -1.90382
16.3 -0.310411 0.0219583 -1.91378
16.31 -0.313989 0.0112816 -1.92203
16.32 -0.317313 0.000797129 -1.92877
16.33 -0.320378 -0.0094796 -1.9342
16.34 -0.323183 -0.0195336 -1.93834
16.35 -0.325723 -0.0293504 -1.94127
16.36 -0.327995 -0.0389159 -1.94238
16.37 -0.329999 -0.0482165 -1.94163
16.38 -0.331729 -0.0572392 -1.94
16.39 -0.333186 -0.0659717 -1.93822
16.4 -0.334367 -0.0744018 -1.93609
16.41 -0.335271 -0.082518 -1.93332
16.42 -0.335896 -0.0903091 -1.93008
16.43 -0.336241 -0.0977645 -1.92665
16.44 -0.336306 -0.104874 -1.92318
16.45 -0.33609 -0.111628 -1.91928
16.46 -0.335594 -0.118018 -1.91419
16.47 -0.334817 -0.124035 -1.90731
16.48 -0.333759 -0.129671 -1.89874
16.49 -0.332422 -0.13492 -1.88865
16.5 -0.330807 -0.139774 -1.87652
16.51 -0.328914 -0.144229 -1.86258
16.52 -0.326745 -0.148279 -1.84788
16.53 -0.324303 -0.151921 -1.83346
16.54 -0.321588 -0.155151 -1.81939
16.55 -0.318604 -0.157965 -1.80464
16.56 -0.315353 -0.160362 -1.78883
16.57 -0.311838 -0.16234 -1.7723
16.58 -0.308062 -0.163897 -1.75497
16.59 -0.304029 -0.165033 -1.73691
16.6 -0.299742 -0.165749 -1.71887
16.61 -0.295205 -0.166044 -1.70115
16.62 -0.290423 -0.165922 -1.68325
16.63 -0.285399 -0.165383 -1.6643
16.64 -0.280139 -0.16443 -1.64424
16.65 -0.274647 -0.163066 -1.62357
16.66 -0.268929 -0.161297 -1.60235
16.67 -0.262989 -0.159125 -1.58071
16.68 -0.256834 -0.156557 -1.55923
16.69 -0.250469 -0.153597 -1.53812
16.7 -0.243901 -0.150253 -1.51668
16.71 -0.237135 -0.146532 -1.49449
16.72 -0.230179 -0.14244 -1.47229
16.73 -0.223038 -0.137985 -1.45012
16.74 -0.21572 -0.133176 -1.42706
16.75 -0.208231 -0.128023 -1.40329
16.76 -0.200579 -0.122534 -1.37971
16.77 -0.192772 -0.11672 -1.35645
16.78 -0.184816 -0.11059 -1.3337
16.79 -0.17672 -0.104157 -1.31128
16.8 -0.168491 -0.0974308 -1.28858
16.81 -0.160138 -0.0904234 -1.26571
16.82 -0.151668 -0.0831471 -1.24249
16.83 -0.14309 -0.0756142 -1.21833
16.84 -0.134412 -0.0678378 -1.19283
16.85 -0.125644 -0.0598314 -1.16606
16.86 -0.116792 -0.0516089 -1.13871
16.87 -0.107867 -0.0431847 -1.11149
16.88 -0.0988771 -0.0345735 -1.08458
16.89 -0.089831 -0.0257901 -1.05759
16.9 -0.0807379 -0.0168497 -1.03088
16.91 -0.0716068 -0.00776751 -1.00494
16.92 -0.0624468 0.00144086 -0.979152
16.93 -0.0532671 0.0107598 -0.952796
16.94 -0.044077 0.0201734 -0.925182
16.95 -0.0348856 0.0296654 -0.896159
16.96 -0.0257022 0.0392195 -0.866473
16.97 -0.0165361 0.0488189 -0.836733
16.98 -0.00739659 0.058447 -0.807243
16.99 0.00170712 0.0680869 -0.777888
17 0.0107658 0.0777218 -0.748358
17.01 0.0197701 0.0873348 -0.719165
17.02 0.0287109 0.0969092 -0.690407
17.03 0.0375791 0.106428 -0.661125
17.04 0.0463657 0.115875 -0.630916
17.05 0.0550614 0.125233 -0.600843
17.06 0.0636575 0.134486 -0.571498
17.07 0.0721451 0.143617 -0.541533
17.08 0.0805154 0.152609 -0.510514
17.09 0.0887597 0.161447 -0.478989
17.1 0.0968696 0.170114 -0.446923
17.11 0.104837 0.178594 -0.414242
17.12 0.112652 0.186872 -0.380867
17.13 0.120309 0.194931 -0.346631
17.14 0.127798 0.202756 -0.311078
17.15 0.135112 0.210332 -0.274166
17.16 0.142244 0.217643 -0.2368
17.17 0.149185 0.224675 -0.199794
17.18 0.155929 0.231413 -0.162743
17.19 0.162469 0.237843 -0.124895
17.2 0.168797 0.243952 -0.0864314
17.21 0.174908 0.249725 -0.0478193
17.22 0.180794 0.25515 -0.00967973
17.23 0.18645 0.260215 0.0275855
17.24 0.19187 0.264907 0.0644952
17.25 0.197048 0.269215 0.101681
17.26 0.20198 0.273129 0.139152
17.27 0.206659 0.276639 0.176501
17.28 0.211081 0.279733 0.213686
17.29 0.215242 0.282405 0.250921
17.3 0.219138 0.284644 0.28837
17.31 0.222764 0.286443 0.325735
17.32 0.226118 0.287794 0.362849
17.33 0.229196 0.288692 0.400136
17.34 0.231995 0.28913 0.437652
17.35 0.234512 0.289102 0.475333
17.36 0.236746 0.288604 0.513114
17.37 0.238695 0.287632 0.550671
17.38 0.240357 0.286183 0.587555
17.39 0.241731 0.284253 0.623987
17.4 0.242817 0.281841 0.660488
17.41 0.243613 0.278945 0.697126
17.42 0.24412 0.275566 0.734194
17.43 0.244339 0.271704 0.7719
17.44 0.24427 0.267358 0.810413
17.45 0.243913 0.262531 0.849702
17.46 0.243272 0.257225 0.888999
17.47 0.242346 0.251442 0.928
17.48 0.24114 0.245185 0.967049
17.49 0.239654 0.23846 1.00631
17.5 0.237893 0.23127 1.04567
17.51 0.23586 0.223622 1.08505
17.52 0.233558 0.21552 1.1241
17.53 0.230991 0.206973 1.16195
17.54 0.228164 0.197988 1.19831
17.55 0.225081 0.188574 1.234
17.56 0.221749 0.178739 1.26982
17.57 0.218172 0.168494 1.30573
17.58 0.214356 0.157849 1.3413
17.59 0.210308 0.146816 1.37641
17.6 0.206034 0.135405 1.41102
17.61 0.201541 0.12363 1.44485
17.62 0.196836 0.111504 1.4781
17.63 0.191927 0.0990394 1.51096
17.64 0.186822 0.0862516 1.54325
17.65 0.181528 0.0731553 1.57449
17.66 0.176054 0.0597657 1.60429
17.67 0.170409 0.046099 1.63351
17.68 0.164602 0.0321716 1.66252
17.69 0.158642 0.0180007 1.6904
17.7 0.152539 0.00360371 1.71662
17.71 0.146301 -0.0110012 1.74119
17.72 0.13994 -0.0257956 1.76475
17.73 0.133464 -0.0407603 1.78759
17.74 0.126885 -0.0558759 1.80924
17.75 0.120213 -0.0711228 1.8293
17.76 0.113458 -0.0864806 1.8483
17.77 0.106631 -0.101929 1.86706
17.78 0.0997433 -0.117447 1.88509
17.79 0.0928056 -0.133014 1.90195
17.8 0.0858289 -0.148609 1.91739
17.81 0.0788243 -0.16421 1.93141
17.82 0.0718032 -0.179796 1.94405
17.83 0.0647767 -0.195346 1.9547
17.84 0.057756 -0.210836 1.96365
17.85 0.0507525 -0.226246 1.97236
17.86 0.0437773 -0.241554 1.98138
17.87 0.0368418 -0.256736 1.98987
17.88 0.0299569 -0.271773 1.99746
17.89 0.023134 -0.286642 2.00467
17.9 0.0163838 -0.301323 2.01105
17.91 0.00971741 -0.315793 2.01553
17.92 0.00314549 -0.330031 2.01787
17.93 -0.0033213 -0.344018 2.01843
17.94 -0.00967249 -0.357732 2.01818
17.95 -0.0158978 -0.371152 2.01778
17.96 -0.0219872 -0.384259 2.01706
17.97 -0.0279307 -0.397033 2.01553
17.98 -0.0337187 -0.409454 2.01294
17.99 -0.0393419 -0.421504 2.00943
18 -0.0447911 -0.433165 2.00507
18.01 -0.0500574 -0.444418 1.99992
18.02 -0.0551324 -0.455247 1.99418
18.03 -0.0600078 -0.465635 1.98761
18.04 -0.0646757 -0.475565 1.97946
18.05 -0.0691286 -0.485022 1.96972
18.06 -0.0733592 -0.493991 1.95882
18.07 -0.0773608 -0.502457 1.94651
18.08 -0.0811269 -0.510407 1.93234
18.09 -0.0846514 -0.517827 1.91631
18.1 -0.0879288 -0.524705 1.899
18.11 -0.0909538 -0.531029 1.88105
18.12 -0.0937217 -0.536787 1.86263
18.13 -0.096228 -0.54197 1.84346
18.14 -0.0984691 -0.546567 1.82327
18.15 -0.100441 -0.55057 1.8019
18.16 -0.102142 -0.553971 1.77911
18.17 -0.103568 -0.556763 1.75563
18.18 -0.104718 -0.55894 1.73273
18.19 -0.105591 -0.560496 1.71026
18.2 -0.106184 -0.561427 1.6873
18.21 -0.106499 -0.561729 1.66315
18.22 -0.106534 -0.561401 1.63744
18.23 -0.10629 -0.56044 1.6111
18.24 -0.105769 -0.558845 1.58526
18.25 -0.104971 -0.556617 1.56013
18.26 -0.103898 -0.553757 1.53552
18.27 -0.102554 -0.550268 1.5108
18.28 -0.10094 -0.546152 1.48526
18.29 -0.0990615 -0.541415 1.4595
18.3 -0.0969209 -0.53606 1.43472
18.31 -0.0945231 -0.530095 1.41096
18.32 -0.091873 -0.523526 1.38727
18.33 -0.0889758 -0.516361 1.3627
18.34 -0.0858374 -0.50861 1.33739
18.35 -0.082464 -0.500282 1.31123
18.36 -0.0788623 -0.491389 1.28383
18.37 -0.0750393 -0.48194 1.25579
18.38 -0.0710027 -0.471949 1.22761
18.39 -0.0667602 -0.461427 1.19973
18.4 -0.0623203 -0.45039 1.17222
18.41 -0.0576914 -0.43885 1.14441
18.42 -0.0528827 -0.426824 1.11596
18.43 -0.0479035 -0.414327 1.08699
18.44 -0.0427634 -0.401376 1.05773
18.45 -0.0374725 -0.387987 1.02793
18.46 -0.032041 -0.374179 0.997821
18.47 -0.0264794 -0.35997 0.967935
18.48 -0.0207985 -0.345378 0.937966
18.49 -0.0150093 -0.330422 0.908108
18.5 -0.00912313 -0.315124 0.87868
18.51 -0.00315128 -0.299503 0.849212
18.52 0.00289463 -0.283579 0.819204
18.53 0.00900287 -0.267375 0.788245
18.54 0.0151616 -0.250912 0.756483
18.55 0.0213588 -0.23421 0.723921
18.56 0.0275825 -0.217293 0.690422
18.57 0.0338205 -0.200182 0.656477
18.58 0.0400608 -0.182899 0.621726
18.59 0.046291 -0.165467 0.585816
18.6 0.0524992 -0.147908 0.549623
18.61 0.0586731 -0.130244 0.51339
18.62 0.0648006 -0.112498 0.47654
18.63 0.0708698 -0.0946915 0.439003
18.64 0.0768686 -0.076848 0.401316
18.65 0.0827854 -0.0589892 0.364282
18.66 0.0886083 -0.0411377 0.328077
18.67 0.0943259 -0.0233155 0.292278
18.68 0.0999268 -0.00554495 0.256925
18.69 0.1054 0.0121519 0.221836
18.7 0.110734 0.0297532 0.186493
18.71 0.115919 0.0472372 0.150852
18.72 0.120944 0.0645827 0.115323
18.73 0.125798 0.0817686 0.0799847
18.74 0.130473 0.0987742 0.0444646
18.75 0.134958 0.115579 0.00941166
18.76 0.139245 0.132164 -0.0248763
18.77 0.143323 0.148508 -0.0593523
18.78 0.147185 0.164593 -0.094072
18.79 0.150823 0.1804 -0.128676
18.8 0.154229 0.195911 -0.16295
18.81 0.157395 0.211108 -0.196108
18.82 0.160314 0.225975 -0.227743
18.83 0.162981 0.240494 -0.258321
18.84 0.165388 0.254649 -0.288173
18.85 0.16753 0.268424 -0.317052
18.86 0.169403 0.281805 -0.344803
18.87 0.171 0.294777 -0.371679
18.88 0.172319 0.307325 -0.39792
18.89 0.173356 0.319437 -0.423919
18.9 0.174106 0.3311 -0.449906
18.91 0.174568 0.342302 -0.475995
18.92 0.17474 0.353031 -0.502659
18.93 0.174618 0.363278 -0.529376
18.94 0.174203 0.373034 -0.554887
18.95 0.173494 0.382288 -0.579128
18.96 0.17249 0.391034 -0.602518
18.97 0.171193 0.399264 -0.625257
18.98 0.169601 0.406971 -0.64798
18.99 0.167718 0.41415 -0.670966
19 0.165546 0.420795 -0.694135
19.01 0.163085 0.426902 -0.717364
19.02 0.16034 0.432469 -0.740438
19.03 0.157313 0.437493 -0.763375
19.04 0.15401 0.441972 -0.786012
19.05 0.150433 0.445905 -0.808862
19.06 0.146589 0.449294 -0.832732
19.07 0.142482 0.452138 -0.857181
19.08 0.138117 0.45444 -0.881466
19.09 0.133503 0.456202 -0.905377
19.1 0.128644 0.457428 -0.92889
19.11 0.123549 0.458122 -0.951622
19.12 0.118224 0.458289 -0.973386
19.13 0.112678 0.457934 -0.994754
19.14 0.106918 0.457065 -1.01614
19.15 0.100954 0.455687 -1.03764
19.16 0.0947952 0.453809 -1.05893
19.17 0.0884498 0.451439 -1.07941
19.18 0.0819279 0.448585 -1.09921
19.19 0.0752394 0.445258 -1.11882
19.2 0.0683945 0.441468 -1.13817
19.21 0.0614037 0.437225 -1.1572
19.22 0.0542777 0.432541 -1.17591
19.23 0.0470274 0.427428 -1.19414
19.24 0.039664 0.421897 -1.21232
19.25 0.0321987 0.415962 -1.23089
19.26 0.0246429 0.409636 -1.24993
19.27 0.0170083 0.402933 -1.26921
19.28 0.00930652 0.395868 -1.2879
19.29 0.00154936 0.388455 -1.30608
19.3 -0.00625134 0.380709 -1.32406
19.31 -0.0140837 0.372646 -1.34166
19.32 -0.0219357 0.364282 -1.35832
19.33 -0.0297956 0.355631 -1.37346
19.34 -0.0376513 0.346711 -1.38788
19.35 -0.0454911 0.337538 -1.40271
19.36 -0.053303 0.328128 -1.41756
19.37 -0.0610755 0.318497 -1.43148
19.38 -0.0687969 0.308663 -1.44465
19.39 -0.0764556 0.298642 -1.45769
19.4 -0.0840404 0.288451 -1.47012
19.41 -0.0915401 0.278107 -1.4812
19.42 -0.0989437 0.267626 -1.49108
19.43 -0.10624 0.257026 -1.50044
19.44 -0.113419 0.246324 -1.50952
19.45 -0.120471 0.235534 -1.5187
19.46 -0.127384 0.224676 -1.52931
19.47 -0.13415 0.213764 -1.54094
19.48 -0.140759 0.202815 -1.55199
19.49 -0.147201 0.191847 -1.56218
19.5 -0.153468 0.180875 -1.5714
19.51 -0.159551 0.169915 -1.5795
19.52 -0.165443 0.158984 -1.58661
19.53 -0.171134 0.148095 -1.59294
19.54 -0.176619 0.137266 -1.59855
19.55 -0.181889 0.126509 -1.60326
19.56 -0.186938 0.115839 -1.60656
19.57 -0.19176 0.105271 -1.60782
19.58 -0.196349 0.0948173 -1.60726
19.59 -0.2007 0.0844911 -1.60593
19.6 -0.204808 0.0743046 -1.60443
19.61 -0.208668 0.0642699 -1.60213
19.62 -0.212276 0.0543985 -1.59863
19.63 -0.215628 0.0447015 -1.59418
19.64 -0.218722 0.0351895 -1.58883
19.65 -0.221554 0.0258725 -1.58289
19.66 -0.224123 0.0167601 -1.57631
19.67 -0.226426 0.00786134 -1.56854
19.68 -0.228462 -0.00081514 -1.55995
19.69 -0.230231 -0.00926131 -1.55115
19.7 -0.231731 -0.0174696 -1.54173
19.71 -0.232963 -0.0254329 -1.53137
19.72 -0.233928 -0.0331448 -1.52059
19.73 -0.234626 -0.040599 -1.50967
19.74 -0.235058 -0.0477901 -1.49865
19.75 -0.235226 -0.0547128 -1.48745
19.76 -0.235133 -0.0613625 -1.47544
19.77 -0.234781 -0.067735 -1.46234
19.78 -0.234173 -0.0738268 -1.44776
19.79 -0.233313 -0.0796348 -1.43122
19.8 -0.232203 -0.0851566 -1.41366
19.81 -0.23085 -0.0903905 -1.39624
19.82 -0.229255 -0.0953349 -1.37876
19.83 -0.227426 -0.0999891 -1.36031
19.84 -0.225367 -0.104352 -1.34082
19.85 -0.223083 -0.108425 -1.32091
19.86 -0.220581 -0.112207 -1.30068
19.87 -0.217866 -0.115701 -1.27985
19.88 -0.214945 -0.118906 -1.25816
19.89 -0.211825 -0.121824 -1.23577
19.9 -0.208512 -0.124459 -1.21325
19.91 -0.205014 -0.126813 -1.19085
19.92 -0.201338 -0.128888 -1.16818
19.93 -0.197492 -0.130688 -1.14507
19.94 -0.193484 -0.132217 -1.12172
19.95 -0.189321 -0.133478 -1.09813
19.96 -0.185012 -0.134476 -1.07387
19.97 -0.180565 -0.135215 -1.04804
19.98 -0.175989 -0.1357 -1.02045
19.99 -0.171291 -0.135938 -0.991988
20 -0.166481 -0.135933 -0.96313
