0.01 -0.000458005 -0.0027515 -0.00834457
0.02 -0.000477716 0.00995979 0.0227436
0.03 0.00232455 -0.0488536 -0.111624
0.04 -0.000225176 0.00288385 0.00628191
0.05 0.000507092 -0.0115238 -0.0264746
0.06 0.000364581 -0.0103898 -0.0241929
0.07 0.00142795 -0.00223849 -0.000497512
0.08 0.000245395 -0.0101037 -0.023908
0.09 -0.00101526 0.0257079 0.0594659
0.1 -0.0019377 0.0376783 0.0855839
0.11 -0.0012939 0.0081362 0.015422
0.12 0.000559657 0.0202991 0.0517112
0.13 0.000674097 -0.0218801 -0.0512757
0.14 -0.00230941 0.0354886 0.0789179
0.15 0.0015358 0.00456822 0.0165635
0.16 0.00107095 -0.00746103 -0.014546
0.17 -7.85157e-05 0.0140477 0.0341585
0.18 0.000351264 0.00958579 0.0247233
0.19 -0.00151 0.0128918 0.0263234
0.2 0.00216592 -0.0231154 -0.0490911
0.21 0.00254112 -0.0396834 -0.0883904
0.22 0.000933113 -0.020677 -0.0474217
0.23 0.00236653 -0.0274604 -0.0590402
0.24 -0.00200713 0.0613655 0.143402
0.25 -5.42037e-05 -0.016673 -0.041057
0.26 -0.000438102 -0.00752668 -0.0199796
0.27 0.000231513 -0.0108901 -0.025884
0.28 0.000887028 -0.00313462 -0.00458406
0.29 -0.00113982 0.0348693 0.0814866
0.3 -0.000417282 0.046389 0.112247
0.31 0.00142246 -0.0523821 -0.123425
0.32 -0.000408014 0.0259362 0.0621475
0.33 0.000395342 0.00410036 0.0114319
0.34 -0.00145385 0.0328753 0.0755018
0.35 0.000834087 -0.00742037 -0.015274
0.36 0.00175381 -0.0201411 -0.0432405
0.37 -0.000545162 0.00384142 0.007511
0.38 0.00187477 -0.00855366 -0.0144156
0.39 0.000824877 -0.0149803 -0.0338365
0.4 -0.00112573 -0.00476662 -0.015617
0.41 -0.000435579 0.00835567 0.0189589
0.42 0.00133204 -0.0141714 -0.0300818
0.43 0.000109097 0.00274043 0.00709835
0.44 0.000133012 0.00503076 0.0127958
0.45 -0.000521584 0.0156354 0.0365019
0.46 0.00293065 -0.050145 -0.112672
0.47 -0.000868833 0.0171706 0.0390516
0.48 -0.00209654 0.0323741 0.0720277
0.49 0.001594 -0.0555563 -0.130606
0.5 -0.000831588 0.0166931 0.0380113
0.51 0.000840544 0.0228588 0.0589668
0.52 0.000690189 -0.0172625 -0.0399012
0.53 0.000647279 -0.0174263 -0.0404526
0.54 0.00056228 -0.0242778 -0.0575434
0.55 -0.00113205 -0.00527071 -0.0168746
0.56 -0.00073756 0.0223065 0.052099
0.57 -0.00102363 -0.0018203 -0.00803841
0.58 0.00141406 -0.0239307 -0.0537165
0.59 -0.00184323 0.0562731 0.131492
0.6 0.000853104 -0.0239346 -0.0556859
0.61 0.000677904 0.00741303 0.0205389
0.62 0.000760838 0.028964 0.0736528
0.63 0.000726559 -0.0038762 -0.00696243
0.64 -0.000882764 -0.0232515 -0.0600768
0.65 -4.82686e-05 0.00581771 0.0140913
0.66 -0.00110401 0.0419415 0.0989467
0.67 0.0017004 -0.0315481 -0.0713872
0.68 3.0795e-05 -0.00413927 -0.0100383
0.69 0.00187465 -0.0245646 -0.053661
0.7 0.00216866 -0.0251826 -0.0541486
0.71 0.00199279 -0.0406716 -0.0927284
0.72 0.00259723 -0.0828642 -0.194036
0.73 0.00055225 0.0153091 0.0394543
0.74 0.00357114 -0.0314833 -0.064692
0.75 0.00121263 -0.0292732 -0.0675154
0.76 0.00180522 -0.04347 -0.100243
0.77 0.000276705 -0.00906294 -0.0212476
0.78 -0.00144925 0.0197298 0.0432965
0.79 -0.000604663 0.0306697 0.0730626
0.8 -0.000254733 -0.0036158 -0.00975284
0.81 -0.000676783 0.0179498 0.0416327
0.82 -0.000748658 0.0376431 0.0896523
0.83 -0.000273008 -0.00723835 -0.018696
0.84 -0.000837508 0.0399746 0.0950566
0.85 -0.00135059 0.00374464 0.00445959
0.86 -0.000537468 0.00902107 0.0202339
0.87 0.00235416 -0.00796192 -0.0112902
0.88 0.00121637 -0.013508 -0.0288597
0.89 0.000531089 -0.0277953 -0.0662742
0.9 -0.00175211 0.0291147 0.0652419
0.91 -0.00168584 0.0285426 0.0640712
0.92 0.000940866 -0.0269253 -0.06271
0.93 0.000314142 0.00832594 0.0215056
0.94 0.00166368 -0.0402516 -0.092849
0.95 0.00108444 -0.0243049 -0.0557854
0.96 0.000958397 0.0135587 0.0365828
0.97 -0.000500291 -0.000309591 -0.00250689
0.98 0.00128679 -0.0274824 -0.0628668
0.99 -0.00120168 0.0157112 0.0343116
1 -0.00163882 0.00528135 0.00721919
1.01 -0.000712615 0.000162855 -0.00209073
1.02 0.00201618 0.0107447 0.0333813
1.03 -0.000479339 -0.00490135 -0.0136887
1.04 -0.000945149 0.00977449 0.0206562
1.05 -0.000251001 0.00289822 0.00622692
1.06 -0.000458402 -0.00485672 -0.0135061
1.07 0.000661096 0.00723659 0.0200477
1.08 -0.00132374 -0.0104795 -0.0303117
1.09 0.00160034 -0.0497116 -0.116258
1.1 -0.00216107 0.041069 0.0931147
1.11 -0.00221546 0.0295234 0.0646248
1.12 -0.0018497 0.0578918 0.135437
1.13 -0.00101712 0.00735588 0.0144763
1.14 -0.00052813 0.0255756 0.0608439
1.15 0.000436101 -0.00466725 -0.00991628
1.16 0.000136352 -0.00523549 -0.0123565
1.17 -0.00269651 0.0316181 0.0680784
1.18 -0.000364194 0.00161768 0.00269264
1.19 0.00164176 -0.0268767 -0.0601418
1.2 0.000336878 0.0179645 0.0452105
1.21 -0.00135403 0.0361755 0.0839397
1.22 -0.00013296 0.0381671 0.0930881
1.23 -0.00238931 0.0159208 0.0306756
1.24 -0.00374342 0.011816 0.0158829
1.25 0.000844278 -0.000286367 0.00224802
1.26 -0.00125049 0.0110223 0.0226478
1.27 -0.000379627 0.0168346 0.0399374
1.28 -0.000913893 0.0342118 0.0806644
1.29 0.00112643 -0.0488083 -0.1157
1.3 -0.00212677 0.0609739 0.142024
1.31 -0.00264141 0.0246673 0.0512335
1.32 0.00438959 -0.0580636 -0.126984
1.33 0.00147838 -0.0323482 -0.0741241
1.34 -0.000535888 0.0108103 0.0246249
1.35 0.00387213 -0.047366 -0.102571
1.36 -0.000443386 0.0155406 0.0365428
1.37 -0.00264965 0.041672 0.0928855
1.38 0.00170678 -0.0163247 -0.0340505
1.39 0.000273359 -0.000397517 -1.92408e-05
1.4 -0.000540107 -0.00608608 -0.0168049
1.41 -0.00151216 0.00320765 0.00257881
1.42 0.000352991 -0.0147774 -0.0349881
1.43 0.00213054 -0.0144035 -0.0278607
1.44 -0.00430508 0.0624545 0.138042
1.45 -0.0011494 0.0288433 0.0666826
1.46 0.000463888 0.00770605 0.0205094
1.47 0.00240527 -0.0368609 -0.0819467
1.48 0.000971553 -0.0115039 -0.0248028
1.49 -0.00116945 -0.0154899 -0.0420538
1.5 -0.000782549 0.020797 0.0482418
1.51 -0.00143187 0.0232871 0.0520767
1.52 -6.98326e-05 0.00626776 0.0151191
1.53 0.000632485 -0.0351417 -0.0839269
1.54 0.000402263 -0.00862574 -0.0197373
1.55 -0.00383058 0.0696574 0.157355
1.56 0.00200935 -0.00350803 -0.00157788
1.57 -0.000953821 0.00822145 0.0168192
1.58 0.000393956 -0.0190478 -0.0453122
1.59 -0.000442709 -0.0152526 -0.0389329
1.6 -0.00137677 0.0400444 0.0933435
1.61 1.64202e-05 -0.00617536 -0.0150792
1.62 0.0012732 -0.00404369 -0.005463
1.63 1.55521e-05 -0.0233872 -0.0572708
1.64 0.00138192 -0.0149155 -0.0317315
1.65 -0.00166978 0.0106243 0.0202072
1.66 5.63633e-05 0.0124968 0.0308282
1.67 -0.000626881 0.042074 0.100938
1.68 -0.00178761 0.0154739 0.0316826
1.69 0.00123733 -0.0228209 -0.0516138
1.7 -0.000316284 -0.00218592 -0.00646308
1.71 0.00154516 -0.0291608 -0.0660782
1.72 0.000110992 0.00751602 0.0188106
1.73 0.00147585 -0.0160688 -0.0342301
1.74 -0.00114288 0.019602 0.0440538
1.75 -0.000847932 0.0100082 0.0215686
1.76 -0.000544108 0.0211397 0.0499149
1.77 0.00242383 -0.0323731 -0.0708816
1.78 -0.00219331 0.0344449 0.0767653
1.79 0.000307641 -0.0462319 -0.112246
1.8 0.00176577 -0.00562146 -0.00760926
1.81 -0.00222639 0.0391109 0.0880869
1.82 0.00117681 0.0125513 0.0348766
1.83 0.000155845 -0.00420301 -0.0097576
1.84 0.00061661 0.0410973 0.102889
1.85 0.00550368 -0.0888915 -0.198655
1.86 -0.000456617 -0.0271856 -0.0682308
1.87 0.000284874 -0.00209936 -0.00415044
1.88 0.000579969 -0.0398179 -0.0955725
1.89 -0.00321581 0.0464651 0.102656
1.9 -0.000139181 0.0122284 0.0294871
1.91 -0.00126699 0.00230777 0.00122973
1.92 -0.00232998 0.0432541 0.0978804
1.93 0.00238559 -0.0391621 -0.087656
1.94 -0.00088899 0.0263221 0.0614128
1.95 0.000940749 -0.0419809 -0.0996135
1.96 -0.000236528 -0.00355445 -0.00953885
1.97 -0.000798402 -0.0186391 -0.0484764
1.98 0.00115373 0.0158845 0.0429663
1.99 -0.000135499 0.00346112 0.00801021
2 -0.000424692 -0.0157535 -0.0400977
2.01 0.00279085 -0.0186421 -0.0359429
2.02 0.00211431 -0.0313 -0.0693328
2.03 -0.00123085 0.0167291 0.0367046
2.04 0.00010994 0.000518054 0.00165395
2.05 0.000610893 -0.0233787 -0.0551698
2.06 -0.00110816 0.00929748 0.0189174
2.07 0.00107787 -0.0141423 -0.0308986
2.08 0.000669552 -0.0291548 -0.0691228
2.09 9.34908e-05 0.0178767 0.0441447
2.1 0.000935678 -0.020518 -0.047023
2.11 7.16393e-05 -0.0123008 -0.0299007
2.12 0.00312116 -0.0221114 -0.0432924
2.13 0.000624263 0.00858277 0.0232187
2.14 0.00134 -0.0211294 -0.0471089
2.15 0.00167829 -0.0451394 -0.104779
2.16 -0.00026754 -0.0135275 -0.0340925
2.17 0.00276196 -0.0539296 -0.122538
2.18 -0.00139444 0.0221529 0.0494274
2.19 -0.00144053 0.0359525 0.083091
2.2 0.0010469 -0.0232473 -0.0533243
2.21 0.00251918 -0.0282524 -0.0604482
2.22 -0.00155916 0.0377457 0.0870717
2.23 0.00119232 -0.00844605 -0.0165364
2.24 -0.00140115 0.0211356 0.0469103
2.25 -0.000656461 -0.00619571 -0.0174802
2.26 -0.00218889 0.00368146 0.00137567
2.27 0.0027185 -0.0473131 -0.106472
2.28 0.000100156 -0.022594 -0.0550309
2.29 -0.000388814 0.0131841 0.0309574
2.3 -0.000374492 0.0300696 0.072396
2.31 0.00148448 -0.0246478 -0.0552281
2.32 0.000548281 -0.0171931 -0.0402269
2.33 0.00124988 -0.0282409 -0.0648549
2.34 -0.000822906 0.00809829 0.0169747
2.35 -0.000115367 0.0185176 0.044986
2.36 0.00277971 -0.0344183 -0.0746512
2.37 0.00155798 -0.0209167 -0.0458258
2.38 0.000561758 -0.00641874 -0.0137704
2.39 -1.95443e-05 -0.00770006 -0.0189421
2.4 -0.00121881 0.00920101 0.0182943
2.41 -0.00199931 0.0253913 0.0552516
2.42 -0.00138038 -0.0090401 -0.0269816
2.43 0.0016082 -0.00927763 -0.0171216
2.44 -0.000241567 -0.0143615 -0.0360459
2.45 0.000556064 -0.0053767 -0.0112361
2.46 0.000233174 -0.00390338 -0.00875297
2.47 0.00272679 -0.058248 -0.133246
2.48 -0.000626725 -0.00900659 -0.0242661
2.49 -0.00246113 0.0324256 0.07088
2.5 0.00211036 -0.0428954 -0.0977685
2.51 0.00115102 -0.000819349 0.00201338
2.52 0.000867823 -0.00531805 -0.010003
2.53 0.00201104 -0.0172038 -0.0351421
2.54 0.00178506 -0.0519963 -0.121213
2.55 0.00312138 -0.0472116 -0.104816
2.56 -0.000913287 0.0302304 0.0709076
2.57 0.000425122 0.00416081 0.0116841
2.58 0.000682551 -0.0182019 -0.0422305
2.59 0.000405028 -0.0331218 -0.0797706
2.6 -0.00323849 0.0592466 0.133906
2.61 -0.000990404 -0.00861267 -0.0245713
2.62 -0.000643803 0.0456041 0.109532
2.63 -0.0029573 0.0369828 0.0803167
2.64 -0.00114241 0.0027066 0.00264261
2.65 -0.00227782 0.0659114 0.153599
2.66 -0.00205916 0.0272484 0.0595946
2.67 -0.000268809 -0.0134558 -0.0339211
2.68 0.000874864 -0.0181561 -0.0414462
2.69 -0.00185842 0.0129083 0.0251466
2.7 -0.00193283 0.0409606 0.0936465
2.71 0.000411324 -0.012661 -0.0295967
2.72 -0.00285846 0.0315091 0.0672454
2.73 0.00214833 -0.0487865 -0.112076
2.74 -0.00145066 0.00273974 0.0016468
2.75 0.00295102 -0.0529171 -0.119396
2.76 -0.000497697 0.0220892 0.0524045
2.77 -0.000206036 0.00988341 0.0235056
2.78 0.000588102 7.78133e-06 0.00207393
2.79 -0.000755554 -0.00818152 -0.0226939
2.8 0.00100934 -0.00959191 -0.0199844
2.81 6.25188e-05 0.00889522 0.0220218
2.82 0.00235494 -0.0461736 -0.104949
2.83 -0.00292873 -0.00284603 -0.0172091
2.84 0.000173326 -0.00726165 -0.0171937
2.85 0.00153418 -0.0221551 -0.0489445
2.86 -0.00113916 0.0183519 0.0410027
2.87 -0.00203307 0.0237407 0.051088
2.88 -0.00264806 0.0490519 0.11098
2.89 0.00249643 -0.00558808 -0.00497447
2.9 0.000480612 -0.00807191 -0.018106
2.91 0.0011782 -0.0245987 -0.0561779
2.92 -0.00137049 0.010766 0.0216003
2.93 1.50231e-05 0.0158918 0.0390055
2.94 -0.000626739 0.0297229 0.0706647
2.95 0.000516654 -0.0174527 -0.0409737
2.96 -0.00194708 0.0200774 0.0424092
2.97 0.000189349 -0.00191159 -0.00402397
2.98 0.000591584 -0.0209109 -0.0491883
2.99 -0.000989681 0.0114689 0.0246538
3 -0.000826412 0.00494229 0.00922668
3.01 -0.00081469 0.00987536 0.0213592
3.02 -0.00148017 0.0240956 0.0538898
3.03 0.000466109 0.011097 0.0288289
3.04 -0.000374992 0.0031927 0.0065155
3.05 0.0010772 -0.0453503 -0.107396
3.06 -0.000486745 0.00983051 0.0223951
3.07 0.00100246 0.0155976 0.0417343
3.08 0.000368733 -0.00218265 -0.00406159
3.09 -0.00365997 0.025048 0.0486079
3.1 0.000845726 -0.00395738 -0.00674504
3.11 -0.00108766 0.0334878 0.0782825
3.12 -0.000879866 -0.0167669 -0.0441722
3.13 0.000646899 -0.0120633 -0.0273085
3.14 -8.32921e-05 0.011254 0.0272941
3.15 0.000756431 0.00443101 0.013504
3.16 -0.00336744 0.0567104 0.127239
3.17 -0.00292194 0.0377928 0.0824257
3.18 0.000992081 -0.0126196 -0.027466
3.19 -0.000921077 -0.00502498 -0.0155352
3.2 0.000746161 -0.00425369 -0.00781923
3.21 0.00160049 -0.0381315 -0.087873
3.22 -0.00185401 0.0267265 0.0590322
3.23 0.00191968 -0.0165523 -0.0338643
3.24 0.00197341 -0.0408493 -0.0932318
3.25 -0.000430767 -0.00495613 -0.0136532
3.26 0.000845417 0.0112452 0.0305173
3.27 0.00120688 -0.0118625 -0.0248595
3.28 0.00508549 -0.0637107 -0.138394
3.29 -0.00048467 -0.0165415 -0.0422389
3.3 0.00286184 -0.0669447 -0.154091
3.31 0.00122194 -0.0394876 -0.0925197
3.32 0.000143878 -0.0107586 -0.0258679
3.33 -0.000363708 -0.0032954 -0.00934827
3.34 0.000863911 -0.00469271 -0.00848389
3.35 0.000708436 -0.0152094 -0.0348048
3.36 -0.0011328 0.0233622 0.0533056
3.37 0.00198685 -0.0253412 -0.0551724
3.38 0.00122864 -0.00410055 -0.00575806
3.39 0.000785473 -0.0357521 -0.0848887
3.4 0.00271422 -0.0259479 -0.054118
3.41 2.83801e-05 0.00733049 0.0180671
3.42 0.00227335 -0.040795 -0.0920507
3.43 6.39394e-05 -0.0129756 -0.0315814
3.44 -0.00250721 -0.00380926 -0.0180973
3.45 -0.00235355 0.0412675 0.0929285
3.46 0.00202952 -0.0501254 -0.115773
3.47 0.000413708 -0.00171221 -0.00275133
3.48 0.000322576 -0.00326691 -0.00688054
3.49 0.000272478 -0.00129721 -0.00222758
3.5 0.00123653 -0.0240661 -0.0546687
3.51 -0.00129814 0.0247883 0.0562236
3.52 -0.00129264 0.0306744 0.0706704
3.53 -0.000755138 -0.013387 -0.0354519
3.54 -0.000286643 -0.0155651 -0.0391536
3.55 9.09167e-05 -0.00509579 -0.0121728
3.56 0.000164307 -0.0122483 -0.0294482
3.57 0.00165111 -0.00396975 -0.00396135
3.58 0.00265387 -0.040451 -0.0898779
3.59 -0.000127348 -0.00455773 -0.0116166
3.6 -7.00385e-05 7.39791e-05 -6.33851e-05
3.61 -0.00135768 0.0139581 0.0294693
3.62 -0.000498634 0.0127628 0.0295411
3.63 -0.000636037 0.000452651 -0.00111283
3.64 -0.000569625 0.00739898 0.0161456
3.65 0.000789913 -0.0284798 -0.0670478
3.66 0.000898944 -0.00201893 -0.0018077
3.67 -8.38267e-05 -0.019743 -0.0486856
3.68 -0.000334911 0.0132145 0.0312203
3.69 0.00438294 -0.0946481 -0.216681
3.7 -0.000411911 -0.00600454 -0.0161571
3.71 0.000415281 -0.0130712 -0.0305882
3.72 0.000889129 1.76876e-05 0.00315001
3.73 0.000428916 -0.0208279 -0.0495533
3.74 0.000659435 -0.0116296 -0.0262016
3.75 -0.000710267 -0.00399846 -0.0122824
3.76 -0.000632216 -0.0107468 -0.0285507
3.77 0.00111487 -0.0276206 -0.0638063
3.78 8.86549e-05 0.0273981 0.0674661
3.79 0.000974875 -0.0336133 -0.0789842
3.8 7.33561e-05 0.029504 0.0725744
3.81 -0.000797808 -0.0127673 -0.0340818
3.82 -0.00364179 0.035965 0.0754304
3.83 -0.00116246 0.0302531 0.0700927
3.84 -0.000199878 0.00115178 0.00212477
3.85 0.00096055 -0.0147443 -0.0327841
3.86 0.00121856 -0.0279352 -0.064215
3.87 -0.000393554 0.00293891 0.00582855
3.88 -0.000401356 0.00707163 0.0159311
3.89 -0.00169058 0.022368 0.04892
3.9 -0.00165814 0.0159486 0.0332985
3.91 -0.000605452 -0.00497801 -0.0143172
3.92 -0.00366328 0.0381194 0.0806359
3.93 -0.000635665 0.0374207 0.089502
3.94 0.0013525 -0.0104665 -0.0209291
3.95 -0.00251336 0.0453404 0.102353
3.96 -0.00298052 0.0373304 0.0810875
3.97 -0.000328388 0.0194863 0.0466162
3.98 0.00345795 -0.026774 -0.0535444
3.99 -0.00012244 -0.0301219 -0.0742606
4 0.000176471 0.00460394 0.0119014
4.01 0.000289063 0.0123581 0.0313013
4.02 -0.00374912 0.0337476 0.0696203
4.03 -0.000388028 0.0306284 0.0737184
4.04 0.000288114 -0.00840193 -0.0195875
4.05 -0.000887932 0.0112366 0.02444
4.06 0.000926879 0.00412304 0.0133447
4.07 -0.000740855 -0.0094737 -0.0258098
4.08 0.000937539 -0.00638239 -0.0123683
4.09 -0.000579697 0.00147977 0.00160162
4.1 0.000734122 -0.0136762 -0.030957
4.11 -0.0010502 0.0600164 0.143439
4.12 0.00072458 -0.0344525 -0.0819159
4.13 0.00116634 -0.022744 -0.0516732
4.14 -0.000460908 -0.0236269 -0.059523
4.15 0.000263706 -0.0036051 -0.00791517
4.16 0.0016704 -0.0212303 -0.0462017
4.17 -0.000832487 0.0372069 0.0882902
4.18 -0.00209717 0.0350991 0.0787049
4.19 0.000431917 0.0056884 0.0154521
4.2 -0.00114779 -0.0108373 -0.0305741
4.21 0.000600318 0.00100962 0.00457225
4.22 0.00215053 -0.0417686 -0.0948663
4.23 2.34621e-06 -0.0151627 -0.0371576
4.24 -0.000574474 0.0265201 0.0629969
4.25 0.00533371 -0.0869276 -0.194435
4.26 -0.000220424 0.0170579 0.0410409
4.27 -0.00264455 0.0258377 0.0540915
4.28 -0.00067068 -0.00607799 -0.0172413
4.29 -0.000260224 0.00562588 0.0128805
4.3 0.00173222 -0.0013356 0.00277871
4.31 -0.00231728 0.0606749 0.140625
4.32 -0.000178601 -0.0115411 -0.0289127
4.33 -0.000568444 -0.000417718 -0.00301005
4.34 0.000674403 -0.0163158 -0.0376359
4.35 0.000643568 0.00419138 0.0125223
4.36 0.00151002 -0.0314567 -0.0718283
4.37 -0.00276049 0.0656188 0.151195
4.38 4.81754e-05 0.0182746 0.0449617
4.39 -0.000796183 -0.00122341 -0.00578063
4.4 0.000614936 -0.00753853 -0.0163293
4.41 -0.0023653 -0.012771 -0.0395679
4.42 -0.0037068 0.0205848 0.0375043
4.43 0.002148 -0.0304685 -0.067177
4.44 0.000296528 0.0031806 0.00883216
4.45 0.000579276 -0.0137035 -0.0315652
4.46 0.00257182 -0.0307501 -0.0663866
4.47 0.000967712 -0.000447272 0.0022849
4.48 0.000682603 0.00121032 0.00535169
4.49 -0.000169159 -0.000595415 -0.00205049
4.5 -0.00128086 0.053809 0.127417
4.51 -5.36912e-05 -0.0305663 -0.0751096
4.52 -0.000671479 0.0353615 0.0843295
4.53 0.00218814 -0.0464411 -0.106188
4.54 0.000471976 -0.00615734 -0.0134433
4.55 0.000234467 0.0146273 0.0366725
4.56 -0.00263202 0.0260791 0.0547268
4.57 0.000981274 -0.047656 -0.113383
4.58 -0.000225533 0.00727841 0.0170523
4.59 0.00142959 0.0144945 0.040523
4.6 -0.00239911 0.0244371 0.0515158
4.61 0.00104257 -0.0259258 -0.0599047
4.62 0.00185045 -0.0234931 -0.0511192
4.63 -0.000232106 -0.00924514 -0.023472
4.64 0.000116632 0.00366521 0.00939141
4.65 -0.000954774 0.0248484 0.0575707
4.66 -0.00211704 0.0245387 0.0527504
4.67 -0.000271032 -0.00304246 -0.00840445
4.68 0.000833747 -0.00298325 -0.00439918
4.69 -0.000215302 -0.0099501 -0.0251413
4.7 -0.00301965 0.0276019 0.057105
4.71 -0.00059189 0.012508 0.0285907
4.72 -0.00105059 0.0129309 0.0280245
4.73 -0.000949829 0.0098809 0.0209006
4.74 -0.000426503 -0.00333834 -0.00967293
4.75 0.000318938 0.0115599 0.0294491
4.76 -0.00165073 0.0418181 0.0967338
4.77 -0.000508459 0.0078567 0.0174812
4.78 0.000422156 -0.024944 -0.0596661
4.79 -0.000950649 0.042789 0.10156
4.8 0.000127902 -0.023463 -0.057064
4.81 -0.000647621 0.0157609 0.0363691
4.82 0.000180874 -0.0259833 -0.0630565
4.83 -0.000742355 0.0056034 0.0111408
4.84 0.00049465 -0.00818113 -0.0183247
4.85 -0.00186091 0.0264527 0.058337
4.86 -0.00125042 -0.00250751 -0.0105153
4.87 -0.00167985 0.0405098 0.0934253
4.88 0.00022775 0.00372787 0.00993326
4.89 -0.0027322 0.0538992 0.122568
4.9 -0.00175805 0.0489996 0.113962
4.91 0.00274916 -0.0538747 -0.122448
4.92 0.000360281 0.00406311 0.011218
4.93 -0.00142255 0.0139814 0.0292998
4.94 0.000914126 -0.0206218 -0.0473526
4.95 -0.000995549 0.0296274 0.0691421
4.96 -0.00187956 0.0329199 0.0741236
4.97 0.0022786 -0.0418132 -0.0945281
4.98 -0.00128157 0.0332252 0.0769614
4.99 -0.0025971 0.0277197 0.0588703
5 -0.000253716 0.0116783 0.0277384
5.01 0.00183925 -0.0276451 -0.0613354
5.02 0.00180664 -0.00254241 8.06952e-05
5.03 0.000829263 -0.0200519 -0.0462523
5.04 0.000145665 0.022752 0.056277
5.05 -0.000622302 0.0121425 0.0275885
5.06 -0.00081721 0.00736122 0.015188
5.07 -0.000506853 0.0309178 0.0740125
5.08 -2.59694e-05 0.0245316 0.0600394
5.09 0.000800528 -0.0194599 -0.0449018
5.1 0.000966802 -0.0147645 -0.0328117
5.11 6.44178e-05 -0.0133449 -0.0324851
5.12 -0.000404823 0.00172278 0.00280829
5.13 0.000475261 -0.0170895 -0.040228
5.14 0.00263905 -0.032998 -0.0716615
5.15 -0.000381374 -0.000752791 -0.00317773
5.16 -0.00252119 0.0238742 0.0497096
5.17 -0.000162399 0.00721138 0.0171086
5.18 0.0015074 0.0127493 0.0365171
5.19 0.0032403 -0.0728446 -0.16723
5.2 -0.00109205 0.0303014 0.0704569
5.21 0.000826502 -0.0319948 -0.0755357
5.22 -5.21504e-05 0.0127175 0.03099
5.23 0.00115752 -0.0197201 -0.044292
5.24 0.0015035 -0.0124605 -0.0252891
5.25 -3.97498e-05 0.00921902 0.0224581
5.26 0.000343594 -0.0226783 -0.0543868
5.27 -0.000177848 0.0258822 0.0628193
5.28 0.000575647 -0.0311355 -0.0743058
5.29 -0.000332918 -0.00703506 -0.0184071
5.3 -0.00142744 0.0222008 0.0494295
5.31 3.84472e-06 -0.0161779 -0.0396407
5.32 0.000742651 -0.0227089 -0.0530677
5.33 0.000183146 -0.00899117 -0.0213986
5.34 -0.00128846 0.0434874 0.102091
5.35 0.000344534 -0.00658163 -0.0149286
5.36 0.000321715 -0.00414459 -0.00903485
5.37 0.000941197 0.000544713 0.00462374
5.38 8.96117e-05 -0.014806 -0.0359783
5.39 -4.03109e-05 -0.0279179 -0.0685713
5.4 -0.00143698 0.0486439 0.114212
5.41 0.000971856 -0.02174 -0.049892
5.42 -0.0029624 0.0368147 0.079887
5.43 -0.00127349 0.0139792 0.0298152
5.44 -0.00207131 0.0350655 0.0787128
5.45 -0.00100368 0.0230424 0.0529731
5.46 -0.0010642 0.0212681 0.0484125
5.47 -0.00267336 0.00771353 0.00956603
5.48 -0.000208465 0.00858639 0.020318
5.49 0.00146816 -0.029069 -0.0661221
5.5 -0.00133709 0.00595204 0.00991738
5.51 0.00306289 -0.028059 -0.0580745
5.52 -0.000353953 -0.00282735 -0.00816694
5.53 -0.000855397 0.0167964 0.0381813
5.54 0.00202849 -0.0598523 -0.139618
5.55 0.00185894 0.00505842 0.018894
5.56 0.00161234 0.00199303 0.0105188
5.57 -0.000459193 0.00858092 0.0194285
5.58 0.00104933 -0.0263373 -0.0608897
5.59 -0.0013189 0.0277277 0.0633558
5.6 -0.00292683 0.0596822 0.136062
5.61 -0.00122826 0.0181582 0.0402166
5.62 -0.000426229 0.00161398 0.00246682
5.63 -0.00148099 0.0397732 0.0923147
5.64 -0.00321253 0.0609988 0.138291
5.65 -0.000641658 0.000586586 -0.000804182
5.66 0.00332285 -0.020714 -0.0391626
5.67 0.000855155 -0.0189111 -0.0433655
5.68 -0.0013294 0.0336323 0.0777921
5.69 0.00317473 -0.052846 -0.11844
5.7 0.00112203 0.0243473 0.0635989
5.71 0.000206658 -0.00632552 -0.0147826
5.72 -0.00114032 -0.00281281 -0.0108789
5.73 0.000966003 -0.0091266 -0.0189952
5.74 -0.000653134 0.0116138 0.0261849
5.75 0.00164733 -0.04147 -0.0958926
5.76 0.00135042 -0.0305495 -0.0701623
5.77 0.00205133 -0.0366195 -0.0825918
5.78 -0.00258058 0.0645104 0.149107
5.79 0.00183473 -0.0304158 -0.0681425
5.8 -0.00289358 0.025873 0.0533078
5.81 -0.000758336 0.0319672 0.0757062
5.82 0.00139725 -0.023521 -0.0527709
5.83 5.67935e-06 0.00228462 0.00561974
5.84 0.000584177 -0.0198987 -0.0467333
5.85 0.00194965 -0.0601884 -0.140717
5.86 0.000571691 -0.0144457 -0.0334109
5.87 -0.00111957 0.0465231 0.110122
5.88 0.00134992 -0.0152889 -0.0327583
5.89 0.00378041 -0.0458582 -0.0991955
5.9 -0.00205108 0.0281301 0.061784
5.91 -0.000976544 0.016104 0.0360608
5.92 -7.36316e-05 0.0233549 0.0569887
5.93 -0.000503201 -0.00499341 -0.0139977
5.94 0.000443447 -0.0265641 -0.0635627
5.95 0.00240091 -0.0320983 -0.0702883
5.96 -0.000371622 0.0158242 0.0374888
5.97 -0.00108785 0.0225578 0.0514912
5.98 -0.000845016 0.0134251 0.0299541
5.99 -0.00170735 0.0267836 0.0596846
6 0.00163851 -0.0275708 -0.0618547
6.01 -0.00210894 0.0140153 0.0269845
6.02 -0.000126873 0.00383091 0.00894677
6.03 0.000476467 -0.0338145 -0.0812189
6.04 -0.000912154 -0.00470044 -0.0147085
6.05 0.00026868 -0.0129488 -0.0308005
6.06 -9.18167e-05 0.0092251 0.0222911
6.07 0.00133036 -0.0224291 -0.0503283
6.08 -0.000181867 -0.00898532 -0.0226597
6.09 -0.00225079 0.00969495 0.0158992
6.1 0.000268916 0.0105801 0.0268727
6.11 -0.0023788 0.0464116 0.105449
6.12 -0.00026067 -0.00831356 -0.0212884
6.13 0.000694755 -0.00397342 -0.00731188
6.14 0.00174281 -0.0670628 -0.15829
6.15 0.0025232 0.00444203 0.0197042
6.16 0.000496791 -0.0215989 -0.0512059
6.17 0.00163511 -0.0257751 -0.0574649
6.18 -0.000438153 0.0156189 0.036753
6.19 0.000121371 0.0153591 0.0380713
6.2 0.00149284 -0.00706197 -0.0120938
6.21 -0.00190087 0.0213089 0.0455892
6.22 -0.000484264 0.0293914 0.0703501
6.23 0.0005001 0.00135071 0.00505813
6.24 0.00203194 -0.039893 -0.0906832
6.25 0.00016452 -0.011393 -0.0273508
6.26 0.0011949 -0.0226834 -0.0514249
6.27 0.000633428 -0.0309545 -0.0736603
6.28 0.000375524 -0.0333358 -0.0803984
6.29 0.000627788 -0.0139546 -0.0320109
6.3 0.00118644 -0.00988064 -0.0200733
6.31 -0.000342654 -0.00833033 -0.021616
6.32 0.00119958 0.00574541 0.0182741
6.33 0.00186496 -0.0488071 -0.113116
6.34 0.000239676 0.0123621 0.0311385
6.35 -0.00130171 0.0204029 0.0454618
6.36 0.000130734 0.000517031 0.0017241
6.37 0.00210094 -0.0360595 -0.0810457
6.38 0.000863523 -0.0227279 -0.0526919
6.39 -0.000997677 0.0242387 0.0559263
6.4 0.000877977 -0.0201166 -0.0462406
6.41 -0.000761211 0.0398353 0.0949818
6.42 -0.00132665 -0.0158757 -0.0435489
6.43 -0.000899184 -0.00146556 -0.00673407
6.44 -0.00185473 0.0112384 0.0210662
6.45 -0.00117558 0.0343878 0.0801813
6.46 0.00132233 -0.0386377 -0.0900857
6.47 0.00257049 -0.0175259 -0.0339768
6.48 7.99506e-05 0.0211513 0.052124
6.49 0.00066221 -0.0182334 -0.0423787
6.5 -0.00308437 0.013929 0.0233648
6.51 0.0014058 -0.0178175 -0.0387611
6.52 0.000796428 -0.0181849 -0.0417908
6.53 0.00191681 -0.0296001 -0.0658562
6.54 0.000696815 0.00735784 0.0204697
6.55 -0.000923643 0.015616 0.0350496
6.56 0.00221212 -0.0296284 -0.0648939
6.57 0.00269104 -0.0417484 -0.092928
6.58 0.00151437 -0.00498548 -0.00692881
6.59 0.00151479 -0.0140703 -0.0291953
6.6 0.000454617 -0.013639 -0.0318424
6.61 -0.00139686 0.01488 0.031592
6.62 0.000292085 -0.0164891 -0.0393964
6.63 0.000532022 0.00361746 0.0107258
6.64 0.00240593 -0.0301732 -0.0655521
6.65 -0.000296331 0.0187985 0.0450422
6.66 0.000603273 0.00641619 0.0178348
6.67 0.00132539 -0.0253852 -0.0575915
6.68 0.000330689 0.00577324 0.0153064
6.69 -0.000311052 -0.0081333 -0.0210226
6.7 -0.0026076 0.0466215 0.105164
6.71 0.000562424 -0.0159274 -0.0370749
6.72 -0.000128438 -0.0154237 -0.0382542
6.73 -0.00263906 0.0405368 0.09014
6.74 -0.000211886 -0.00820995 -0.020864
6.75 -0.0020884 0.0460114 0.105483
6.76 -0.000814387 0.00496879 0.00933366
6.77 0.000817505 -0.0123319 -0.0273707
6.78 -7.72556e-05 0.00243302 0.00569371
6.79 0.00179902 -0.0114778 -0.0218478
6.8 -0.00302443 0.0528037 0.118861
6.81 0.00124764 -0.0195318 -0.0435156
6.82 -0.000779051 0.0047187 0.00884412
6.83 0.00123877 -0.0202153 -0.0452221
6.84 -0.000494851 0.0204898 0.0484942
6.85 0.00030759 0.00146147 0.00465699
6.86 -0.0023448 0.0163274 0.0318279
6.87 0.000943752 -0.0029603 -0.00395857
6.88 -0.00245648 0.0200374 0.0405313
6.89 0.00220619 -0.0109365 -0.0190982
6.9 -0.00036876 0.0193351 0.0461044
6.91 -0.001336 0.000158845 -0.00427869
6.92 0.000169193 0.0233278 0.0577706
6.93 0.00409684 -0.0279445 -0.0541811
6.94 0.0022995 -0.0126583 -0.0229926
6.95 0.00237923 -0.0489929 -0.111775
6.96 0.00218748 -0.0400245 -0.0904622
6.97 0.000205521 -0.00860074 -0.0203634
6.98 0.000907986 -0.0222781 -0.051434
6.99 0.00228641 -0.0366197 -0.0817708
7 0.000130997 0.00552545 0.0140013
7.01 0.00111941 -0.0151854 -0.03331
7.02 0.00233383 -0.0413964 -0.0933134
7.03 0.000138395 -0.00141749 -0.00299088
7.04 0.0028681 -0.019093 -0.0367782
7.05 0.00210393 -0.0614044 -0.143159
7.06 -0.00179832 0.0183453 0.0386834
7.07 -0.00112646 0.0169592 0.0376333
7.08 -0.00109065 0.0250459 0.05758
7.09 -0.00112528 0.00872583 0.0174564
7.1 -0.000908885 0.0310913 0.0730333
7.11 -0.00271653 0.0283172 0.0599175
7.12 0.000106563 -0.0164874 -0.0400405
7.13 0.00151577 -0.0255397 -0.0573049
7.14 -0.00157033 0.000821738 -0.00347262
7.15 -0.00243164 0.0457917 0.103745
7.16 -0.00105135 -0.0119548 -0.0329762
7.17 -0.000523022 0.0101143 0.0229641
7.18 -0.00348851 0.048538 0.106784
7.19 -0.000235643 -0.0217002 -0.0540134
7.2 -0.000470167 -0.0121723 -0.0314788
7.21 -0.000628071 -0.00586821 -0.0165783
7.22 -0.00122031 0.0228082 0.0516421
7.23 0.0020402 -0.0527609 -0.122195
7.24 0.000281323 -0.0147359 -0.0351366
7.25 0.00106409 0.0148925 0.0402215
7.26 0.000932255 0.00791221 0.0226512
7.27 9.62448e-05 -0.000964078 -0.0020268
7.28 -0.00251468 0.0154262 0.0290252
7.29 -0.00151649 0.0351755 0.080921
7.3 3.37776e-05 -0.0185422 -0.0453312
7.31 0.000264521 -0.000357698 4.74836e-05
7.32 0.000565359 0.00696679 0.0190519
7.33 -0.000347538 -0.00506938 -0.01364
7.34 0.000334244 -0.00393848 -0.00848588
7.35 -0.00131408 0.0256442 0.0582657
7.36 0.000361618 0.00718265 0.0188691
7.37 -0.00289531 0.0410795 0.090575
7.38 -0.00165402 0.0360253 0.0825234
7.39 -0.000262039 0.0141118 0.0336743
7.4 -3.85899e-05 -0.00970779 -0.0239299
7.41 -0.00014659 0.0106814 0.0256694
7.42 0.00257677 -0.0570221 -0.130765
7.43 0.00339241 -0.0438829 -0.0957094
7.44 0.000784951 0.000827455 0.00477085
7.45 -0.000118253 -0.00457424 -0.0116252
7.46 0.0006328 0.0089913 0.0242499
7.47 -0.00248455 0.031512 0.0685589
7.48 -0.000646109 0.0266679 0.063109
7.49 -0.000612491 0.00809533 0.0177026
7.5 0.00217958 -0.0104079 -0.0178957
7.51 0.000870261 -0.0109661 -0.0238386
7.52 0.00235584 -0.0390815 -0.0875624
7.53 0.0025093 -0.0454412 -0.102615
7.54 -0.00125715 -0.00526875 -0.0173069
7.55 -0.000766887 0.0239476 0.0560192
7.56 0.00010762 -0.00489196 -0.0116148
7.57 0.00126726 -0.026631 -0.0608482
7.58 -0.00208979 0.0427773 0.097551
7.59 0.0029524 -0.0463676 -0.103337
7.6 0.000823167 -0.0244301 -0.0570052
7.61 -5.62932e-05 -0.000595238 -0.0016557
7.62 -0.000720204 0.0028835 0.00455141
7.63 -1.97974e-05 -0.00851931 -0.0209511
7.64 -0.0031207 0.0525953 0.118014
7.65 0.00138542 -0.00400046 -0.00496493
7.66 -0.00161312 0.042531 0.0986126
7.67 -0.000855046 0.0160704 0.0364031
7.68 -0.000258977 -0.0141477 -0.0355827
7.69 0.0011735 -0.0179232 -0.0398318
7.7 0.00203122 -0.0287929 -0.063478
7.71 0.00158072 -0.0458437 -0.106846
7.72 0.000304076 0.0104012 0.026557
7.73 0.000878445 -0.0353515 -0.0835819
7.74 0.0028271 -0.0414315 -0.091676
7.75 -0.00277555 0.0419134 0.0930372
7.76 0.00106316 0.00347425 0.0122305
7.77 0.00226528 -0.0162766 -0.0319811
7.78 0.00132783 -0.0010052 0.00217561
7.79 -0.000386567 0.000438266 -0.000276433
7.8 -0.00134775 0.0118948 0.0244465
7.81 0.00133883 -0.00815826 -0.015319
7.82 0.00303465 -0.0428787 -0.094498
7.83 0.00045844 0.0212494 0.0536868
7.84 0.000991836 -0.0162371 -0.0363338
7.85 -0.00149769 0.00710695 0.0121871
7.86 -0.000189252 -0.00100433 -0.00312299
7.87 -0.000100025 0.0204387 0.0497484
7.88 0.000748404 -0.00538485 -0.010584
7.89 0.00195708 -0.0025241 0.000651199
7.9 0.000404669 -0.0102445 -0.0236966
7.91 -0.00118408 0.0436116 0.102761
7.92 -0.000116844 0.0257331 0.0626669
7.93 -0.00081469 0.018214 0.0417984
7.94 -0.00187196 0.016264 0.0333245
7.95 -0.00199094 0.0215471 0.0458583
7.96 0.00088565 -0.0572788 -0.137303
7.97 0.000145573 0.0176114 0.0436765
7.98 -0.000258637 0.00657083 0.0152023
7.99 -0.000253466 0.0215277 0.0518817
8 -0.00201105 0.0203564 0.0428695
8.01 5.45931e-05 -0.0199346 -0.0486715
8.02 0.000265997 -0.00190519 -0.00374046
8.03 0.000292084 0.0219421 0.0548035
8.04 0.00107165 -0.0111497 -0.023585
8.05 0.000281716 -0.0335073 -0.0811463
8.06 0.000950654 -0.0270674 -0.063024
8.07 0.000769596 -0.0158361 -0.0361273
8.08 -0.00132525 -0.0110581 -0.0317352
8.09 0.00146788 -0.030064 -0.0685619
8.1 0.000198473 -0.0100957 -0.0240523
8.11 -0.000449045 -0.0116634 -0.0301574
8.12 -0.00251906 0.0153579 0.0288425
8.13 0.00198878 -0.0282901 -0.0623938
8.14 0.00231798 -0.0120132 -0.0213467
8.15 -0.00139953 0.0153536 0.0327436
8.16 -0.00151608 0.00187283 -0.000706694
8.17 -0.0013578 0.014749 0.0314074
8.18 -0.00133664 0.0224792 0.0504292
8.19 8.09563e-05 0.0215073 0.0530002
8.2 -0.00114456 0.0231147 0.0526581
8.21 0.000978462 0.020943 0.0547528
8.22 -0.00101393 0.00750141 0.0148442
8.23 0.000960328 -0.00168754 -0.000780948
8.24 -0.000958351 0.0388669 0.0919193
8.25 -0.000795499 0.00828971 0.0175397
8.26 0.002614 -0.0091168 -0.013213
8.27 0.000149434 0.000767762 0.00240402
8.28 -0.0010199 0.00397854 0.00618833
8.29 0.00108506 0.0133867 0.0366038
8.3 0.000699313 -0.00366648 -0.0065436
8.31 0.00189526 -0.00257405 0.000312769
8.32 0.00056136 -0.0136404 -0.0314731
8.33 0.0014837 -0.0320124 -0.0732826
8.34 0.000489658 0.0374516 0.0935096
8.35 0.00143295 -0.0301856 -0.068982
8.36 0.00200412 -0.0398718 -0.0907285
8.37 5.64145e-05 -0.00107273 -0.00243228
8.38 -0.000611489 -0.01475 -0.0382907
8.39 0.000314184 -0.0132919 -0.0314825
8.4 -0.000529723 0.0226355 0.0536317
8.41 -0.00064888 0.00982427 0.0218133
8.42 0.000934167 0.0137395 0.0369412
8.43 -0.00132587 0.0180784 0.0396798
8.44 0.000798996 0.00957722 0.0262667
8.45 0.00289137 -0.00794597 -0.00937404
8.46 -0.00119846 0.0302742 0.0700185
8.47 -5.36988e-05 0.00617248 0.0149419
8.48 0.00260904 -0.0393165 -0.0872537
8.49 -0.000119912 0.00161929 0.00355012
8.5 0.000234987 -0.00989654 -0.0234367
8.51 -0.000152296 0.0108372 0.0260313
8.52 -0.00102921 0.0113658 0.0242629
8.53 -1.38241e-05 -0.00889169 -0.021843
8.54 -4.08642e-05 -0.00183256 -0.00463461
8.55 -0.00261265 0.0358956 0.0788562
8.56 0.00148373 -0.0123226 -0.0250202
8.57 -0.000643522 0.0333618 0.0795256
8.58 -0.00103829 0.0368483 0.0866921
8.59 0.000603744 0.0208387 0.0531878
8.6 -0.00209964 0.00226699 -0.00177953
8.61 -0.00219955 0.0392674 0.0885643
8.62 0.00224094 -0.0454985 -0.103693
8.63 8.83907e-05 -0.0110767 -0.0268416
8.64 0.00012589 -0.00667764 -0.0159279
8.65 0.00154482 -0.0105837 -0.0205443
8.66 0.000640238 -0.0024177 -0.00368908
8.67 -0.000146886 -0.0197133 -0.0488331
8.68 0.0039424 -0.0549784 -0.120984
8.69 -0.00252061 0.04238 0.0950718
8.7 0.00367928 -0.0380814 -0.0804868
8.71 0.00160832 -0.0205939 -0.0448588
8.72 0.00162733 -0.0209589 -0.045687
8.73 0.00106796 0.021393 0.0561685
8.74 -0.00132056 -0.00168475 -0.00874363
8.75 0.000725347 -0.0195756 -0.0454479
8.76 -4.89469e-05 -0.0243022 -0.0597389
8.77 -0.000187222 0.0107228 0.0256289
8.78 0.000784347 -0.00538989 -0.0104708
8.79 -0.000955857 0.0335859 0.0789837
8.8 -0.00312717 0.0573742 0.129705
8.81 -0.00219594 0.0290031 0.0634176
8.82 -0.000609498 0.0232611 0.0548863
8.83 -0.00132032 0.0144676 0.0308488
8.84 0.00272345 -0.0343065 -0.074574
8.85 -0.000286315 -0.00718245 -0.0186055
8.86 -0.000764119 0.010492 0.0230475
8.87 -0.00446868 0.0512988 0.110126
8.88 0.00102198 -0.00416987 -0.00665003
8.89 -0.000175083 0.0123176 0.0295804
8.9 0.000352499 0.0132441 0.0336945
8.91 -0.00135717 0.0454464 0.106653
8.92 0.00181012 -0.00902112 -0.0157873
8.93 -0.000335485 -0.00487464 -0.0131206
8.94 0.000462033 0.0205696 0.0520333
8.95 -0.00148726 0.0317508 0.0726288
8.96 -0.00101748 0.0202522 0.0460857
8.97 -0.0040876 0.0657293 0.146829
8.98 -0.000180335 -0.00212365 -0.00583543
8.99 0.00139011 -0.0486456 -0.114379
9 -0.00121181 -0.00902462 -0.0263546
9.01 0.000715523 -0.00747686 -0.0158267
9.02 -0.00181167 0.0195799 0.0416628
9.03 -0.00161686 -0.00692892 -0.0226331
9.04 -0.000843339 -0.00688914 -0.0198329
9.05 -0.000975367 0.0123199 0.0267898
9.06 -0.000610163 0.0112026 0.025327
9.07 0.00133651 -0.0104889 -0.0210399
9.08 -0.00123842 0.0310627 0.0718116
9.09 -0.000803808 0.0326938 0.0773283
9.1 -0.00186476 0.0299688 0.066942
9.11 0.00137776 -0.0026978 -0.0017987
9.12 0.00108078 -0.0295206 -0.0685825
9.13 0.00128835 -0.0152809 -0.0329539
9.14 -0.00122644 0.00612023 0.0107162
9.15 0.000233219 0.00693038 0.0178021
9.16 -0.00165812 0.0159585 0.0333229
9.17 -0.000938928 0.0116009 0.0251546
9.18 0.00213676 -0.0387306 -0.0874679
9.19 -6.66959e-05 0.00235337 0.00553537
9.2 -0.00160842 0.023071 0.05093
9.21 0.000284244 0.00552516 0.014536
9.22 0.00179212 -0.00420713 -0.00405048
9.23 0.00238134 -0.0277842 -0.0597822
9.24 -0.00278163 0.0503891 0.113791
9.25 -0.000663368 -0.00510976 -0.0148425
9.26 -0.00182646 0.0134184 0.0265085
9.27 -0.000319085 -0.0107134 -0.0273748
9.28 0.000390356 -0.0232792 -0.0556964
9.29 -0.000568265 0.0144006 0.0333123
9.3 -0.00130894 0.0358232 0.0832339
9.31 -0.0027722 0.0686005 0.158463
9.32 -0.000387082 0.0431479 0.104409
9.33 6.592e-05 -0.00143772 -0.0032937
9.34 0.00188729 -0.036252 -0.0822641
9.35 -0.00111391 0.0215964 0.0490436
9.36 0.00172924 -0.00630445 -0.00941099
9.37 -0.00131147 -0.00417827 -0.0148238
9.38 0.00215524 -0.0398636 -0.0901804
9.39 -0.00125288 0.0183097 0.0405018
9.4 0.00014766 -0.0193382 -0.0468846
9.41 0.00040797 0.0163273 0.0414457
9.42 -0.000108423 0.0222601 0.0541837
9.43 -0.000482485 0.00425933 0.00875435
9.44 0.000781514 -0.0116481 -0.0258204
9.45 -0.00102805 0.013481 0.0294517
9.46 0.00193362 -0.0182878 -0.0380697
9.47 5.16708e-05 -0.0176713 -0.0431342
9.48 -0.00337987 0.0356656 0.0756116
9.49 -0.0027719 0.0205568 0.0407022
9.5 -0.00171054 0.0193938 0.0415601
9.51 -0.00238201 0.0508795 0.116389
9.52 3.79329e-05 -0.0211878 -0.0518015
9.53 -3.92253e-06 -0.00865315 -0.0212237
9.54 0.000584386 -0.0213718 -0.0503432
9.55 0.00275441 -0.0380442 -0.0836273
9.56 -0.00135436 0.0608422 0.1444
9.57 0.00196392 -0.0355936 -0.0803827
9.58 0.000443178 -0.0083497 -0.0189177
9.59 -0.0018021 0.0023842 -0.000452613
9.6 3.68603e-05 0.00455369 0.0112905
9.61 -0.000177259 0.0266546 0.0647145
9.62 -0.00252704 0.042448 0.095216
9.63 -0.0012167 0.0163298 0.0357753
9.64 -0.0012615 0.034192 0.0794012
9.65 -0.00251324 0.00777424 0.0102743
9.66 0.000455577 0.00305037 0.00906866
9.67 -0.00207455 0.0207486 0.0436088
9.68 -0.00247352 0.0589891 0.135947
9.69 0.000209111 -0.029496 -0.071568
9.7 0.000174463 0.00678697 0.0172453
9.71 -0.00415976 0.0780014 0.176657
9.72 -0.000467103 0.0248139 0.05919
9.73 -0.000803531 0.0131258 0.0293655
9.74 -0.000291427 0.00588309 0.013402
9.75 0.000894714 -0.0517034 -0.123606
9.76 -0.000989917 -0.000725909 -0.00523811
9.77 0.00110052 -0.0190682 -0.0428934
9.78 0.00386915 -0.0648338 -0.145397
9.79 -6.34027e-06 -0.00582181 -0.0142922
9.8 0.000296419 -0.0234131 -0.0563529
9.81 0.000613624 -0.0231964 -0.0547133
9.82 -0.000985952 0.0367572 0.0866518
9.83 0.000635508 0.0187872 0.0482703
9.84 -0.00250956 0.0562269 0.129051
9.85 -0.000537828 0.0388906 0.0934468
9.86 0.00103298 -0.0281251 -0.065329
9.87 -0.000934223 0.0219178 0.0504593
9.88 -0.0013401 -0.00231055 -0.0103458
9.89 0.00046382 0.00827703 0.0219087
9.9 0.0012029 -0.00764658 -0.0145398
9.91 -0.000307531 0.00177844 0.00328466
9.92 -0.00144308 0.0267605 0.0605513
9.93 0.00191313 -0.049378 -0.114347
9.94 0.00086067 0.000456845 0.004127
9.95 0.00242079 0.00421271 0.0187842
9.96 -0.000118367 -0.000585123 -0.00184779
9.97 0.000468656 0.0128158 0.0330507
9.98 0.000317447 -0.0217894 -0.0522994
9.99 -0.00256063 0.041278 0.0922308
10 -4.33681e-19 0 0
