0.01 0.000611611 0.0163531 0.0379465
0.02 0.000408129 0.0013049 0.00177245
0.03 -0.00197896 -0.00587112 -0.00747633
0.04 0.00022481 0.00283832 0.0061716
0.05 -0.000416181 -0.000216806 0.000922732
0.06 -0.000261523 0.00242806 0.00686525
0.07 -0.0017131 -0.0377041 -0.086432
0.08 -0.000120314 0.00545322 0.0137869
0.09 0.000786036 -0.00280199 -0.00961449
0.1 0.00170417 0.00863285 0.0152058
0.11 0.00144288 0.0266655 0.0603192
0.12 -0.00105073 -0.0407772 -0.096279
0.13 -0.000435724 0.00776728 0.0205611
0.14 0.00219976 0.0218514 0.0458745
0.15 -0.00196744 -0.0491165 -0.113517
0.16 -0.00118125 -0.0211786 -0.0477843
0.17 -0.000155221 -0.0150231 -0.0362813
0.18 -0.000602972 -0.0217202 -0.0511321
0.19 0.00162303 0.0269488 0.0603841
0.2 -0.00224522 -0.032978 -0.0729884
0.21 -0.00240912 -0.0232654 -0.0486091
0.22 -0.000775287 -0.00104755 0.00014121
0.23 -0.0024137 -0.0333266 -0.0732542
0.24 0.00136513 -0.0184827 -0.0500733
0.25 0.000365194 0.0220061 0.0526639
0.26 0.000672707 0.0216521 0.0507216
0.27 -8.91842e-05 0.00681198 0.0170087
0.28 -0.00103292 -0.0212801 -0.0485512
0.29 0.000774869 -0.0105215 -0.0284969
0.3 -0.000318585 -0.0451339 -0.109516
0.31 -0.000808199 0.0240163 0.061691
0.32 3.63823e-05 -0.0202851 -0.0498487
0.33 -0.000558835 -0.016234 -0.037839
0.34 0.00119614 0.000822872 -0.00216241
0.35 -0.000891157 -0.0145184 -0.0324727
0.36 -0.00179252 -0.0249552 -0.0549053
0.37 0.000600529 0.0107275 0.0241963
0.38 -0.00214858 -0.0426086 -0.0969319
0.39 -0.000744437 -0.0049756 -0.00959475
0.4 0.00146752 0.0377431 0.0873857
0.41 0.000385127 0.00208069 0.00375438
0.42 -0.00138161 -0.0203361 -0.0450191
0.43 -0.000183032 -0.00645523 -0.0151831
0.44 -0.000253419 -0.00994473 -0.0234904
0.45 0.000360328 -0.00442071 -0.0120947
0.46 -0.00269998 -0.0214558 -0.0431572
0.47 0.000759173 0.00353166 0.00600398
0.48 0.0019942 0.019645 0.0411847
0.49 -0.000961951 0.023054 0.0598695
0.5 0.000721997 0.00306279 0.00498461
0.51 -0.00144144 -0.0518772 -0.122121
0.52 -0.000538191 0.00164207 0.0059054
0.53 -0.000482573 0.00305878 0.00918359
0.54 -0.000255492 0.0138787 0.0349113
0.55 0.00148431 0.0385412 0.0892832
0.56 0.000506006 -0.00649289 -0.0176829
0.57 0.00128939 0.0312334 0.072052
0.58 -0.0013075 -0.0106775 -0.0216034
0.59 0.00125511 -0.0168736 -0.0457448
0.6 -0.000618705 0.00521858 0.0149532
0.61 -0.000965093 -0.0283059 -0.0660093
0.62 -0.00145293 -0.057115 -0.13492
0.63 -0.00082262 -0.0158237 -0.0359116
0.64 0.00150031 0.0535554 0.126029
0.65 -4.49431e-05 -0.00577542 -0.0139993
0.66 0.000604224 -0.0202191 -0.0516708
0.67 -0.00152262 -0.00943675 -0.0178106
0.68 3.63328e-05 0.00420969 0.0101916
0.69 -0.00186165 -0.0229474 -0.0497423
0.7 -0.00221155 -0.0305175 -0.0670752
0.71 -0.00171819 -0.00651833 -0.00997387
0.72 -0.00170455 0.0281614 0.074983
0.73 -0.000952253 -0.0344409 -0.0810918
0.74 -0.00382062 -0.0625127 -0.139877
0.75 -0.000964503 0.00158803 0.00726249
0.76 -0.00143777 0.00223108 0.0104923
0.77 -0.000177396 0.00328845 0.00868026
0.78 0.00142595 0.0168321 0.0362754
0.79 0.000193038 -0.0205259 -0.050986
0.8 0.00037752 0.0116557 0.0272506
0.81 0.000509421 -0.0028657 -0.00880414
0.82 0.000244923 -0.0250084 -0.0621547
0.83 0.000464844 0.0166211 0.0391163
0.84 0.000312251 -0.0253539 -0.0632366
0.85 0.00159114 0.0336633 0.0769537
0.86 0.000498304 0.00415013 0.00843141
0.87 -0.00274776 -0.0569157 -0.129907
0.88 -0.00125148 -0.017874 -0.0394387
0.89 -0.000154191 0.019081 0.0473088
0.9 0.00162969 0.0138894 0.0283504
0.91 0.00155858 0.0127144 0.025719
0.92 -0.000672887 0.00640433 0.0180489
0.93 -0.000534828 -0.0191217 -0.0450011
0.94 -0.00132164 0.00228925 0.0102291
0.95 -0.000896101 -0.000880287 0.000973315
0.96 -0.00141956 -0.0437975 -0.102393
0.97 0.000619789 0.0145529 0.0335055
0.98 -0.00108763 -0.00271148 -0.00284597
0.99 0.00119397 0.0147526 0.0319888
1 0.0019175 0.0399418 0.0912028
1.01 0.000872012 0.0199878 0.0459458
1.02 -0.00266787 -0.0703085 -0.163014
1.03 0.000676311 0.019597 0.0456716
1.04 0.000985349 0.0147743 0.0327709
1.05 0.00025626 0.00355227 0.00781169
1.06 0.000649806 0.018949 0.0441761
1.07 -0.000941297 -0.0276131 -0.0643944
1.08 0.00181296 0.0503667 0.117121
1.09 -0.00107442 0.0156985 0.0422332
1.1 0.00191767 0.0107975 0.0197656
1.11 0.00219127 0.026514 0.0573328
1.12 0.00123407 -0.0186776 -0.050093
1.13 0.00111704 0.0197828 0.0445873
1.14 0.000190316 -0.0164396 -0.0409607
1.15 -0.000451833 -0.006624 -0.0146576
1.16 -7.36321e-05 0.00256527 0.00654507
1.17 0.00274436 0.0375696 0.0824992
1.18 0.000418172 0.00833113 0.0189596
1.19 -0.0015343 -0.0135112 -0.0277568
1.2 -0.000735388 -0.0315998 -0.0748858
1.21 0.00101447 -0.00605685 -0.0183907
1.22 -0.0005204 -0.043094 -0.103811
1.23 0.00264836 0.0481398 0.108743
1.24 0.00438442 0.0915402 0.209058
1.25 -0.00103145 -0.023566 -0.0541594
1.26 0.00133789 0.0218925 0.0489866
1.27 0.000164556 -0.00991461 -0.024877
1.28 0.000509256 -0.0161146 -0.0412783
1.29 -0.000508753 0.0280148 0.0704456
1.3 0.00151903 -0.0146128 -0.0411255
1.31 0.00280122 0.044543 0.0993931
1.32 -0.0043494 -0.0530641 -0.11487
1.33 -0.0012357 -0.00216484 -0.000988737
1.34 0.000464317 0.00190866 0.00305603
1.35 -0.00390569 -0.0515393 -0.112683
1.36 0.000266016 -0.00651961 -0.0169099
1.37 0.00250674 0.0238982 0.049819
1.38 -0.00180313 -0.0283083 -0.0630872
1.39 -0.000328502 -0.00725593 -0.0166374
1.4 0.000772141 0.022773 0.0531218
1.41 0.00179913 0.0388998 0.0890623
1.42 -0.000168701 0.00814344 0.0205501
1.43 -0.00235783 -0.042672 -0.0963563
1.44 0.00416698 0.0452789 0.0964249
1.45 0.000894566 -0.00285156 -0.0101152
1.46 -0.000707579 -0.0226028 -0.0529301
1.47 -0.00229288 -0.0228823 -0.0480761
1.48 -0.000986791 -0.013399 -0.0293949
1.49 0.00171328 0.0521476 0.121834
1.5 0.00058828 -0.00336509 -0.0103038
1.51 0.00134089 0.0119722 0.0246602
1.52 -2.65286e-05 -0.00571709 -0.0139206
1.53 -0.000147095 0.0252283 0.0623518
1.54 -0.000339385 -0.000805294 -0.000788056
1.55 0.00345538 0.0229932 0.0442861
1.56 -0.00240419 -0.052616 -0.120568
1.57 0.00102381 0.0169268 0.0379124
1.58 -0.000142507 0.012226 0.0304654
1.59 0.000816748 0.0312682 0.0737887
1.6 0.00097309 -0.0101628 -0.0283105
1.61 9.04518e-05 0.00711676 0.0171281
1.62 -0.00149077 -0.0311038 -0.0710306
1.63 0.000399814 0.0282736 0.0679054
1.64 -0.00142951 -0.0208355 -0.0460757
1.65 0.0018598 0.034259 0.077475
1.66 -0.000293042 -0.0169399 -0.040498
1.67 1.60445e-05 -0.0338983 -0.0831453
1.68 0.00191762 0.0316429 0.0708607
1.69 -0.0011104 -0.00703355 -0.0133604
1.7 0.000427479 0.0116438 0.0270469
1.71 -0.00137478 -0.00796992 -0.0147318
1.72 -0.000270899 -0.0123723 -0.0293795
1.73 -0.00152418 -0.0220805 -0.0487967
1.74 0.00105209 0.00830995 0.0166927
1.75 0.000861803 0.0117334 0.0257488
1.76 0.000289391 -0.0105406 -0.0268476
1.77 -0.00239605 -0.0289181 -0.0625101
1.78 0.00207591 0.0198439 0.0413868
1.79 0.000450387 0.0480471 0.116196
1.8 -0.00206727 -0.0431207 -0.0984712
1.81 0.00203295 0.0150521 0.0297915
1.82 -0.00166967 -0.048748 -0.113654
1.83 -0.000116059 0.000745401 0.00223259
1.84 -0.00149319 -0.0679261 -0.161279
1.85 -0.00516506 -0.0467755 -0.0966058
1.86 0.00104757 0.0463132 0.10986
1.87 -0.000312157 -0.00549268 -0.0123726
1.88 1.14312e-06 0.0324574 0.0795533
1.89 0.003116 0.0340522 0.0725789
1.9 -4.81508e-05 -0.0110708 -0.0269678
1.91 0.00151424 0.0330592 0.0757417
1.92 0.00208592 0.0128998 0.0243308
1.93 -0.00222749 -0.0194992 -0.0400122
1.94 0.000619999 -0.00713336 -0.0196511
1.95 -0.000403071 0.0248924 0.0624229
1.96 0.000354069 0.0110647 0.0258838
1.97 0.00131412 0.0455025 0.106941
1.98 -0.00170104 -0.0521867 -0.121973
1.99 0.000104366 -0.000410921 -0.00137188
2 0.000803599 0.0313728 0.074091
2.01 -0.00309262 -0.0561739 -0.126884
2.02 -0.00203525 -0.0214671 -0.0455074
2.03 0.00121156 0.0143294 0.0308899
2.04 -0.000144261 -0.00375055 -0.00868902
2.05 -0.000331282 0.0113977 0.0290949
2.06 0.00119403 0.0199778 0.0447962
2.07 -0.00107007 -0.0131715 -0.0285463
2.08 -0.00029984 0.0168277 0.0422946
2.09 -0.00043499 -0.024597 -0.0587706
2.1 -0.000781284 -0.00131543 -0.00049444
2.11 0.000132374 0.0130732 0.0315815
2.12 -0.00343602 -0.0612718 -0.13818
2.13 -0.000920187 -0.0282225 -0.0659618
2.14 -0.00126675 -0.0120189 -0.0250339
2.15 -0.00125203 0.00787661 0.0236812
2.16 0.000570782 0.0241879 0.0572934
2.17 -0.00242508 -0.0120305 -0.021015
2.18 0.00131526 0.0123045 0.0255644
2.19 0.00112467 -0.00333255 -0.0120982
2.2 -0.000868948 -0.00111516 0.000302736
2.21 -0.00258692 -0.0366784 -0.0808646
2.22 0.0012382 -0.00217344 -0.00965372
2.23 -0.00131261 -0.0234074 -0.0527883
2.24 0.00134172 0.0137436 0.0289993
2.25 0.000916962 0.0262038 0.0610251
2.26 0.00262152 0.0574893 0.131754
2.27 -0.00249024 -0.0189229 -0.0376816
2.28 0.000281732 0.024903 0.0600561
2.29 0.000241223 -0.00517235 -0.0135209
2.3 -7.8811e-05 -0.0263096 -0.0642129
2.31 -0.00138112 -0.0117921 -0.0240782
2.32 -0.000365204 0.00557697 0.0149459
2.33 -0.00102872 -0.000734601 0.0017938
2.34 0.000865286 0.0133693 0.0297465
2.35 -0.000190041 -0.0194672 -0.0470526
2.36 -0.00279636 -0.0364888 -0.0796681
2.37 -0.00153819 -0.0184552 -0.0398615
2.38 -0.000574739 -0.00803331 -0.0176825
2.39 0.000161918 0.0100076 0.0239642
2.4 0.00133162 0.0232311 0.0522898
2.41 0.0019999 0.0254639 0.0554277
2.42 0.00185672 0.0502042 0.116569
2.43 -0.00180833 -0.034168 -0.0774319
2.44 0.000553831 0.024476 0.0580588
2.45 -0.000586413 -0.0091514 -0.0203823
2.46 -0.000216368 -0.00181314 -0.00368824
2.47 -0.00230455 -0.00573214 -0.00599803
2.48 0.000930801 0.0288126 0.0673711
2.49 0.00244091 0.0299103 0.0647855
2.5 -0.0018227 -0.00711864 -0.0110801
2.51 -0.00139852 -0.0316014 -0.0725726
2.52 -0.000970233 -0.0180552 -0.0408657
2.53 -0.00216095 -0.0358485 -0.0803188
2.54 -0.00126029 0.0132706 0.0369316
2.55 -0.0029867 -0.0304607 -0.0642275
2.56 0.000579826 -0.0112435 -0.0295853
2.57 -0.000596481 -0.0171518 -0.0399572
2.58 -0.000511987 0.00301183 0.00917129
2.59 9.59896e-05 0.0291919 0.0712178
2.6 0.00291491 0.0190018 0.0363912
2.61 0.00137026 0.0386316 0.0899034
2.62 -2.64111e-05 -0.0377532 -0.0924457
2.63 0.00296846 0.0383711 0.0836806
2.64 0.00135414 0.0290402 0.06645
2.65 0.00161605 -0.0163958 -0.0458347
2.66 0.00204012 0.0248793 0.0538542
2.67 0.000571054 0.0241358 0.0571646
2.68 -0.000748925 -0.0024925 -0.00349266
2.69 0.0020505 0.0367987 0.0830338
2.7 0.00163939 0.00446484 0.0052158
2.71 -0.000278229 0.00389247 0.0105131
2.72 0.00294515 0.0422913 0.0933711
2.73 -0.00176381 -0.000961483 0.0038061
2.74 0.001732 0.0377319 0.0864342
2.75 -0.00267534 -0.0186294 -0.0363154
2.76 0.000215401 -0.0130212 -0.0326693
2.77 7.59355e-05 -0.00629777 -0.015702
2.78 -0.000722195 -0.0166699 -0.0383368
2.79 0.00107419 0.0314492 0.0733327
2.8 -0.00106743 -0.0168169 -0.0374907
2.81 -0.000236089 -0.0126924 -0.0302858
2.82 -0.00206428 -0.0100226 -0.017354
2.83 0.0036468 0.0864625 0.199189
2.84 -8.27349e-05 0.0040055 0.0101071
2.85 -0.00148679 -0.0162606 -0.0346619
2.86 0.00106991 0.00973935 0.0201341
2.87 0.0020709 0.0284466 0.0624906
2.88 0.0023726 0.0147924 0.027968
2.89 -0.00296496 -0.0638607 -0.146171
2.9 -0.000445499 -0.0037048 -0.00752436
2.91 -0.00100596 -0.00317575 -0.00426932
2.92 0.00148981 0.0256065 0.0575594
2.93 -0.000303098 -0.0199372 -0.0478096
2.94 0.000237102 -0.018738 -0.0467577
2.95 -0.000321724 0.00679164 0.0177713
2.96 0.00203095 0.0305084 0.0676839
2.97 -0.000198237 -0.00301707 -0.00670259
2.98 -0.000351778 0.00891481 0.0230805
2.99 0.00100967 0.0139555 0.0306789
3 0.00092612 0.0173435 0.0392752
3.01 0.000823368 0.0109547 0.0239745
3.02 0.00138571 0.0123478 0.0254243
3.03 -0.000771045 -0.0268291 -0.0630675
3.04 0.000403217 0.00670324 0.0150217
3.05 -0.000510242 0.025164 0.063463
3.06 0.000421529 0.00171939 0.00274161
3.07 -0.00151018 -0.0475491 -0.111273
3.08 -0.000413625 -0.00776606 -0.0175904
3.09 0.00404495 0.0729301 0.164628
3.1 -0.000967476 -0.0190999 -0.0434359
3.11 0.000735574 -0.0103029 -0.0278239
3.12 0.0013806 0.0455117 0.106731
3.13 -0.000578169 -0.003515 -0.00659558
3.14 -9.93168e-05 -0.0114578 -0.0277376
3.15 -0.00100809 -0.0268692 -0.0623377
3.16 0.00311867 0.0257691 0.0522666
3.17 0.00291054 0.036375 0.0789902
3.18 -0.000992009 -0.0126107 -0.0274443
3.19 0.00122088 0.0322628 0.0748145
3.2 -0.000839925 -0.0159155 -0.0360762
3.21 -0.00128203 0.00147637 0.00809826
3.22 0.00179758 0.0197083 0.0420268
3.23 -0.00206044 -0.0340602 -0.0762867
3.24 -0.00169121 -0.00575118 -0.00818773
3.25 0.000617657 0.0182882 0.0426687
3.26 -0.0012394 -0.0377564 -0.0882153
3.27 -0.0012693 -0.0196255 -0.0436697
3.28 -0.00510265 -0.0658449 -0.143566
3.29 0.000891354 0.0340395 0.0803207
3.3 -0.00231458 0.00111969 0.0108318
3.31 -0.000792967 0.0138654 0.0367566
3.32 1.60568e-05 0.00913315 0.0223304
3.33 0.000505578 0.0143495 0.033406
3.34 -0.000976632 -0.0187122 -0.0424537
3.35 -0.000597371 -0.00139568 -0.00133376
3.36 0.000972362 0.00340775 0.00495538
3.37 -0.00198549 -0.0251724 -0.0547633
3.38 -0.00143504 -0.0297717 -0.0679602
3.39 -0.000323996 0.0216438 0.0541838
3.4 -0.00286767 -0.0450333 -0.100363
3.41 -0.000166147 -0.00980415 -0.0234507
3.42 -0.00206044 -0.0143148 -0.0278881
3.43 0.000153914 0.0141197 0.0340715
3.44 0.00314651 0.0757037 0.174566
3.45 0.00215044 0.0160067 0.0317207
3.46 -0.00159395 0.00404818 0.015492
3.47 -0.000477271 -0.00961776 -0.0219068
3.48 -0.000337533 -0.00512723 -0.0113882
3.49 -0.000311306 -0.00612637 -0.0139288
3.5 -0.0010871 -0.00548193 -0.00963853
3.51 0.00114981 0.00634056 0.0115241
3.52 0.00103764 -0.00104186 -0.00617927
3.53 0.00116693 0.0378286 0.0886456
3.54 0.000630732 0.0272307 0.0645423
3.55 -2.03499e-05 0.00368089 0.00909344
3.56 1.76587e-05 0.0103835 0.0253896
3.57 -0.00195608 -0.0419003 -0.0958685
3.58 -0.0025338 -0.025517 -0.0536923
3.59 0.000237992 0.00920351 0.0217274
3.6 8.46663e-05 0.0018933 0.00434489
3.61 0.00141691 0.0213244 0.0473181
3.62 0.000383603 -0.00154402 -0.00512491
3.63 0.000772802 0.0174626 0.0401029
3.64 0.000566841 0.00705268 0.0153065
3.65 -0.000459707 0.0125893 0.0324642
3.66 -0.00106754 -0.0229875 -0.0526152
3.67 0.000456554 0.0266147 0.0636408
3.68 0.000174499 -0.00673668 -0.0171222
3.69 -0.00368593 -0.00795812 -0.00662761
3.7 0.000613285 0.0190413 0.0445297
3.71 -0.000275742 0.00428392 0.0114639
3.72 -0.00109197 -0.0252099 -0.0579774
3.73 -0.000153545 0.0134211 0.0334335
3.74 -0.000601328 -0.00440267 -0.00869044
3.75 0.000943667 0.0250304 0.0580556
3.76 0.000968713 0.0311047 0.0728569
3.77 -0.000874075 0.00232852 0.00876155
3.78 -0.000599599 -0.0361502 -0.0865138
3.79 -0.000594849 0.0136522 0.0355416
3.8 -0.000618536 -0.0383023 -0.0917227
3.81 0.00120821 0.0382765 0.089599
3.82 0.00382709 0.0590117 0.131273
3.83 0.000885344 -0.00421264 -0.0134191
3.84 0.000224775 0.00424825 0.00962763
3.85 -0.000915239 -0.00910878 -0.0191289
3.86 -0.000995739 -0.000222494 0.00293379
3.87 0.000430554 0.0075407 0.0169789
3.88 0.000366108 0.00268769 0.00530868
3.89 0.00167499 0.0204297 0.0442232
3.9 0.00175016 0.0273924 0.0610272
3.91 0.000832523 0.0232638 0.0541136
3.92 0.00381488 0.0569752 0.126324
3.93 0.000110178 -0.0279364 -0.0688606
3.94 -0.00147309 -0.0254647 -0.0572702
3.95 0.0022737 0.0155333 0.0301298
3.96 0.00299075 0.0386022 0.0841692
3.97 5.41498e-05 -0.0146219 -0.0360293
3.98 -0.003766 -0.065088 -0.146381
3.99 0.000689868 0.0404515 0.0967415
4 -0.000299131 -0.0106518 -0.0250639
4.01 -0.00057626 -0.0233618 -0.0552494
4.02 0.00399858 0.0647745 0.144799
4.03 -7.22015e-05 -0.0266122 -0.0649778
4.04 -0.000203244 0.00215368 0.00598908
4.05 0.00088891 0.0113583 0.0247347
4.06 -0.00121185 -0.0313198 -0.0725346
4.07 0.00107929 0.0326193 0.076183
4.08 -0.00103676 -0.0187235 -0.0422712
4.09 0.000685231 0.0146054 0.0334056
4.1 -0.000656369 -0.00400575 -0.00752524
4.11 0.000214399 -0.0439354 -0.108441
4.12 -0.00027251 0.0217732 0.0543212
4.13 -0.00102461 -0.00511676 -0.00896183
4.14 0.000989091 0.0420655 0.0996521
4.15 -0.000259197 -0.00304431 -0.00655635
4.16 -0.0016706 -0.0212549 -0.0462614
4.17 0.00035566 -0.0220981 -0.0554079
4.18 0.00194616 0.0163172 0.0331956
4.19 -0.000632186 -0.0192199 -0.0449015
4.2 0.00160334 0.0458216 0.106713
4.21 -0.000755138 -0.018246 -0.0420849
4.22 -0.0018922 -0.00963999 -0.0170174
4.23 0.000268712 0.0185499 0.0445293
4.24 0.0002303 -0.0162863 -0.0407246
4.25 -0.00499155 -0.0443715 -0.0913198
4.26 -3.4907e-05 -0.0146988 -0.0359066
4.27 0.0027841 0.0431946 0.0961479
4.28 0.00093231 0.0264621 0.0616045
4.29 0.000218726 0.000464593 0.00037454
4.3 -0.00210285 -0.0474323 -0.108915
4.31 0.00175829 -0.0088487 -0.0278329
4.32 0.000426003 0.0192294 0.0456453
4.33 0.000705402 0.0166163 0.0382641
4.34 -0.000535767 0.000926941 0.00414404
4.35 -0.000865231 -0.0233777 -0.0542787
4.36 -0.00129052 -0.00415585 -0.00567741
4.37 0.0022139 -0.00236287 -0.0135272
4.38 -0.00038648 -0.0238018 -0.0569909
4.39 0.000999446 0.0240572 0.0554752
4.4 -0.000619972 -0.00816495 -0.0178471
4.41 0.0031328 0.0826866 0.191729
4.42 0.00418239 0.0797366 0.180831
4.43 -0.00209151 -0.0234426 -0.0501529
4.44 -0.000421039 -0.0123054 -0.028691
4.45 -0.000465764 0.000414489 0.00264336
4.46 -0.00260682 -0.035103 -0.0769337
4.47 -0.00118012 -0.0268652 -0.0617268
4.48 -0.000859761 -0.0208235 -0.0480371
4.49 0.000218354 0.00552314 0.012775
4.5 0.000608791 -0.0297795 -0.0751206
4.51 0.00061342 0.0390495 0.0935721
4.52 0.000191033 -0.0243935 -0.0604592
4.53 -0.00185469 -0.00496885 -0.00569893
4.54 -0.00046919 -0.00581083 -0.0126037
4.55 -0.000549873 -0.0246012 -0.0583794
4.56 0.0027644 0.0425436 0.0946209
4.57 -0.000351173 0.0307122 0.0765067
4.58 0.000146533 -0.00254711 -0.00675528
4.59 -0.00201483 -0.0582949 -0.135848
4.6 0.00250785 0.0379615 0.0842859
4.61 -0.000815659 0.00229598 0.00847768
4.62 -0.00185113 -0.0235774 -0.0513233
4.63 0.000450571 0.0179263 0.0423653
4.64 -0.000208848 -0.00780411 -0.0183992
4.65 0.000727163 -0.00346039 -0.0110226
4.66 0.00215971 0.0298458 0.0656098
4.67 0.000387261 0.0114135 0.0266229
4.68 -0.000970216 -0.0199565 -0.045526
4.69 0.000442567 0.0183158 0.043348
4.7 0.00321305 0.0516551 0.115387
4.71 0.000502664 0.00141068 0.00170142
4.72 0.00105827 0.0138861 0.0303391
4.73 0.000989189 0.0147763 0.0327622
4.74 0.000583445 0.0161812 0.0376235
4.75 -0.000598642 -0.0232281 -0.0548434
4.76 0.00127768 -0.0045795 -0.0156892
4.77 0.000483543 0.00475791 0.00997273
4.78 -7.15176e-05 0.0186663 0.0460035
4.79 0.000400751 -0.0256041 -0.0641593
4.8 0.000263232 0.0251839 0.0608093
4.81 0.000512826 -0.00100426 -0.00425341
4.82 0.000243337 0.0267776 0.0647852
4.83 0.000811076 0.0141505 0.0318508
4.84 -0.000460778 -0.00396839 -0.00811706
4.85 0.00181096 0.02024 0.0432833
4.86 0.00158015 0.038502 0.0888522
4.87 0.00133687 -0.00214826 -0.00993673
4.88 -0.000346398 -0.0110289 -0.025823
4.89 0.00238909 0.0112247 0.0191657
4.9 0.00128082 -0.0103564 -0.0298601
4.91 -0.00241034 -0.0117351 -0.0203425
4.92 -0.000515121 -0.015195 -0.0354451
4.93 0.00149614 0.0231335 0.0514758
4.94 -0.000752966 -0.000577505 0.00121535
4.95 0.000691626 -0.00817277 -0.0224491
4.96 0.00171802 0.0128282 0.0254406
4.97 -0.00204865 -0.0132134 -0.0252296
4.98 0.000978347 -0.00448744 -0.0144177
4.99 0.00269214 0.0395399 0.0875111
5 0.000102327 -0.00715071 -0.0178849
5.01 -0.00176301 -0.0181623 -0.0383581
5.02 -0.00217261 -0.048059 -0.110208
5.03 -0.00065898 0.00112692 0.00506474
5.04 -0.000586373 -0.0320608 -0.0765363
5.05 0.000546551 0.002721 0.00475986
5.06 0.000871495 0.0141129 0.0315475
5.07 6.85053e-05 -0.0236013 -0.0580893
5.08 -0.000407522 -0.0293835 -0.070599
5.09 -0.000634303 0.00121418 0.0051924
5.1 -0.000922553 -0.0092611 -0.0194767
5.11 0.000159942 0.0145596 0.0351287
5.12 0.000466173 0.00935308 0.0212968
5.13 -0.000277408 0.00751834 0.0193977
5.14 -0.0026491 -0.0342477 -0.0746896
5.15 0.000481725 0.0117282 0.0270642
5.16 0.00266782 0.0421109 0.0938978
5.17 7.02197e-05 -0.00425333 -0.0106708
5.18 -0.00207911 -0.0583565 -0.135775
5.19 -0.00267356 -0.00235785 0.00356214
5.2 0.000798035 -0.00626646 -0.0181483
5.21 -0.000441669 0.0158684 0.0404387
5.22 -0.000163765 -0.0141368 -0.034079
5.23 -0.00106795 -0.00857969 -0.0172985
5.24 -0.00162276 -0.0272939 -0.061231
5.25 -0.000116326 -0.0101928 -0.0245774
5.26 -1.56451e-05 0.0181101 0.0444448
5.27 -0.000245243 -0.0267393 -0.0646845
5.28 -0.000149069 0.0219198 0.0542491
5.29 0.000534759 0.0180687 0.0424203
5.3 0.00135491 0.0131804 0.0275727
5.31 0.000285056 0.0197539 0.0474233
5.32 -0.000505047 0.00684282 0.0185373
5.33 -6.38126e-05 0.00585077 0.014564
5.34 0.000802994 -0.0168918 -0.0442098
5.35 -0.00030512 -0.00167957 -0.00305075
5.36 -0.000320756 -0.00402527 -0.00874572
5.37 -0.00116533 -0.027332 -0.0629226
5.38 0.00015518 0.0156398 0.0377929
5.39 0.000549554 0.0354188 0.0848959
5.4 0.000892981 -0.0190154 -0.0497293
5.41 -0.000803814 -0.000839927 0.000749788
5.42 0.00297774 0.038722 0.0845082
5.43 0.00131316 0.0189134 0.041771
5.44 0.00191501 0.0156259 0.0316099
5.45 0.000819562 0.000142525 -0.00251423
5.46 0.000925647 0.00403546 0.0066572
5.47 0.00314412 0.0662634 0.151435
5.48 0.00010215 -0.00463651 -0.0117216
5.49 -0.00128189 -0.00590153 -0.00998644
5.5 0.00153503 0.0305708 0.0695694
5.51 -0.00325794 -0.0523186 -0.116856
5.52 0.000485217 0.0134985 0.0313912
5.53 0.000749379 0.00361047 0.00623138
5.54 -0.00141846 0.0160199 0.044223
5.55 -0.00237296 -0.0588726 -0.136013
5.56 -0.00201529 -0.0481231 -0.110914
5.57 0.000410084 0.00247309 0.00462901
5.58 -0.000816584 0.00260978 0.0092501
5.59 0.00112266 0.00331992 0.00421495
5.6 0.00252447 0.00963829 0.0148041
5.61 0.00118278 0.0125013 0.0265097
5.62 0.000494403 0.0100931 0.0230119
5.63 0.0011059 -0.00687754 -0.0207218
5.64 0.00285165 0.0161152 0.0295367
5.65 0.000777304 0.0174574 0.0400744
5.66 -0.00370868 -0.0687011 -0.155437
5.67 -0.000711205 -0.00100727 1.6022e-05
5.68 0.00102979 -0.00363203 -0.0125007
5.69 -0.00295128 -0.0250544 -0.0510997
5.7 -0.0018137 -0.061679 -0.144846
5.71 -0.000140428 0.00191186 0.00517689
5.72 0.00145043 0.0357576 0.0825786
5.73 -0.00102256 -0.0161606 -0.0360388
5.74 0.000593875 0.00424356 0.00832649
5.75 -0.00127974 0.00424843 0.0148849
5.76 -0.00111081 -0.000748338 0.00204695
5.77 -0.00186265 -0.0131518 -0.0257287
5.78 0.00201287 -0.00609857 -0.0219814
5.79 -0.00170783 -0.0146325 -0.0298989
5.8 0.00308923 0.0502063 0.112268
5.81 0.000358472 -0.0177656 -0.0447982
5.82 -0.0012942 -0.0107043 -0.0217157
5.83 -4.78947e-05 -0.00296588 -0.00710241
5.84 -0.000360813 0.00788197 0.0205804
5.85 -0.00131565 0.0186658 0.0503492
5.86 -0.000443156 0.00154063 0.00532469
5.87 0.000541258 -0.0254035 -0.0641585
5.88 -0.00138354 -0.0194706 -0.0428908
5.89 -0.00382008 -0.0507919 -0.11115
5.9 0.0020144 0.0235679 0.0507295
5.91 0.000910522 0.00789257 0.0161643
5.92 -0.000327927 -0.0265886 -0.0640264
5.93 0.000707258 0.020386 0.0474975
5.94 -6.86385e-05 0.0200523 0.0493906
5.95 -0.00237283 -0.028606 -0.0618262
5.96 0.000172826 -0.00890085 -0.022421
5.97 0.000931582 0.00312193 0.00439726
5.98 0.00079702 0.00745556 0.0154897
5.99 0.0016165 0.0154834 0.0323038
6 -0.00151787 -0.0125666 -0.0254989
6.01 0.00233826 0.0425366 0.0960928
6.02 8.71522e-05 -0.0011093 -0.00302356
6.03 2.06872e-05 0.0280186 0.068605
6.04 0.00120411 0.0316115 0.0732768
6.05 -9.79397e-05 0.00828679 0.0206542
6.06 -5.25087e-05 -0.00872525 -0.0212033
6.07 -0.00123164 -0.0101501 -0.0205758
6.08 0.000384236 0.0161841 0.0383267
6.09 0.0025898 0.0518595 0.118066
6.1 -0.000519676 -0.0206081 -0.0486972
6.11 0.0020893 0.0104061 0.0182066
6.12 0.000468955 0.0175917 0.041481
6.13 -0.000781829 -0.0148033 -0.033553
6.14 -0.000938556 0.0329657 0.0840825
6.15 -0.00317749 -0.0769338 -0.177472
6.16 -0.000223071 0.0124449 0.0312835
6.17 -0.00154586 -0.0146752 -0.0305695
6.18 0.00025819 -0.00676395 -0.0174815
6.19 -0.000424126 -0.0222958 -0.0531681
6.2 -0.00170638 -0.0336204 -0.0764457
6.21 0.00195215 0.0276872 0.0610441
6.22 6.81116e-05 -0.0223672 -0.0550629
6.23 -0.000638203 -0.0158257 -0.036561
6.24 -0.0017802 -0.00858336 -0.0148188
6.25 2.07582e-06 0.00932727 0.0228551
6.26 -0.00106076 -0.00600027 -0.0110011
6.27 -0.000223253 0.0200607 0.0499514
6.28 0.000136049 0.0302906 0.0737708
6.29 -0.000520829 -0.000651618 0.000222597
6.3 -0.0012797 -0.0214796 -0.048178
6.31 0.000569913 0.0199348 0.0468716
6.32 -0.00157573 -0.0410371 -0.0950816
6.33 -0.00141553 0.0070913 0.0223276
6.34 -0.000515696 -0.0219676 -0.0520436
6.35 0.00123275 0.0118261 0.0246801
6.36 -0.000169772 -0.00433836 -0.0100407
6.37 -0.00193358 -0.0152447 -0.0306107
6.38 -0.000653111 0.00344192 0.0107186
6.39 0.00079076 -0.00149637 -0.00643076
6.4 -0.000717632 -0.000173716 0.00208163
6.41 0.00022107 -0.0273443 -0.0677968
6.42 0.00191319 0.0570745 0.133212
6.43 0.00113024 0.0272724 0.0628991
6.44 0.00207589 0.0387446 0.0877149
6.45 0.000827399 -0.00891722 -0.0247482
6.46 -0.000931442 0.00997807 0.027712
6.47 -0.00284205 -0.0513017 -0.115817
6.48 -0.000477021 -0.0282339 -0.0675384
6.49 -0.000486449 0.0036267 0.0105892
6.5 0.00353741 0.0702756 0.159895
6.51 -0.00140686 -0.0179491 -0.0390801
6.52 -0.000652107 -0.000235143 0.00170213
6.53 -0.00182321 -0.0179593 -0.0376501
6.54 -0.000987323 -0.0287739 -0.0670788
6.55 0.000854312 0.00699303 0.0141558
6.56 -0.00218529 -0.0262904 -0.0568057
6.57 -0.0025562 -0.0249772 -0.052291
6.58 -0.00177 -0.0367795 -0.0839669
6.59 -0.00160779 -0.0256375 -0.0572231
6.6 -0.000313867 0.00386668 0.0105744
6.61 0.0014485 0.0213025 0.0471541
6.62 -6.32637e-05 0.0119704 0.029562
6.63 -0.000717997 -0.0195131 -0.0453204
6.64 -0.00241348 -0.0311119 -0.0678265
6.65 2.71106e-05 -0.0146855 -0.0360908
6.66 -0.000855608 -0.0249678 -0.0582098
6.67 -0.00117258 -0.00637976 -0.0115406
6.68 -0.00050942 -0.0164563 -0.0385567
6.69 0.000527584 0.0187977 0.0442321
6.7 0.00236647 0.0166304 0.0324948
6.71 -0.00040524 0.00362226 0.0102946
6.72 0.00043396 0.0225753 0.0538187
6.73 0.00251408 0.0249921 0.0524746
6.74 0.000407204 0.0160825 0.0379975
6.75 0.00173993 0.00267078 0.000467051
6.76 0.000910882 0.0169703 0.0384137
6.77 -0.000782823 -0.0080184 -0.0169189
6.78 5.12724e-05 -0.000798615 -0.00213666
6.79 -0.0020032 -0.0368723 -0.0833797
6.8 0.0027675 0.0208482 0.041432
6.81 -0.00118197 -0.0113639 -0.0237245
6.82 0.000871977 0.0162763 0.0368486
6.83 -0.00115884 -0.0102734 -0.0211324
6.84 0.000240553 -0.0111382 -0.0281417
6.85 -0.000403829 -0.0105081 -0.0243457
6.86 0.00258643 0.0463796 0.104645
6.87 -0.00110569 -0.023101 -0.0527603
6.88 0.00265709 0.0449883 0.100988
6.89 -0.0025128 -0.0490717 -0.111501
6.9 0.000106425 -0.0132925 -0.0329535
6.91 0.00163746 0.0376526 0.0865701
6.92 -0.000625575 -0.0334343 -0.0797661
6.93 -0.00452945 -0.08175 -0.184554
6.94 -0.00259653 -0.0496013 -0.112507
6.95 -0.0020436 -0.00724912 -0.0106281
6.96 -0.00196882 -0.0128283 -0.0245648
6.97 -9.82778e-05 0.00473754 0.0119557
6.98 -0.000715758 0.00163007 0.0064964
6.99 -0.00215127 -0.0198112 -0.0410432
7 -0.000259806 -0.010495 -0.0248169
7.01 -0.00110238 -0.0130676 -0.0281786
7.02 -0.00212392 -0.0152897 -0.0300561
7.03 -0.000144528 -0.00218026 -0.00483911
7.04 -0.00317938 -0.0578086 -0.130587
7.05 -0.00148328 0.0157884 0.043882
7.06 0.00187933 0.0284207 0.0630964
7.07 0.00107926 0.0110895 0.0234107
7.08 0.000890454 0.000146446 -0.00275232
7.09 0.0012253 0.0211648 0.0475966
7.1 0.000559001 -0.0124252 -0.0324091
7.11 0.00282807 0.0421897 0.0935311
7.12 0.000164486 0.017224 0.0416436
7.13 -0.00140356 -0.0115834 -0.0234884
7.14 0.00191329 0.0434771 0.099883
7.15 0.00216528 0.0126642 0.023476
7.16 0.00150495 0.0444614 0.103722
7.17 0.000460986 0.00239861 0.00426861
7.18 0.00341369 0.0392326 0.0842366
7.19 0.000678007 0.0333185 0.0792989
7.2 0.000795288 0.0282643 0.0665006
7.21 0.000876239 0.0249975 0.0582105
7.22 0.00108972 0.00656687 0.0122887
7.23 -0.00155985 0.0069815 0.0225628
7.24 -8.14537e-05 0.0101227 0.0250967
7.25 -0.00157321 -0.0484293 -0.11321
7.26 -0.00128632 -0.0361243 -0.0840509
7.27 -0.000100898 -0.00154286 -0.0034292
7.28 0.00281115 0.0522987 0.118369
7.29 0.00123184 -0.000226821 -0.00486008
7.3 0.000290653 0.0218087 0.0524403
7.31 -0.000318365 -0.00705446 -0.016179
7.32 -0.00081892 -0.0245697 -0.0573622
7.33 0.0005175 0.0160695 0.0375802
7.34 -0.00033983 -0.00463325 -0.0101693
7.35 0.00115405 0.00574135 0.0100405
7.36 -0.000572639 -0.019063 -0.044725
7.37 0.00281897 0.0315851 0.0675696
7.38 0.00138548 0.00262604 0.00159582
7.39 6.89551e-05 -0.00990279 -0.0245139
7.4 0.000221264 0.0130122 0.0311214
7.41 -1.13448e-05 -0.0089616 -0.0219264
7.42 -0.00214231 -0.00298711 0.000163526
7.43 -0.00337908 -0.0422255 -0.0916936
7.44 -0.000978563 -0.0232529 -0.0535766
7.45 0.000227121 0.00896612 0.0211836
7.46 -0.000937986 -0.0289659 -0.0677218
7.47 0.00248603 0.0316955 0.0690034
7.48 0.000315603 -0.0144385 -0.0364933
7.49 0.000606997 0.00741205 0.016047
7.5 -0.0024896 -0.0489668 -0.111325
7.51 -0.000872059 -0.0111898 -0.0243806
7.52 -0.00219241 -0.0187554 -0.0383116
7.53 -0.00226691 -0.0152947 -0.0295685
7.54 0.00163787 0.0420826 0.0974273
7.55 0.000512617 -0.00767705 -0.0206086
7.56 -4.45088e-05 0.00295745 0.0074046
7.57 -0.0010789 -0.00320353 -0.00408255
7.58 0.00179957 0.00668096 0.0100881
7.59 -0.00279434 -0.0267097 -0.0557054
7.6 -0.000573073 0.00667507 0.0183638
7.61 7.9777e-05 0.00232555 0.00542148
7.62 0.000832598 0.0168624 0.0384229
7.63 0.000176903 0.0110206 0.0263949
7.64 0.00288943 0.0238313 0.0483178
7.65 -0.00162933 -0.0343361 -0.0784692
7.66 0.00121874 -0.0065202 -0.0202402
7.67 0.000761952 0.00449184 0.00834781
7.68 0.000571376 0.0247067 0.058563
7.69 -0.00111976 -0.0112387 -0.0236349
7.7 -0.00197815 -0.0221915 -0.0474825
7.71 -0.00111962 0.0115052 0.0321128
7.72 -0.00055964 -0.0213844 -0.0504606
7.73 -0.000445319 0.0185181 0.0469463
7.74 -0.00272892 -0.0292205 -0.0620883
7.75 0.002657 0.0271686 0.0573101
7.76 -0.00136754 -0.0343838 -0.0795009
7.77 -0.00248971 -0.0441894 -0.0996147
7.78 -0.00161227 -0.036382 -0.0835436
7.79 0.000466766 0.010413 0.0238927
7.8 0.00144168 0.0235765 0.0527518
7.81 -0.00149765 -0.0279113 -0.0631813
7.82 -0.00295782 -0.0333235 -0.0713455
7.83 -0.000943477 -0.0390766 -0.0924853
7.84 -0.000926912 -0.00816228 -0.0167681
7.85 0.00171153 0.0337025 0.076629
7.86 0.000250348 0.00659441 0.015289
7.87 -0.000243287 -0.0222604 -0.0537132
7.88 -0.000822417 -0.0145902 -0.0328889
7.89 -0.00235763 -0.0523431 -0.120062
7.9 -0.000313344 0.001114 0.0038254
7.91 0.000672613 -0.0200014 -0.0513761
7.92 -0.00031747 -0.0282843 -0.0682193
7.93 0.000674007 0.000716699 -0.000598286
7.94 0.00200702 0.0330622 0.0740272
7.95 0.00205847 0.0299465 0.0662104
7.96 -6.14075e-05 0.0452357 0.111093
7.97 -0.000494183 -0.0257468 -0.061382
7.98 0.000199852 -0.000740536 -0.00251344
7.99 -7.4403e-05 -0.0192507 -0.046926
8 0.00210449 0.031978 0.071029
8.01 0.000290038 0.0229286 0.0551875
8.02 -0.000292459 -0.00519631 -0.011715
8.03 -0.000751636 -0.0352144 -0.0836888
8.04 -0.00111603 -0.0166694 -0.0369595
8.05 0.000254294 0.0331585 0.0803874
8.06 -0.00068236 0.00630146 0.0178299
8.07 -0.000661236 -0.00235884 -0.00347144
8.08 0.00182518 0.05112 0.118924
8.09 -0.00126372 -0.00467181 -0.00703575
8.1 -6.28477e-05 0.00677264 0.0168202
8.11 0.000760238 0.027041 0.0636247
8.12 0.00281774 0.0525065 0.118855
8.13 -0.00193504 -0.0216064 -0.0461989
8.14 -0.00263077 -0.0509167 -0.115611
8.15 0.00144329 0.0207966 0.0459322
8.16 0.00182786 0.0406497 0.0932512
8.17 0.00140288 0.0203567 0.0449952
8.18 0.00123845 0.0102664 0.0208372
8.19 -0.000484632 -0.0286995 -0.068653
8.2 0.000991227 0.00404454 0.00645032
8.21 -0.00157646 -0.0534321 -0.125461
8.22 0.00111051 0.0195136 0.0439503
8.23 -0.00114884 -0.0251333 -0.0575908
8.24 0.000480458 -0.0205706 -0.0520999
8.25 0.000828208 0.0123579 0.0273969
8.26 -0.0030461 -0.0628588 -0.143432
8.27 -0.000197223 -0.00517597 -0.0119979
8.28 0.00118094 0.0240081 0.0547208
8.29 -0.00157198 -0.0471745 -0.110138
8.3 -0.000792924 -0.0153093 -0.0347545
8.31 -0.00228084 -0.0505305 -0.115888
8.32 -0.000444897 0.000844561 0.00362462
8.33 -0.00124824 -0.00272767 -0.00232448
8.34 -0.00127202 -0.0598536 -0.142265
8.35 -0.00121866 -0.00353323 -0.00440234
8.36 -0.00174643 -0.00782132 -0.013069
8.37 -5.00496e-05 -0.000281102 -0.000514142
8.38 0.00101497 0.0354326 0.0833035
8.39 -0.000147664 0.00741894 0.0187007
8.4 0.000244935 -0.0127847 -0.0321928
8.41 0.000620706 0.0063202 0.0133228
8.42 -0.00139304 -0.043333 -0.101348
8.43 0.00130405 0.0153644 0.0331038
8.44 -0.00115253 -0.0343934 -0.0802758
8.45 -0.00340762 -0.0721539 -0.164952
8.46 0.000929172 -0.00321853 -0.0111356
8.47 -4.46308e-05 -0.00605717 -0.014691
8.48 -0.00249907 -0.0256399 -0.0541148
8.49 0.00011822 0.00140887 0.00304027
8.5 -0.000111245 0.00549374 0.0138546
8.51 -7.12984e-06 -0.00899125 -0.0220138
8.52 0.00106005 0.0152019 0.033558
8.53 0.000176239 0.0113086 0.0271031
8.54 8.29965e-05 0.00340761 0.00806249
8.55 0.00256479 0.0299423 0.064431
8.56 -0.00160097 -0.0269034 -0.0603499
8.57 0.000192528 -0.0227303 -0.0563876
8.58 0.000614761 -0.0158276 -0.0409435
8.59 -0.00111452 -0.0426887 -0.100741
8.6 0.00253727 0.0566974 0.130107
8.61 0.0019972 0.0140998 0.0275821
8.62 -0.0019364 -0.00762177 -0.0119161
8.63 8.98807e-05 0.0110956 0.0268828
8.64 -3.49557e-05 0.00463228 0.0114764
8.65 -0.00170711 -0.0307689 -0.0694538
8.66 -0.000742761 -0.0151689 -0.0345858
8.67 0.000533445 0.0283646 0.0676615
8.68 -0.00385561 -0.0441836 -0.0948281
8.69 0.00233563 0.0193734 0.0393261
8.7 -0.00383521 -0.0574753 -0.127479
8.71 -0.00160578 -0.0202775 -0.0440923
8.72 -0.00162258 -0.0203681 -0.0442555
8.73 -0.0016944 -0.0565201 -0.132618
8.74 0.00165152 0.0394786 0.0909968
8.75 -0.000539926 0.00348596 0.0104311
8.76 0.000495394 0.0312242 0.0748037
8.77 3.78e-05 -0.0078614 -0.0194014
8.78 -0.000866457 -0.0156022 -0.0352157
8.79 0.000571989 -0.0141573 -0.0367001
8.8 0.00281177 0.0181472 0.0346566
8.81 0.00217662 0.0265998 0.0575944
8.82 0.000331676 -0.0112928 -0.028839
8.83 0.00136191 0.0196405 0.0433829
8.84 -0.00272928 -0.0350321 -0.076332
8.85 0.000480181 0.0169294 0.0398185
8.86 0.000750233 0.00876493 0.0188626
8.87 0.00456767 0.0636103 0.139957
8.88 -0.00118007 -0.0238322 -0.0542926
8.89 -5.66924e-06 -0.0101633 -0.0248918
8.9 -0.000670015 -0.0262467 -0.0619929
8.91 0.000852267 -0.0173505 -0.0455062
8.92 -0.00206083 -0.0402031 -0.0913425
8.93 0.000499213 0.0154889 0.0362211
8.94 -0.000935713 -0.0383438 -0.0907163
8.95 0.0012573 0.0031499 0.00332777
8.96 0.000886484 0.00395922 0.00660716
8.97 0.00384131 0.0350971 0.0726059
8.98 0.000259449 0.00771609 0.0180066
8.99 -0.000835405 0.0203452 0.0527877
9 0.00164948 0.0454097 0.105542
9.01 -0.000744575 -0.0110902 -0.024582
9.02 0.00187361 0.0272833 0.0603284
9.03 0.00210924 0.0543112 0.125754
9.04 0.00115883 0.0323493 0.0752434
9.05 0.000976856 0.0125051 0.0272385
9.06 0.000548483 0.00353114 0.00673886
9.07 -0.00145305 -0.0249839 -0.0561618
9.08 0.00096411 -0.00305462 -0.0108559
9.09 0.000401286 -0.0173695 -0.043977
9.1 0.0017527 0.0160318 0.0331721
9.11 -0.00164326 -0.0357184 -0.0818088
9.12 -0.000798187 0.005627 0.0165814
9.13 -0.00130809 -0.0177362 -0.0389033
9.14 0.00139616 0.0272296 0.0618651
9.15 -0.000410475 -0.0151158 -0.0356166
9.16 0.00174995 0.0273796 0.0609965
9.17 0.000944997 0.0123557 0.0269836
9.18 -0.00192972 -0.0129801 -0.0250733
9.19 3.97342e-05 -0.000999968 -0.00258989
9.2 0.00156153 0.0172391 0.0367992
9.21 -0.000447953 -0.014836 -0.0347998
9.22 -0.00212496 -0.0456037 -0.104356
9.23 -0.00242608 -0.0333485 -0.0732647
9.24 0.00251265 0.0169347 0.0327297
9.25 0.000905991 0.0250662 0.058275
9.26 0.00200214 0.0352673 0.0794492
9.27 0.000583661 0.022193 0.0523586
9.28 -6.22947e-05 0.0175231 0.0431692
9.29 0.000439759 -0.00158227 -0.00541489
9.3 0.000965424 -0.00690167 -0.0202901
9.31 0.00217487 -0.00569209 -0.0215511
9.32 -0.000297611 -0.0420102 -0.101933
9.33 -5.51827e-05 -0.000102265 -5.78549e-05
9.34 -0.00166782 -0.00895594 -0.0161247
9.35 0.000980798 0.00504056 0.00892812
9.36 -0.00201019 -0.0412473 -0.0940789
9.37 0.00168503 0.0422827 0.0977529
9.38 -0.00193212 -0.0121125 -0.0229385
9.39 0.0012103 0.0130129 0.0276675
9.4 0.000165091 0.0195599 0.047367
9.41 -0.000793346 -0.0316036 -0.0746925
9.42 -0.000265602 -0.0242589 -0.0585337
9.43 0.000516089 0.00843885 0.0188815
9.44 -0.000750882 -0.00783829 -0.0165891
9.45 0.00102074 0.012572 0.0272492
9.46 -0.00204648 -0.0323243 -0.0720807
9.47 0.000253086 0.0202326 0.0487084
9.48 0.00351087 0.0519592 0.115092
9.49 0.00303506 0.0532864 0.120007
9.5 0.00175277 0.0246467 0.0542881
9.51 0.00201322 0.00501177 0.0052502
9.52 0.00033294 0.0249392 0.0599659
9.53 0.00015981 0.0107352 0.0257551
9.54 -0.000334685 0.00968458 0.0249076
9.55 -0.00270035 -0.0313203 -0.0673349
9.56 0.000573055 -0.0363325 -0.091058
9.57 -0.0017737 -0.0119351 -0.023057
9.58 -0.000394564 -0.00230329 -0.00426704
9.59 0.00216986 0.0481245 0.110378
9.6 -0.000126821 -0.00663512 -0.0158204
9.61 -0.000259799 -0.0277042 -0.0669988
9.62 0.00234231 0.0194722 0.0395448
9.63 0.00120133 0.0144186 0.0311443
9.64 0.000936388 -0.00624298 -0.0185741
9.65 0.00294643 0.0616526 0.140824
9.66 -0.000613982 -0.0166512 -0.038669
9.67 0.00217543 0.0332956 0.0740107
9.68 0.00198032 -0.00235269 -0.0126861
9.69 0.000271588 0.0302905 0.073297
9.7 -0.000335768 -0.0132752 -0.0313661
9.71 0.00371009 0.0220741 0.0411433
9.72 0.000129034 -0.0172332 -0.0426917
9.73 0.000751446 0.00664775 0.0136689
9.74 0.000252429 0.00103275 0.00164941
9.75 -0.000172401 0.0381337 0.0940729
9.76 0.0012284 0.0289347 0.0666306
9.77 -0.00100964 -0.00776521 -0.0155058
9.78 -0.00358914 -0.0300082 -0.0610134
9.79 0.000112064 0.00732748 0.017569
9.8 5.54374e-05 0.0203487 0.0496836
9.81 -0.0003379 0.0110965 0.0283796
9.82 0.000552135 -0.0171984 -0.0440848
9.83 -0.00111677 -0.0410697 -0.0967651
9.84 0.00207405 0.00205978 -0.00219803
9.85 -3.62734e-05 -0.0325127 -0.0795662
9.86 -0.000764494 0.00526785 0.0155834
9.87 0.000754424 -0.000444481 -0.00372547
9.88 0.00168672 0.0408006 0.094114
9.89 -0.000717723 -0.0233019 -0.0546083
9.9 -0.00133993 -0.0246889 -0.0558338
9.91 0.000345724 0.00652856 0.0147944
9.92 0.00129245 0.00802541 0.0151554
9.93 -0.00146444 0.00642778 0.0208721
9.94 -0.00106489 -0.0249429 -0.0574175
9.95 -0.00304764 -0.073751 -0.170125
9.96 0.000155809 0.00407164 0.00943571
9.97 -0.000804959 -0.0290115 -0.0682984
9.98 5.35414e-07 0.0177594 0.0435288
9.99 0.00240451 0.0218604 0.0451812
10 1.73472e-18 3.46945e-18 -1.38778e-17
