0.01 -0.000377939 -0.00200964 -0.00906235
0.02 -0.00190505 -0.00790197 -0.0350506
0.03 -0.00196806 -0.00467672 -0.0197279
0.04 0.000205214 -0.00344199 -0.0168029
0.05 -0.000342687 0.00310806 0.0159389
0.06 0.00143477 0.00215848 0.00678486
0.07 -0.000473583 -0.00280953 -0.0099294
0.08 -0.00116092 0.00344807 0.0138925
0.09 0.00417683 0.00408678 0.0186921
0.1 -0.00220555 0.000843309 0.00233604
0.11 -9.5106e-05 -0.00243409 -0.00770883
0.12 0.00102129 -0.00194415 -0.0133434
0.13 -0.00344243 -0.00209594 -0.00334567
0.14 0.00223773 -0.00357401 -0.0220925
0.15 -0.00355566 -0.00643085 -0.0229841
0.16 0.000700073 0.0069915 0.0281741
0.17 0.00346391 -0.00511775 -0.0238796
0.18 -0.00665878 0.000452122 0.00642978
0.19 0.00499662 -0.00248349 -0.0164004
0.2 -0.00146235 0.00183052 0.0127299
0.21 -0.00443746 -0.0101409 -0.0491474
0.22 0.0035464 -0.000516866 0.00378818
0.23 -0.00292981 0.00322069 0.004947
0.24 0.00244699 -0.00143199 0.00668517
0.25 0.00137798 0.0132074 0.0424159
0.26 -0.000530884 -0.012722 -0.0397564
0.27 -0.00275074 0.00622641 0.012511
0.28 0.0039545 -0.00262534 0.00222173
0.29 -0.0015824 0.00339506 0.000838696
0.3 -0.00200949 -0.00249166 0.00450673
0.31 0.00720978 0.01106 0.0331891
0.32 -0.00598845 -0.006438 -0.0157675
0.33 0.00198504 0.00191511 0.00161943
0.34 0.00126078 -0.00476599 -0.0213567
0.35 -0.0059763 -0.00101012 0.00266319
0.36 0.00681531 0.000976052 -0.00787168
0.37 -0.00549633 -0.00356534 -0.000860904
0.38 0.00293593 0.0100556 0.0290876
0.39 0.00340248 -0.00321802 0.000622252
0.4 -0.0061936 0.000491043 -0.0136999
0.41 0.00230807 -0.0118221 -0.0334595
0.42 -0.00197338 0.00346196 -0.00682488
0.43 -0.00115794 -0.0066462 -0.00478346
0.44 9.62511e-05 -0.00170104 -0.0332064
0.45 -0.00138951 -0.0076586 -0.00917481
0.46 -0.00347136 0.00210095 -0.0120343
0.47 0.00561555 -0.0130228 -0.0416843
0.48 -0.0134117 -0.00198132 -0.0191169
0.49 0.0140834 0.0072587 0.040398
0.5 -0.00675617 -0.00358777 -0.0270303
0.51 -0.00283902 0.00151062 0.0231714
0.52 0.0113059 0.00376294 -0.00370855
0.53 -0.0141457 -0.00907164 -0.0207336
0.54 0.00997532 0.0117409 0.0393634
0.55 -0.00138289 -0.00980696 -0.0412884
0.56 -0.00667536 0.000380211 0.00890799
0.57 0.00436419 -0.00555177 -0.0362109
0.58 0.0020279 0.00151345 0.0179606
0.59 -0.0112835 0.00323699 0.00592443
0.6 0.0219016 0.0077752 0.0418388
0.61 -0.0195653 0.00227048 -0.00242837
0.62 0.0114227 -0.00456062 0.00310821
0.63 0.000141419 0.00281075 -0.0246176
0.64 -0.01489 -0.0181271 -0.0311329
0.65 0.0190063 0.0183335 0.0269527
0.66 -0.0135979 -0.0108775 0.00353598
0.67 0.00667375 0.0125202 0.0104726
0.68 0.000571756 -0.00929825 -0.00330727
0.69 -0.00160317 0.0142766 0.0302981
0.7 0.000378864 -0.00986282 -0.0133094
0.71 0.00427984 0.00702377 0.00190747
0.72 -0.00911994 -0.00536365 0.00350363
0.73 0.0105826 0.00439916 -0.00253989
0.74 -0.00697806 -0.00466257 -0.00855042
0.75 -0.00215552 -0.000335046 3.61885e-05
0.76 0.0111286 0.00357897 0.000415865
0.77 -0.0171644 -0.0126063 -0.0303725
0.78 0.0122653 0.00440735 -0.00996528
0.79 -0.00625655 -0.0118074 -0.02348
0.8 -0.0052231 0.00298044 -0.0129971
0.81 0.0109397 -0.0047765 0.0042499
0.82 -0.0109014 0.00947677 0.0141694
0.83 0.00935406 -0.0033218 0.0178578
0.84 -0.00300789 0.00844776 -0.000627836
0.85 -0.00075996 -0.00948156 -0.000746372
0.86 -0.00108317 0.00125455 -0.0353556
0.87 0.00206927 -0.00650147 0.00919184
0.88 -0.00643053 0.00128018 -0.0282167
0.89 0.00704851 -0.00398579 0.0130741
0.9 -0.0061182 -0.00119457 -0.035336
0.91 -0.00239595 -0.0117944 -0.0208563
0.92 0.00640493 0.00489082 -0.0106659
0.93 -0.0122202 -0.0113483 -0.0189387
0.94 0.0125748 0.0078215 0.00746462
0.95 -0.0113885 -0.00936472 -0.0214102
0.96 0.00678687 0.00187754 -0.00319445
0.97 -0.00551826 -0.00390481 -0.0137824
0.98 0.00532204 0.00406903 0.0214817
0.99 -0.00374291 0.00758869 0.0245113
1 0.00769106 -0.000967998 0.00912027
1.01 -0.0100323 -0.00774419 -0.0535673
1.02 0.00357651 -0.00282714 0.0160233
1.03 0.00421062 0.0128064 0.0181476
1.04 -0.00708315 -0.0102651 0.000610817
1.05 0.006814 0.00484607 -0.0292458
1.06 -0.00893842 -0.017984 -0.0270277
1.07 0.00431161 0.012642 0.00460353
1.08 -0.00275311 -0.022016 -0.0495921
1.09 -0.00307289 0.00811922 -0.00790905
1.1 0.000609723 -0.0120331 -0.011734
1.11 0.00389701 0.0113852 0.00983059
1.12 -0.00789432 -0.00480862 0.0181307
1.13 0.0135992 0.0118206 0.0161421
1.14 -0.0143811 -0.0188918 -0.0557715
1.15 0.00536547 0.00731399 0.0183067
1.16 0.00488202 0.00805099 0.0352338
1.17 -0.00593921 -0.00512679 -0.0120015
1.18 0.00460142 0.0153145 0.0523619
1.19 0.0043581 -0.00893752 -0.0235161
1.2 -0.0102257 0.00902106 0.0233951
1.21 0.0104875 -0.00973997 -0.0229529
1.22 -0.00365753 0.0156953 0.0424933
1.23 -0.00178675 -0.00142475 0.0292426
1.24 0.0128514 0.00756589 -0.010446
1.25 -0.0195559 -0.0155162 -0.0209106
1.26 0.014103 0.00679297 -0.014198
1.27 -0.00651168 -0.0152933 -0.0331017
1.28 -0.00641946 0.0125612 0.0340483
1.29 0.0187563 0.00358708 0.0264918
1.3 -0.0162045 0.00365898 0.00975525
1.31 0.00960895 0.00688141 0.0394121
1.32 0.00468503 -0.00342038 -0.0302706
1.33 -0.015861 0.00214842 0.0292887
1.34 0.0187265 -0.00268086 -0.0305455
1.35 -0.0132017 0.00241305 0.0219591
1.36 0.0038659 0.00361397 0.0160244
1.37 0.00827529 0.00506618 0.0118983
1.38 -0.0118892 -0.0105156 -0.0322059
1.39 0.00441633 0.013683 0.0519612
1.4 0.0134378 -0.000422444 -0.00516626
1.41 -0.0259294 -0.00235433 0.00319561
1.42 0.028854 0.00691727 0.0145629
1.43 -0.0190036 -0.00810159 -0.027146
1.44 -0.00125737 -0.00449614 -0.0155303
1.45 0.0163773 0.00491184 0.00619074
1.46 -0.0226376 -0.0045533 -0.000664976
1.47 0.0164627 -0.00903895 -0.0564184
1.48 -0.0117548 -0.00367528 -0.00641599
1.49 0.00204012 -0.00212606 -0.0127661
1.5 0.0019381 0.0048446 0.0226436
1.51 0.00374339 0.00251625 0.00598684
1.52 -0.0101763 0.00708923 0.0449227
1.53 0.0219699 0.00305733 -0.00932047
1.54 -0.0264998 -0.00772574 -0.00653297
1.55 0.0198001 0.00372567 -0.0085869
1.56 -0.0058364 0.00416048 0.035978
1.57 -0.00603417 -0.00196825 -0.0187769
1.58 0.0143527 0.00370702 0.022887
1.59 -0.0151672 -0.00329166 -0.0232038
1.6 0.0100946 0.00280836 0.0280518
1.61 -0.000323892 0.0121494 0.0306616
1.62 -0.000173268 -0.00732318 -0.00623509
1.63 -0.00458271 0.00261803 -0.0125194
1.64 0.00928167 -0.0108261 -0.0292816
1.65 -0.0176605 0.00393847 0.00524672
1.66 0.0195252 -0.00663154 -0.0213797
1.67 -0.0165281 0.00502972 0.0147492
1.68 0.00721856 -0.0106379 -0.0375189
1.69 0.000953366 0.00867575 0.0273447
1.7 -0.00764627 -0.0128059 -0.0477437
1.71 0.00726683 0.00887924 0.0376933
1.72 -0.00249317 -0.00224847 -0.0194659
1.73 -0.00288637 -0.00758287 -0.0130197
1.74 0.00157113 0.00409426 -0.0102719
1.75 0.00223115 -0.0036695 0.0168653
1.76 -0.00698627 0.00424812 -0.0175638
1.77 0.00742857 -0.0213441 -0.055852
1.78 -0.0143457 0.00669445 -0.0107388
1.79 0.0129245 -0.0087628 0.00525285
1.8 -0.00859975 0.00438724 -0.0309168
1.81 0.000149414 -0.00820576 0.0211267
1.82 0.00701914 0.0163729 0.0109326
1.83 -0.00711427 -0.0210727 -0.0343878
1.84 -0.00174966 0.0129219 0.0075653
1.85 0.0100793 -0.0109151 -0.0104564
1.86 -0.0140682 0.0106698 0.019534
1.87 0.0112504 -0.0130854 -0.0370514
1.88 -0.00541887 0.00509909 0.00542319
1.89 -0.00674234 -0.0119605 -0.0385255
1.9 0.0151749 0.0144324 0.0554995
1.91 -0.0150425 -0.00622536 -0.0310204
1.92 0.010768 0.00112266 0.0247069
1.93 -0.00371913 0.0099521 0.00735743
1.94 0.00213549 -0.00854257 0.0129796
1.95 -0.00162177 0.0176918 0.0178478
1.96 0.00933577 -0.00196797 0.0583994
1.97 -0.0077695 0.0174619 0.00367228
1.98 0.00716124 -0.0197495 -0.0072716
1.99 -0.00433804 0.0219434 0.0110738
2 -0.000131463 -0.0245716 -0.0181748
2.01 0.00532122 0.0317083 0.0485208
2.02 -0.00655542 -0.0331684 -0.0591732
2.03 0.00246055 0.0227945 0.0226343
2.04 -0.000861521 -0.0237956 -0.0395338
2.05 -0.00142906 0.0179608 0.0278067
2.06 0.00109364 -0.0162235 -0.0350562
2.07 -0.00121221 0.00687217 0.00902542
2.08 -0.00279302 -0.0129583 -0.0523398
2.09 0.00035751 -0.00189756 0.00474936
2.1 0.00083283 0.0101234 0.013272
2.11 -0.00167068 -0.0213719 -0.0468636
2.12 -0.00277943 0.0168463 0.0137074
2.13 0.00460773 -0.022988 -0.0300834
2.14 -0.00773561 0.0203385 0.0092981
2.15 0.00872038 -0.020205 -0.000961662
2.16 -0.00812844 0.0219978 0.00282471
2.17 0.00808606 -0.0226538 -0.00256793
2.18 -0.00946032 0.0231177 0.00539206
2.19 0.0139591 -0.0149187 0.0267005
2.2 -0.0135086 0.02617 0.0298895
2.21 0.0146682 -0.0313016 -0.0627507
2.22 -0.0192906 0.0164053 0.00911513
2.23 0.0150157 -0.0183714 -0.0291095
2.24 -0.007016 0.0146467 0.0220345
2.25 -0.00521865 -0.0154985 -0.0346551
2.26 0.0137153 -0.000773476 -0.0278833
2.27 -0.0256852 -0.00347307 -0.00180682
2.28 0.0319301 0.00409802 0.0190365
2.29 -0.0310197 -0.00128703 -0.0257293
2.3 0.0231516 -0.013729 -0.019502
2.31 -0.0184961 0.0181629 0.020365
2.32 0.0164064 -0.0251732 -0.0380012
2.33 -0.0208657 0.0145341 -0.0178807
2.34 0.0183323 -0.0273924 -0.0322237
2.35 -0.0164521 0.026128 0.0207251
2.36 0.0107156 -0.0242722 -0.00669537
2.37 -0.00115147 0.0227978 -0.00568768
2.38 -0.0115271 -0.0308986 -0.026623
2.39 0.0197445 0.0372841 0.0578882
2.4 -0.0168421 -0.0231708 -0.0065062
2.41 0.0135996 0.0220405 0.0180758
2.42 -0.00945037 -0.0192374 -0.0247813
2.43 0.00724475 0.0163049 0.0312566
2.44 -0.00859179 -0.0152989 -0.0454865
2.45 0.00991695 0.00234605 0.00556357
2.46 -0.0145661 0.00713319 0.0209768
2.47 0.0209541 -0.0113832 -0.0258417
2.48 -0.0244036 0.0170698 0.0369007
2.49 0.0242249 -0.0185279 -0.0279305
2.5 -0.0173354 0.0290627 0.0585909
2.51 0.0120825 -0.0241421 -0.022447
2.52 -0.00472594 0.0270852 0.0243665
2.53 -0.00154776 -0.0354078 -0.0556055
2.54 0.000222608 0.0279004 0.0234468
2.55 0.00192879 -0.0227823 -0.00633783
2.56 -0.00120915 0.0234187 0.0164075
2.57 -0.00149203 -0.0211795 -0.0142193
2.58 0.00718704 0.0216672 0.0246993
2.59 -0.0115777 -0.013251 0.00295317
2.6 0.015878 0.00528351 -0.027289
2.61 -0.0205136 -0.00526433 0.0147193
2.62 0.02001 -0.0031742 -0.0371496
2.63 -0.0165454 0.0140295 0.0694091
2.64 0.016094 -0.00805979 -0.0278531
2.65 -0.0116631 0.0145967 0.0427038
2.66 0.00947998 -0.012275 -0.0201773
2.67 -0.00601207 0.0189218 0.0401244
2.68 0.00782185 -0.00912549 0.0098235
2.69 -0.00638309 0.0133286 0.00409919
2.7 0.00552876 -0.0166872 -0.0163801
2.71 -0.00782489 0.00856624 -0.0201053
2.72 0.00761482 -0.00678088 0.0278791
2.73 -0.00413493 0.0150576 0.00965778
2.74 0.00493642 -0.00667757 0.0249546
2.75 -0.00245761 0.0107134 -0.00341885
2.76 -2.60515e-05 -0.0150029 -0.0207258
2.77 -0.000261484 0.00694207 -0.00861093
2.78 -0.00279662 -0.00400996 0.0159874
2.79 0.00965363 0.00596014 -0.00334119
2.8 -0.0171521 -0.00591738 9.86796e-05
2.81 0.023358 0.00390535 -0.00481614
2.82 -0.0270382 -0.000535112 0.0140749
2.83 0.027556 -0.00525453 -0.0328263
2.84 -0.0272005 0.00514124 0.0248589
2.85 0.0235722 -0.00981542 -0.0380012
2.86 -0.0211679 0.00138824 -0.00700089
2.87 0.0128688 -0.00819926 -0.0150243
2.88 -0.0048539 0.0121107 0.0252367
2.89 6.33866e-06 -0.00691848 0.00273206
2.9 0.00549905 0.00779061 -0.00210584
2.91 -0.0109738 -0.0136325 -0.022558
2.92 0.0115648 0.00588393 -0.0107661
2.93 -0.0143029 -0.00983203 -0.00904258
2.94 0.0146961 0.00721711 0.000976411
2.95 -0.0145625 -0.00492692 0.00471209
2.96 0.0128433 -0.00337415 -0.0369705
2.97 -0.0149884 -0.00478234 -0.00354327
2.98 0.0108411 -0.00841593 -0.0501688
2.99 -0.0120977 -0.00396995 -0.00960371
3 0.00618419 -0.00779324 -0.0371695
3.01 -0.00432939 0.00465393 0.0189999
3.02 0.00163527 -0.011767 -0.0486772
3.03 -0.00449272 0.00528021 0.0210675
3.04 0.00631012 -0.00682924 -0.0308997
3.05 -0.00917468 0.00180109 0.0120415
3.06 0.0101691 0.00516098 0.0168002
3.07 -0.00611561 -0.00369686 -0.0107108
3.08 3.46346e-05 -0.00201867 -0.0134479
3.09 0.00269389 0.00105571 0.0096471
3.1 -0.00221168 0.00379982 0.00948989
3.11 0.00149143 -0.0067263 -0.0198632
3.12 -0.00271115 0.00590135 0.0151074
3.13 0.00452661 -0.0109566 -0.0389928
3.14 -0.0106049 0.00691511 0.0254066
3.15 0.0188114 0.00904346 0.0408986
3.16 -0.0169002 0.00078402 0.0041673
3.17 0.014305 -0.00228005 -0.0105559
3.18 -0.0120448 -0.00198774 -0.00885863
3.19 0.00701821 -0.00606343 -0.0271317
3.2 -0.00562116 0.00737637 0.0358076
3.21 0.00762431 -0.000791892 -0.0116316
3.22 -0.00616421 0.00566113 0.0384274
3.23 0.0057655 0.00216846 -0.0078559
3.24 -0.000262707 -0.00142718 0.0130015
3.25 -0.0057748 0.00639966 0.00902352
3.26 0.0137493 -0.000853712 0.0155325
3.27 -0.0177213 -0.00665071 -0.0521302
3.28 0.0108403 -0.00620347 0.00308283
3.29 -0.00367596 0.00961545 0.00278642
3.3 -0.00181143 -0.0103463 0.00123204
3.31 0.00380568 0.00901025 -0.0108448
3.32 -0.00486545 -0.0187747 -0.033051
3.33 -0.00113243 0.0120286 0.00791227
3.34 0.00580926 -0.00930516 -0.00187211
3.35 -0.00731777 0.00631203 -0.00676314
3.36 0.0027311 -0.0149599 -0.0348502
3.37 -0.000511618 0.0120313 0.0263671
3.38 -0.000701013 -0.0124505 -0.0358028
3.39 -0.00307118 0.00332365 0.0063487
3.4 0.00584971 -0.0048294 -0.0261802
3.41 -0.00999006 0.0026108 0.0306039
3.42 0.0133911 0.00216903 -0.0231276
3.43 -0.0132871 -0.00582559 0.0181568
3.44 0.00896966 0.00720174 -0.0200607
3.45 -0.00194633 -0.00640503 0.0292919
3.46 -0.00165716 0.0218223 0.0349759
3.47 0.0100966 -0.0163414 -0.00847137
3.48 -0.0144866 0.0165321 0.0072553
3.49 0.0154388 -0.0145346 0.00462924
3.5 -0.0106902 0.0242078 0.0353857
3.51 0.0100694 -0.0161652 0.000583871
3.52 -0.00720967 0.0215131 0.0262268
3.53 0.00859001 -0.0171632 -0.0141081
3.54 -0.0100862 0.0160447 0.0194172
3.55 0.0112823 -0.0129414 -0.0174019
3.56 -0.0106982 0.00705695 0.00276297
3.57 0.00375136 -0.0172423 -0.0589127
3.58 -0.00208318 0.00347566 0.00986199
3.59 -0.00171756 0.00385081 0.0105761
3.6 0.00589066 -0.010434 -0.0284294
3.61 -0.0112335 0.00631347 -0.00123415
3.62 0.00995262 -0.0164782 -0.0313023
3.63 -0.00957015 0.011634 -0.00315617
3.64 0.00397248 -0.0212801 -0.027255
3.65 -0.00211023 0.0191572 0.00850439
3.66 0.00245799 -0.0159983 0.0109868
3.67 -0.00307131 0.0199771 0.00494953
3.68 0.00559297 -0.0251887 -0.030667
3.69 -0.0119463 0.0199242 0.0138259
3.7 0.0163807 -0.0165186 -0.00671152
3.71 -0.0163664 0.0174757 0.0186645
3.72 0.0141151 -0.0139006 -0.0101625
3.73 -0.00949162 0.0104972 0.00252609
3.74 0.0042288 -0.00686072 0.00522484
3.75 -0.00118064 -0.00393782 -0.0436281
3.76 -0.00484561 -0.00188254 0.00743541
3.77 0.00574087 -0.00455856 -0.0240495
3.78 -0.00624509 0.00756844 0.0250671
3.79 0.00807491 -0.00514442 -0.0029223
3.8 -0.00836474 0.0121916 0.024534
3.81 0.0129729 -0.00662398 0.0073615
3.82 -0.015089 0.0116763 0.00940532
3.83 0.0180112 -0.00964253 0.00429244
3.84 -0.0176128 0.012705 0.0047636
3.85 0.0164782 -0.00805617 0.0206524
3.86 -0.00904716 0.0209032 0.0318194
3.87 0.00706476 -0.0112535 0.0132738
3.88 -0.00232962 0.0132236 -0.00491936
3.89 -0.00195059 -0.0166508 -0.0122944
3.9 0.00227635 0.00877328 -0.018008
3.91 -0.00413053 -0.00771826 0.0168275
3.92 0.00743219 0.0134013 0.0153628
3.93 -0.00747361 -0.0106607 -0.0123132
3.94 0.00452027 -0.0021977 -0.0345067
3.95 -0.00576487 0.0017016 0.0230487
3.96 0.00747336 0.000198296 -0.00586808
3.97 -0.00616534 0.00507458 0.0199312
3.98 0.0035075 -0.0112339 -0.0379287
3.99 -0.00406723 0.000147339 -0.0203015
4 -0.00267922 -0.0151055 -0.037096
4.01 0.00377723 0.0136258 0.0243967
4.02 -0.000988574 -0.00480146 0.0177658
4.03 0.000394483 0.00889435 -0.000892685
4.04 0.00171703 -0.0109686 -0.00899728
4.05 -0.00560466 0.00938406 0.00474019
4.06 0.0101102 -0.0038472 0.0161056
4.07 -0.0103834 0.010107 0.0153558
4.08 0.0133243 -4.16464e-05 0.025561
4.09 -0.012426 -0.00309979 -0.0370167
4.1 0.00906986 0.00335898 0.0370889
4.11 -0.00552129 -0.0034749 -0.036818
4.12 0.00299119 0.00229714 0.0299813
4.13 -0.00213046 0.000410625 -0.0148942
4.14 0.0046296 0.00594532 0.0393073
4.15 -0.00355459 -0.00202028 -0.0194725
4.16 0.000700817 -0.00167335 0.00246609
4.17 0.00254433 0.000246581 -0.00962321
4.18 -0.0078411 -0.00281943 7.65336e-05
4.19 0.0121656 0.00252253 -0.00318972
4.2 -0.0148755 -0.00113911 0.0102784
4.21 0.0192432 0.0177533 0.0647568
4.22 -0.0117691 0.000626383 0.0121639
4.23 0.0111807 0.0101586 0.0406205
4.24 -0.00767545 -0.00459145 -0.0204017
4.25 0.00914223 0.0119443 0.0565668
4.26 -0.00871508 -0.00704974 -0.0383261
4.27 0.00936641 0.00365854 0.0267497
4.28 -0.0100799 8.94205e-05 -0.0136342
4.29 0.0106294 -0.00125949 0.0124313
4.3 -0.0096766 0.00082749 -0.0195935
4.31 0.00410068 -0.011846 -0.0230746
4.32 -0.00341418 -0.00080791 -0.0392268
4.33 -0.00344294 -0.0074025 0.00955811
4.34 0.00814251 0.00991765 -0.00402203
4.35 -0.0107629 -0.013744 -0.0101131
4.36 0.00989976 0.0141038 0.012103
4.37 -0.00742809 -0.0127972 -0.00884234
4.38 0.00767618 0.020883 0.0482573
4.39 -0.00598477 -0.016306 -0.0323216
4.4 0.00704793 0.0137382 0.0250314
4.41 -0.0129624 -0.0250658 -0.0798088
4.42 0.0109727 0.00566532 0.000303285
4.43 -0.0134844 -0.00355323 0.00214186
4.44 0.0165797 0.00729241 0.0222145
4.45 -0.0147804 -0.00214197 -0.00956061
4.46 0.0111618 0.000326558 0.0138059
4.47 -0.00667587 -0.00154333 -0.0327054
4.48 -0.000350972 -0.00880378 -0.000126924
4.49 0.00318919 0.0149673 0.017857
4.5 0.000526657 -0.00939622 0.0122024
4.51 -0.00164865 0.021633 0.0395593
4.52 0.00615496 -0.0209968 -0.0365342
4.53 -0.00877445 0.0183333 0.024905
4.54 0.00576488 -0.0217727 -0.0392546
4.55 -0.00207367 0.012588 -0.00332225
4.56 -0.00798156 -0.0217159 -0.0355485
4.57 0.0121029 0.0138889 0.00245375
4.58 -0.0151857 -0.0163102 -0.0191324
4.59 0.0128245 0.0116789 0.00883252
4.6 -0.00877823 -0.00618335 0.00316913
4.61 0.0075405 0.00601371 0.007796
4.62 -0.00925463 -0.00593401 -0.0172679
4.63 0.0109621 -0.0078259 -0.0365795
4.64 -0.0195798 0.00453844 0.0178435
4.65 0.0258887 -0.00762295 -0.0278616
4.66 -0.0299559 0.00179435 -0.0040505
4.67 0.0246062 -0.00878838 -0.0169267
4.68 -0.0161033 0.0112618 0.0158144
4.69 0.00725533 -0.0121297 -0.00854662
4.7 -0.000376465 0.0145623 0.0116817
4.71 -0.00222948 -0.0154048 -0.0125338
4.72 0.000777741 0.0107324 -0.00734297
4.73 -0.00178736 -0.0153266 -0.0151042
4.74 0.00314659 0.0112202 -0.00159602
4.75 -0.00932259 -0.0105587 0.00503941
4.76 0.0188523 0.010836 -0.00590884
4.77 -0.0303019 -0.020286 -0.0351836
4.78 0.0337595 0.014291 0.0124539
4.79 -0.0311075 -0.000693285 0.0399574
4.8 0.030818 0.0058137 -0.00780555
4.81 -0.0278044 -0.00688686 -0.00766814
4.82 0.0222613 0.00139682 -0.00526038
4.83 -0.0156695 0.0135223 0.0617213
4.84 0.0187052 0.00346803 0.020679
4.85 -0.0132637 0.0098209 0.0310913
4.86 0.0118127 0.00339501 0.0359202
4.87 0.000644635 0.0154758 0.0374582
4.88 -0.0089454 -0.0169914 -0.0352166
4.89 0.0137219 0.0107221 0.00130632
4.9 -0.0186204 -0.0104594 0.00384131
4.91 0.0230553 0.0146357 0.0128495
4.92 -0.024372 -0.0144619 -0.012986
4.93 0.0238832 0.0135912 0.0124477
4.94 -0.0223918 -0.0111203 -0.00627408
4.95 0.020764 0.00592715 -0.0117395
4.96 -0.0209061 -0.0034466 0.0183965
4.97 0.020866 -0.00202062 -0.0389493
4.98 -0.021514 0.00157941 0.0332889
4.99 0.0214189 0.00896285 0.01939
5 -0.0114168 0.00275387 0.023015
5.01 0.00195854 -0.00621528 -0.0280635
5.02 0.00396107 0.00142773 -0.00164304
5.03 -0.0097149 -0.00837221 -0.0235694
5.04 0.00827415 0.000314162 -0.014437
5.05 -0.00802445 -0.00402059 -0.00129612
5.06 0.00710011 0.00565107 0.00829753
5.07 -0.00686713 -0.00606404 -0.00965443
5.08 0.00794057 0.00468622 0.00223593
5.09 -0.0108717 -0.00409155 0.00260892
5.1 0.0138622 0.000758085 -0.0199728
5.11 -0.018006 -0.00553948 0.000626936
5.12 0.0186915 0.00796797 0.010895
5.13 -0.0148226 -0.00510765 -0.00202789
5.14 0.00974524 0.00285091 -0.00279294
5.15 -0.00569679 0.000167691 0.0119299
5.16 0.00527732 5.79938e-05 -0.00912009
5.17 -0.00671508 0.00277263 0.0222631
5.18 0.00870692 -0.00890337 -0.0518408
5.19 -0.0126842 0.00355575 0.0309068
5.2 0.0126417 0.00207203 -0.00615446
5.21 -0.00509082 0.00136082 0.0176298
5.22 -0.00406406 0.000820252 -0.0020186
5.23 0.0133217 -3.82417e-05 2.90532e-05
5.24 -0.0193795 -0.00556962 -0.0229487
5.25 0.0169031 0.00178745 0.00940057
5.26 -0.0100156 0.00362847 0.00826955
5.27 0.00524422 -0.000441824 0.0118541
5.28 -0.000855019 0.00924661 0.024303
5.29 0.00350561 -0.0119603 -0.0388917
5.3 -0.0116769 0.00909801 0.0334152
5.31 0.0200916 -0.00304877 -0.0145263
5.32 -0.0220781 0.00195575 0.0142231
5.33 0.0159968 -0.00856206 -0.0439277
5.34 -0.00885015 0.00568341 0.0299351
5.35 0.0016849 -0.0031367 -0.0183294
5.36 0.003012 0.00331788 0.0218932
5.37 -0.000182688 0.0107443 0.0344046
5.38 0.00229468 0.0073705 0.0540702
5.39 0.00696067 0.0144219 0.0331473
5.4 -0.00657978 -0.00922084 -0.00387064
5.41 0.00357756 0.012967 0.0191411
5.42 0.00528828 -0.00900555 -0.00452448
5.43 -0.0143771 0.00782049 0.00399243
5.44 0.0190398 -0.0177846 -0.0529012
5.45 -0.0270937 2.99891e-05 -0.0222306
5.46 0.0239575 -0.00656634 -0.00714044
5.47 -0.0173779 0.0173937 0.0550019
5.48 0.0175929 -0.00614069 -0.00792805
5.49 -0.0168604 0.00564639 0.0112907
5.5 0.0192725 0.00619308 0.0345857
5.51 -0.0166893 -0.00590601 -0.0282787
5.52 0.0114171 0.00586667 0.0255116
5.53 -0.00273861 0.00128389 0.00734088
5.54 -0.00234719 0.00672427 0.0271543
5.55 0.0108789 0.00103924 0.00831565
5.56 -0.0160234 -0.00191389 -0.0144921
5.57 0.0183379 -0.00193324 0.000939728
5.58 -0.0215887 -0.000396 -0.0148446
5.59 0.0231982 -0.00425235 -0.00280243
5.6 -0.0258555 0.00679809 0.0125133
5.61 0.029158 -0.00558488 -0.00659524
5.62 -0.029203 0.00927963 0.0221935
5.63 0.0281919 -0.0021399 0.0118253
5.64 -0.0213581 -0.00258115 -0.0384937
5.65 0.00688555 -0.00832493 -0.00161149
5.66 0.00374766 0.00574616 -0.016822
5.67 -0.0137486 -0.0172466 -0.0314758
5.68 0.0143336 0.0150656 0.0254636
5.69 -0.00958907 -0.00584719 0.00757906
5.7 0.00694462 -0.000722429 -0.0295619
5.71 -0.0105644 0.000326396 0.0244313
5.72 0.0178772 0.000569159 -0.0202137
5.73 -0.0256009 -0.0045457 0.00223989
5.74 0.0271447 0.0019071 -0.0100147
5.75 -0.0220229 0.00390818 0.0274867
5.76 0.0134518 -0.0074054 -0.0322336
5.77 -0.00512592 0.00645878 0.017552
5.78 -0.00246716 -0.0117827 -0.0334796
5.79 0.00218399 0.000994936 -0.0179975
5.8 -0.00258382 -0.00423508 0.00467008
5.81 0.000883726 0.00540505 0.00118765
5.82 0.00144106 -0.00473397 0.000364551
5.83 -0.00377766 -0.00325935 -0.0353902
5.84 -0.000550979 -0.00499823 0.000323195
5.85 0.00296195 0.00144108 -0.0180098
5.86 -0.00546194 5.2244e-05 0.0259205
5.87 0.00672419 -0.00122601 -0.031312
5.88 -0.00702643 -0.000946851 0.0204627
5.89 0.00510345 0.000373605 -0.0204942
5.9 -0.00248681 0.00246949 0.0305094
5.91 0.00361451 0.00539798 0.00606859
5.92 -0.00193307 0.00422832 0.0359957
5.93 0.00642454 0.00385776 -0.00113647
5.94 -0.00750036 0.00382163 0.0366932
5.95 0.0107193 -0.000166873 -0.0219172
5.96 -0.0120874 -0.00650318 -0.00808186
5.97 0.00739959 0.00342857 -0.00200834
5.98 -0.00158649 -0.00425001 -0.00705774
5.99 -0.00562157 -0.00416048 -0.0254591
6 0.00695363 0.0043224 0.0248728
6.01 -0.0025528 0.00377875 0.00908057
6.02 -0.00152531 -0.00773668 -0.0244071
6.03 0.00219544 0.0048838 0.0115292
6.04 -0.00217969 -0.00856481 -0.0300599
6.05 -0.00119979 0.00509656 0.0188711
6.06 0.00355949 -0.00357625 -0.0164259
6.07 -0.00324362 0.00336697 0.0182999
6.08 0.000588152 -0.00177666 -0.0121995
6.09 0.00387979 0.00140367 0.0104279
6.1 -0.00759033 -0.00103968 -0.00933744
6.11 0.0100573 0.00988841 0.0521509
6.12 -0.00400804 -0.00484348 -0.0381526
6.13 -0.00592748 -0.0053221 0.0039589
6.14 0.0110829 0.00141135 -0.0310615
6.15 -0.0155036 -0.00860152 0.00608908
6.16 0.0140897 0.00990801 -0.0032882
6.17 -0.0101475 -0.0137527 -0.014019
6.18 0.00400268 0.00999907 -0.00116735
6.19 -0.000518736 -0.00429256 0.0268661
6.2 0.0041099 0.00953584 -0.00711887
6.21 -0.00721774 -0.00379086 0.0374219
6.22 0.0145893 0.0232444 0.0462953
6.23 -0.00709982 -0.00638689 0.0248235
6.24 0.00105865 0.0150789 0.0223433
6.25 0.0117154 -0.00439755 0.0135814
6.26 -0.0184385 0.00779874 0.0119209
6.27 0.0207117 -0.00798769 -0.0202221
6.28 -0.0171091 0.0101381 0.0343681
6.29 0.010487 -0.0107615 -0.0406375
6.3 -0.00436762 0.00628921 0.0251949
6.31 -0.00169791 -0.00685219 -0.0342298
6.32 0.00542036 0.00964378 0.0564996
6.33 -0.00426931 -0.00442004 -0.0465612
6.34 0.00200623 -0.00354587 0.0252814
6.35 -0.0029834 0.00794256 -0.0176311
6.36 0.00658734 -0.014798 -0.00451139
6.37 -0.0137924 0.0133877 -0.00716328
6.38 0.018665 -0.0117164 0.0202447
6.39 -0.0175823 0.0101754 -0.0359623
6.4 0.00670231 -0.0249375 -0.0177443
6.41 0.00283167 0.0277488 0.0198168
6.42 -0.00944493 -0.0273374 -0.0122581
6.43 0.0134635 0.0336204 0.0408398
6.44 -0.0113222 -0.0345299 -0.0529216
6.45 0.00412617 0.0242253 0.0205157
6.46 -0.00240277 -0.0296168 -0.0594267
6.47 0.000969355 0.0227799 0.0445101
6.48 -0.00196292 -0.00864868 0.00378441
6.49 0.0103462 0.0121129 0.0248781
6.5 -0.0156438 -0.00887217 -0.0261431
6.51 0.0131524 -0.00871782 -0.0322968
6.52 -0.0135918 -0.00428624 -0.0483173
6.53 0.00447034 -0.00222526 0.0462987
6.54 0.00915622 0.026797 0.0363955
6.55 -0.00839625 -0.0165078 0.0288755
6.56 0.00546049 0.0215279 -0.0195617
6.57 0.0010904 -0.0274463 0.00086423
6.58 -0.00947699 0.0274454 -0.00513394
6.59 0.0122794 -0.0363374 -0.0308282
6.6 -0.0117025 0.0385024 0.0371934
6.61 0.00580956 -0.0428973 -0.0543612
6.62 0.00256028 0.0473234 0.0748116
6.63 -0.00831771 -0.0419065 -0.0569943
6.64 0.0117203 0.0304784 0.0177318
6.65 -0.0178072 -0.0332815 -0.0458445
6.66 0.0188958 0.0213821 0.012985
6.67 -0.0198104 -0.0110914 0.0102576
6.68 0.0227422 0.0105831 0.0112407
6.69 -0.021884 -0.0013552 0.00409116
6.7 0.0193094 -0.00575388 -0.00850936
6.71 -0.0153385 0.00813907 -0.00915059
6.72 0.00609156 -0.0238986 -0.032452
6.73 -0.000618608 0.0239789 0.00692678
6.74 -0.00653438 -0.0349314 -0.0333633
6.75 0.0113024 0.0467783 0.0697379
6.76 -0.00979761 -0.0458666 -0.0568326
6.77 0.0081037 0.0495865 0.0706062
6.78 -0.00482594 -0.0429206 -0.0426993
6.79 0.00298961 0.0270331 -0.0246836
6.8 -0.00996935 -0.0291429 0.0124793
6.81 0.0180111 0.0351223 0.0200489
6.82 -0.0176815 -0.0268038 0.00350993
6.83 0.0143244 0.0324544 0.0432771
6.84 -0.00094762 -0.0156999 0.00260028
6.85 -0.00806899 0.00993192 0.00102436
6.86 0.0094918 -0.00844895 -0.0198831
6.87 -0.00446665 0.001334 0.00853517
6.88 -0.00542289 0.0127702 0.039086
6.89 0.0219289 -0.0100902 -0.0155258
6.9 -0.0318705 0.0178646 0.0370107
6.91 0.0349269 -0.0200959 -0.0299343
6.92 -0.028613 0.023914 0.0258234
6.93 0.0145812 -0.0371421 -0.0628354
6.94 -0.00440931 0.0362627 0.042061
6.95 -0.00138588 -0.0312506 -0.0099844
6.96 0.00710581 0.0410667 0.0507469
6.97 -0.0071704 -0.0400114 -0.0501692
6.98 0.00625214 0.0333428 0.0287031
6.99 -0.0105749 -0.0311515 -0.0274752
7 0.0187126 0.0236924 0.00184651
7.01 -0.0314296 -0.0236997 -0.00944581
7.02 0.0428664 0.0309177 0.0536216
7.03 -0.0407527 -0.0158573 -0.00752692
7.04 0.032785 0.00840781 0.00239279
7.05 -0.0192592 0.00503331 0.026045
7.06 0.00814018 -0.0123465 -0.0290511
7.07 -0.00170648 0.0176878 0.0283906
7.08 -0.00106322 -0.0283784 -0.0578096
7.09 -0.00229822 0.0277212 0.0426758
7.1 0.00476155 -0.0277249 -0.0331478
7.11 -0.00204767 0.0331841 0.0481497
7.12 -0.0037827 -0.0361781 -0.0530538
7.13 0.0109913 0.0397455 0.0636579
7.14 -0.0147411 -0.0367258 -0.0508006
7.15 0.0144228 0.0302068 0.0289141
7.16 -0.0131081 -0.0312881 -0.0464901
7.17 0.00912576 0.0288727 0.0533725
7.18 -0.00515615 -0.0248169 -0.0558009
7.19 0.00248293 0.0123136 0.0205629
7.2 -0.00680256 -0.00584064 -0.00901257
7.21 0.0149788 -0.00386421 -0.0203357
7.22 -0.0245364 0.0145571 0.056393
7.23 0.0353308 -0.00722724 -0.0119082
7.24 -0.0336057 0.0188421 0.0473085
7.25 0.0257916 -0.0240916 -0.0513035
7.26 -0.0131896 0.0322836 0.0687424
7.27 0.00171425 -0.0397662 -0.0881075
7.28 0.0030192 0.0374331 0.0721081
7.29 -0.00249835 -0.0277505 -0.0305438
7.3 0.00506102 0.0320478 0.0548559
7.31 -0.00755043 -0.0304033 -0.0552336
7.32 0.00948973 0.0147188 -0.00603887
7.33 -0.0205135 -0.0245035 -0.0453822
7.34 0.0264584 0.0184378 0.0294503
7.35 -0.0280609 -0.0116711 -0.0152215
7.36 0.0240811 0.00117355 -0.01125
7.37 -0.0189827 0.000100908 -0.00563899
7.38 0.00957692 -0.0144787 -0.0355707
7.39 -0.00557454 0.0151333 0.0192786
7.4 0.0026046 -0.025533 -0.051231
7.41 -0.00587138 0.0238722 0.0352313
7.42 0.0088291 -0.0274892 -0.0465862
7.43 -0.0118113 0.0248788 0.032471
7.44 0.00978972 -0.0309242 -0.0579191
7.45 -0.00893436 0.0219797 0.0184588
7.46 0.00204646 -0.0326326 -0.0683364
7.47 -0.000910585 0.0259625 0.0462725
7.48 0.00074169 -0.0233567 -0.0471569
7.49 -0.00178196 0.0191313 0.0444026
7.5 0.00222185 -0.0120023 -0.0300362
7.51 -0.000240628 -0.0010159 -0.0122396
7.52 -0.00920298 0.00373951 0.0127452
7.53 0.0221262 -0.00115268 0.00801089
7.54 -0.0308939 0.00582277 0.00236074
7.55 0.033389 -0.0164243 -0.0368153
7.56 -0.0332255 0.018723 0.0333201
7.57 0.0298902 -0.017953 -0.0161029
7.58 -0.0211462 0.0315532 0.0644968
7.59 0.0175626 -0.028287 -0.0429895
7.6 -0.014386 0.0283422 0.0412418
7.61 0.00943769 -0.037884 -0.0861712
7.62 -0.00757363 0.0344342 0.0779684
7.63 0.00472069 -0.0249502 -0.0451601
7.64 0.00375356 0.0203517 0.0336181
7.65 -0.0160594 -0.0185539 -0.0343447
7.66 0.0252451 0.00465981 -0.0169573
7.67 -0.0346961 -0.00605255 -0.00268684
7.68 0.0362624 0.00429917 0.0140341
7.69 -0.0291032 0.00104207 -0.0154406
7.7 0.0150012 -0.0186747 -0.0356252
7.71 -0.00729419 0.0189584 0.013679
7.72 0.00241435 -0.0307287 -0.0500049
7.73 -0.00655232 0.0316302 0.0467934
7.74 0.0129273 -0.0370026 -0.0701796
7.75 -0.0201221 0.0333288 0.0568118
7.76 0.0188082 -0.0430469 -0.103394
7.77 -0.0174306 0.0278675 0.0395107
7.78 0.0066181 -0.0282568 -0.0442307
7.79 0.00488318 0.0261244 0.0402894
7.8 -0.0131714 -0.0274636 -0.0583113
7.81 0.0126808 0.0220358 0.0551067
7.82 -0.00405317 -0.00326657 0.00117888
7.83 -6.9843e-06 -0.00125814 0.0055995
7.84 -0.000350523 0.00934366 0.00782673
7.85 0.00836553 -0.0120935 -0.00365939
7.86 -0.0189462 0.0205445 0.0297374
7.87 0.0303648 -0.0248062 -0.0398692
7.88 -0.0368578 0.0301431 0.0546819
7.89 0.0369708 -0.0314049 -0.0497984
7.9 -0.0296853 0.0329021 0.0446426
7.91 0.0177716 -0.0359293 -0.0475536
7.92 -0.00703313 0.0356163 0.0406754
7.93 0.00020907 -0.0350257 -0.0402319
7.94 0.00269617 0.0395588 0.0711926
7.95 0.00146429 -0.0300418 -0.0472146
7.96 -0.00114382 0.0377827 0.103712
7.97 0.00454272 -0.0149209 -0.0252031
7.98 0.00332823 0.0082581 0.0148146
7.99 -0.0161573 0.00229751 0.0168544
8 0.0317026 -0.00275966 -0.00434089
8.01 -0.0397471 0.00495799 -0.00518843
8.02 0.0355402 -0.0117222 0.00195555
8.03 -0.0222651 0.0173147 -0.00938343
8.04 0.00336866 -0.0357402 -0.0409975
8.05 0.00556901 0.0378806 0.0279716
8.06 -0.0045634 -0.0381728 -0.018796
8.07 -0.00293018 0.0435926 0.0432634
8.08 0.0150316 -0.0408077 -0.0385501
8.09 -0.0227354 0.0388872 0.0395067
8.1 0.0209647 -0.0414637 -0.0589042
8.11 -0.0111862 0.0468291 0.0902807
8.12 0.00208412 -0.0372995 -0.0586941
8.13 0.00659837 0.029787 0.041362
8.14 -0.0127437 -0.0287918 -0.0599376
8.15 0.0116266 0.0210876 0.056382
8.16 -0.00625085 -0.00959086 -0.0408856
8.17 0.000363747 -0.0118101 -0.0194043
8.18 -0.00485151 0.0172091 0.0150711
8.19 0.0165373 -0.0147378 0.0178949
8.2 -0.0252795 0.0255279 0.0107397
8.21 0.0319407 -0.0284328 -0.00467818
8.22 -0.0289104 0.0455103 0.0610184
8.23 0.0228832 -0.0564266 -0.0924564
8.24 -0.0181821 0.0534288 0.0674571
8.25 0.013601 -0.0437234 -0.018068
8.26 -0.00359427 0.0531758 0.0590729
8.27 -0.0019685 -0.0529995 -0.0653062
8.28 0.00367301 0.0506718 0.0709088
8.29 -0.000808099 -0.0371381 -0.0338892
8.3 0.0019077 0.0356123 0.0539015
8.31 -0.00207451 -0.0198806 -0.0125746
8.32 0.00824128 0.016554 0.0263601
8.33 -0.0144125 -0.0107516 -0.0303118
8.34 0.0156709 -0.00833273 -0.0228004
8.35 -0.017952 0.0145997 0.0184925
8.36 0.0162554 -0.0275323 -0.0442251
8.37 -0.0161401 0.026391 0.00936831
8.38 0.0115451 -0.0388606 -0.0378442
8.39 -0.00942456 0.0460942 0.0489333
8.4 0.0117952 -0.0448613 -0.0300011
8.41 -0.0152942 0.0441292 0.0199946
8.42 0.0163246 -0.0528402 -0.0577018
8.43 -0.0184644 0.0543582 0.0696012
8.44 0.020016 -0.0505727 -0.0632891
8.45 -0.0184347 0.0449432 0.0523618
8.46 0.0150245 -0.0261375 0.0156928
8.47 -0.000333626 0.0349946 0.0394281
8.48 -0.0090734 -0.0213606 0.00175498
8.49 0.0176255 0.0141712 -0.00997249
8.5 -0.023616 -0.0131362 -0.0137749
8.51 0.0229472 0.00243435 -0.00121528
8.52 -0.0216389 0.00277398 -0.00946036
8.53 0.0196009 -0.0143797 -0.0101692
8.54 -0.0201188 0.02939 0.0502457
8.55 0.0266239 -0.0348467 -0.0549764
8.56 -0.03355 0.0393447 0.0606266
8.57 0.036769 -0.0398006 -0.0501208
8.58 -0.0319974 0.039046 0.0332367
8.59 0.0185999 -0.0398853 -0.0222867
8.6 0.000313261 0.0484511 0.0481656
8.61 -0.0138586 -0.0485438 -0.0448026
8.62 0.0172402 0.0360601 -0.0034265
8.63 -0.0171876 -0.0356216 -0.0111283
8.64 0.0124559 0.0324752 0.020698
8.65 -0.0057752 -0.0214304 0.00147338
8.66 0.00479104 0.0170414 0.00499656
8.67 -0.0087392 -0.0123216 -0.00766791
8.68 0.0159157 0.0093347 0.0168637
8.69 -0.0209625 -0.000778099 -0.00236299
8.7 0.0204917 -0.0200407 -0.0654739
8.71 -0.0244418 0.0111142 0.00142897
8.72 0.0173177 -0.0337356 -0.077514
8.73 -0.0160408 0.0290258 0.035749
8.74 0.0114506 -0.0402053 -0.0694256
8.75 -0.0124236 0.0352493 0.0378022
8.76 0.0120297 -0.0389316 -0.0500632
8.77 -0.0122926 0.0385633 0.049169
8.78 0.0117431 -0.0344499 -0.0352429
8.79 -0.0070447 0.0365689 0.0515147
8.8 0.00325397 -0.0252883 -0.0106926
8.81 0.00521728 0.0258753 0.024452
8.82 -0.0113766 -0.0182065 -0.00455646
8.83 0.0167521 0.0154951 0.0101894
8.84 -0.0180971 -0.00837335 0.000157452
8.85 0.0153468 -0.00813973 -0.0506269
8.86 -0.0158304 0.0139991 0.0557326
8.87 0.0169807 -0.0228286 -0.0775686
8.88 -0.0194857 0.0297001 0.0948349
8.89 0.0226563 -0.0301443 -0.0869911
8.9 -0.02268 0.0296687 0.0766828
8.91 0.018606 -0.0269791 -0.0570263
8.92 -0.0101208 0.0277583 0.0538227
8.93 0.00164059 -0.0278531 -0.0512164
8.94 0.00260359 0.0245211 0.0396666
8.95 -0.00152096 -0.0195647 -0.0279392
8.96 -0.00460996 0.00853916 -0.00550157
8.97 0.0093633 -0.00393787 0.00886242
8.98 -0.0131562 -0.00883128 -0.0502547
8.99 0.0101825 0.0144522 0.0645073
9 -0.00211501 -0.0150563 -0.0609064
9.01 -0.00674843 0.0129621 0.047025
9.02 0.0120491 -0.010923 -0.0321426
9.03 -0.01039 0.0201745 0.0658307
9.04 0.00827235 -0.0279786 -0.0952092
9.05 -0.0132739 0.0162578 0.0431052
9.06 0.0191065 -0.0093521 -0.0165688
9.07 -0.0226252 0.0171324 0.0585144
9.08 0.0303647 -0.0114232 -0.0440646
9.09 -0.0351365 0.0124838 0.061266
9.1 0.0376546 -0.00764378 -0.0519185
9.11 -0.0351428 -0.0006164 0.0247473
9.12 0.0257258 0.00791216 0.00243067
9.13 -0.0105643 -0.0110951 -0.0151185
9.14 -0.00490638 0.0153942 0.0340359
9.15 0.0174768 -0.0166142 -0.0379598
9.16 -0.022048 0.0266314 0.0786075
9.17 0.026463 -0.0139117 -0.016772
9.18 -0.0208859 0.0226913 0.0492222
9.19 0.0151359 -0.0309913 -0.0826338
9.2 -0.0166826 0.0224926 0.0479065
9.21 0.0181692 -0.0248377 -0.0668951
9.22 -0.0217388 0.0204615 0.059873
9.23 0.0228875 -0.0143102 -0.0457612
9.24 -0.018124 0.0111719 0.0433357
9.25 0.00911261 -0.00661571 -0.0328389
9.26 0.00338831 0.0120993 0.0675648
9.27 -0.0068495 0.00661071 0.00145753
9.28 0.0106096 -0.00633596 0.0170393
9.29 -0.00677903 0.01804 0.0147879
9.3 4.4847e-05 -0.0329794 -0.0613729
9.31 0.00132227 0.0296203 0.0306815
9.32 -0.00329028 -0.0341745 -0.0395252
9.33 0.00376147 0.0382618 0.051129
9.34 -0.00182385 -0.0360018 -0.0393281
9.35 0.0020045 0.0421048 0.0688141
9.36 0.00210953 -0.027231 -0.00885689
9.37 0.00187053 0.039206 0.0706308
9.38 -0.000645683 -0.0322823 -0.0532788
9.39 -0.00394827 0.0140222 -0.0102786
9.4 0.00205978 -0.0209909 -0.0403913
9.41 -0.0051587 0.0111048 0.0194528
9.42 0.0065013 -0.0117912 -0.0481242
9.43 -0.0124471 -0.00800631 -0.0130023
9.44 0.00986242 0.00376352 -0.0306266
9.45 -0.00825125 -0.0130252 0.0122913
9.46 0.00494171 0.0237324 0.0152415
9.47 0.000836825 -0.0301664 -0.0273411
9.48 -0.00507349 0.042577 0.0694545
9.49 0.0109608 -0.0401811 -0.0489449
9.5 -0.0126356 0.0341899 0.0131111
9.51 0.00419052 -0.0446863 -0.0501488
9.52 0.00388827 0.0406929 0.0253797
9.53 -0.013453 -0.0433398 -0.0350906
9.54 0.0167898 0.0314926 -0.0127994
9.55 -0.0207733 -0.0358427 -0.0176585
9.56 0.0192921 0.0337158 0.0262803
9.57 -0.0144532 -0.029209 -0.0301863
9.58 0.00654613 0.0108433 -0.0248216
9.59 -0.00714009 -0.0151002 -0.0198531
9.6 0.00451203 -0.00245012 -0.0327356
9.61 -0.00657685 0.00290147 0.00978794
9.62 0.00475274 -0.00736187 -0.00268109
9.63 0.0039518 0.0210161 0.0336546
9.64 -0.0128486 -0.0219852 -0.00761131
9.65 0.0247972 0.0322883 0.024712
9.66 -0.0312042 -0.0310548 0.00431607
9.67 0.0349727 0.039472 0.0166178
9.68 -0.0311079 -0.0417139 -0.0188236
9.69 0.0226526 0.0446343 0.032142
9.7 -0.0121514 -0.0461154 -0.0452209
9.71 0.000730561 0.0342266 0.00196519
9.72 0.00317009 -0.0282802 0.0156489
9.73 0.00175107 0.0368113 0.0305908
9.74 -0.00384477 -0.0318056 -0.0205782
9.75 0.00312141 0.02791 0.0218694
9.76 0.00371575 -0.0141601 0.0144101
9.77 -0.0110806 0.00206283 -0.0407167
9.78 0.0147367 0.00476637 0.0449243
9.79 -0.0132966 -0.00554031 -0.0252264
9.8 0.00937007 0.00471164 0.000397596
9.81 -0.0101279 -0.0252509 -0.0717415
9.82 0.006543 0.0311509 0.0813275
9.83 -0.000669849 -0.0223601 -0.0279317
9.84 0.00257435 0.0274267 0.0354832
9.85 -0.0077175 -0.0289035 -0.0270079
9.86 0.0140913 0.0285361 0.0123185
9.87 -0.0197231 -0.0314424 -0.0166919
9.88 0.0201575 0.0309841 0.0130485
9.89 -0.0140869 -0.0225666 0.0190619
9.9 0.00791733 0.0228331 -0.00817334
9.91 -0.00074236 -0.0182824 0.0162738
9.92 -0.00384325 0.0151316 -0.0177325
9.93 0.0060922 -0.00890335 0.0334943
9.94 -0.0044874 0.00924862 -0.0205201
9.95 0.0054033 0.00195112 0.0580642
9.96 -0.00313492 0.00536113 -0.012034
9.97 0.0086757 0.00820031 0.0561982
9.98 -0.011421 -0.00529325 -0.0267501
9.99 0.0169641 0.0169023 0.0631225
10 -0.016084 -0.0151881 -0.0444271
