0.01 -0.00220578 0.00229113 -0.0419065
0.02 -0.00986613 0.00927954 -0.167026
0.03 -0.00816334 0.00588559 -0.101513
0.04 -0.00129757 0.00325873 -0.0657727
0.05 0.000473943 -0.00230029 0.0518552
0.06 0.00595406 -0.00454688 0.0680835
0.07 -0.0040366 0.00557526 -0.0878959
0.08 6.75741e-05 -0.00588246 0.100278
0.09 0.0128626 -0.00396744 0.0688227
0.1 -0.0052482 -0.000656629 0.0180475
0.11 -0.00103474 0.00121663 -0.0294103
0.12 9.07814e-05 0.00514352 -0.0844847
0.13 -0.00855315 -0.00111185 0.0126415
0.14 0.00197398 0.00776013 -0.133466
0.15 -0.0120848 0.00466262 -0.0888419
0.16 0.00554025 -0.00593132 0.115986
0.17 0.00616227 0.0037773 -0.0867527
0.18 -0.0174448 0.00218046 -0.0122387
0.19 0.0122789 -0.000550042 -0.0184659
0.2 -0.00412973 0.00213992 -0.014789
0.21 -0.0156854 0.00680971 -0.141555
0.22 0.00620982 0.00631237 -0.0939222
0.23 -0.00289193 -0.00909764 0.143707
0.24 0.00332691 0.00529145 -0.0788158
0.25 0.0127782 -0.0160633 0.282896
0.26 -0.00851512 0.0108575 -0.212162
0.27 -0.0061879 0.00240585 0.00425625
0.28 0.0136088 -0.0119975 0.142737
0.29 -0.0084921 0.0150524 -0.186161
0.3 0.000342982 -0.0178806 0.24111
0.31 0.0189725 0.00713408 -0.0621992
0.32 -0.0144311 -0.00970787 0.124764
0.33 0.00360191 0.0101421 -0.150681
0.34 0.000197219 -0.000433193 -0.00237882
0.35 -0.0133122 0.000382386 -0.0208423
0.36 0.0133765 0.00613509 -0.0693121
0.37 -0.0104403 -0.00850733 0.0846538
0.38 0.00770589 0.0050105 0.00328966
0.39 0.0122808 -0.0158246 0.172965
0.4 -0.019675 0.01995 -0.246242
0.41 0.000330977 -0.00568189 0.00745779
0.42 -0.00205856 0.0130451 -0.168757
0.43 -0.0109941 -0.00529348 0.0654106
0.44 0.00620197 0.00958288 -0.181642
0.45 -0.0184424 0.0079359 -0.0961628
0.46 0.00471342 -0.00778343 0.0657231
0.47 -0.00688739 0.0255096 -0.370746
0.48 -0.0237159 -0.0102551 0.0965693
0.49 0.0316709 0.00422216 0.0104076
0.5 -0.0147875 -0.00711089 0.0379453
0.51 -0.00605428 0.00693239 -0.031936
0.52 0.0257188 -0.00977777 0.0904746
0.53 -0.0311188 0.0121644 -0.159186
0.54 0.0172585 -0.0108752 0.18207
0.55 0.0103197 0.00353922 -0.108105
0.56 -0.0404255 0.0127591 -0.133382
0.57 0.0334963 -0.0112587 0.0775353
0.58 -0.0202802 0.019195 -0.217111
0.59 -0.00204979 -0.0253449 0.348012
0.6 0.0403749 0.00954789 -0.0968597
0.61 -0.0345859 -0.0151998 0.228989
0.62 0.0207352 0.0088174 -0.140054
0.63 -0.00158405 0.00385802 -0.0655473
0.64 -0.0367832 0.00368496 -0.0941151
0.65 0.0395569 0.00526941 -0.0314333
0.66 -0.0151286 -0.0206864 0.266744
0.67 -0.00481696 0.0218462 -0.255105
0.68 0.0259835 -0.0250629 0.302672
0.69 -0.0236827 0.0154857 -0.148238
0.7 0.0196006 -0.0144926 0.173028
0.71 -0.00412128 0.00955904 -0.145275
0.72 -0.013822 -0.00149897 0.0687781
0.73 0.0242458 -0.00837198 0.0465366
0.74 -0.0223351 0.0194287 -0.201449
0.75 0.00185954 -0.0225548 0.237247
0.76 0.0190165 0.0247164 -0.275527
0.77 -0.0384222 -0.0163984 0.136141
0.78 0.0214665 0.0244937 -0.296968
0.79 -0.0137818 -0.0107761 0.0729074
0.8 -0.0166205 0.0137653 -0.159382
0.81 0.0248479 -0.00310038 0.0156416
0.82 -0.0167594 -0.0106596 0.172228
0.83 0.0127008 0.0101686 -0.101842
0.84 0.00932538 -0.0209811 0.241932
0.85 -0.0204065 0.0246244 -0.272956
0.86 0.00946703 -0.0151032 0.0920497
0.87 -0.00756135 0.0195091 -0.182505
0.88 -0.0111644 -0.00986245 0.0360486
0.89 0.0165909 0.00815724 -0.0392101
0.9 -0.0238298 0.00351281 -0.138521
0.91 0.000408533 0.00611616 -0.0622012
0.92 -0.000751403 0.00715913 -0.149701
0.93 -0.0130084 -0.00343164 0.0566989
0.94 0.00805071 0.00962002 -0.142387
0.95 -0.00423791 -0.00782963 0.0874053
0.96 -0.0119944 0.0146302 -0.194804
0.97 0.0116873 -0.00842212 0.0816296
0.98 -0.00812863 0.0032461 0.00123987
0.99 0.014154 -0.0112036 0.162095
1 0.0067157 -0.00289196 0.063214
1.01 -0.0252928 0.0188722 -0.329021
1.02 0.00892441 -0.010504 0.174782
1.03 0.0109938 0.00121822 -0.0146193
1.04 -0.0111448 -0.00527375 0.0949051
1.05 0.00260285 0.0109628 -0.205771
1.06 -0.0132265 0.00673634 -0.10271
1.07 -0.00407949 -0.00328453 0.0348644
1.08 0.00355598 0.0167026 -0.27519
1.09 -0.0282114 -0.00173829 0.00760651
1.1 0.0198681 0.0068553 -0.0960333
1.11 -0.00858794 -0.005926 0.0717302
1.12 0.00157228 -0.0021351 0.0815569
1.13 0.019393 -0.00623639 0.063693
1.14 -0.0285388 0.0148435 -0.226939
1.15 0.00123146 -0.00135521 0.00941391
1.16 0.0311382 -0.0160561 0.278977
1.17 -0.0278666 0.0107337 -0.176081
1.18 0.0262802 -0.0193745 0.345547
1.19 0.00570289 0.00693601 -0.152699
1.2 -0.0258815 -0.000858512 0.0757617
1.21 0.0311663 -0.00503885 0.0100938
1.22 -0.0144808 0.00461743 0.00134847
1.23 0.0129324 -0.0263576 0.403163
1.24 0.0179474 0.0205855 -0.331787
1.25 -0.0410657 -0.00860942 0.155353
1.26 0.0244799 0.0125618 -0.260171
1.27 -0.014582 0.00638022 -0.0535209
1.28 -0.0160005 -0.0126761 0.148127
1.29 0.054409 0.00219964 0.0593337
1.3 -0.0413265 -0.017404 0.184858
1.31 0.0307902 0.00935159 -0.00519889
1.32 0.00692402 -0.0157628 0.0888114
1.33 -0.0343401 0.0180727 -0.116992
1.34 0.0388074 -0.0170154 0.114734
1.35 -0.0220376 0.0156919 -0.138453
1.36 -0.00115926 -0.0193567 0.275554
1.37 0.0411957 0.00343251 -0.0694391
1.38 -0.0572945 0.0104003 -0.113005
1.39 0.0426553 -0.0217837 0.281863
1.4 0.0106897 0.0126854 -0.109997
1.41 -0.0460035 -0.0138375 0.130916
1.42 0.0605871 0.0101856 -0.0581306
1.43 -0.0427524 -0.00789649 -0.00322999
1.44 -0.00862436 0.0197152 -0.186185
1.45 0.0381194 -0.0157454 0.109481
1.46 -0.04444 0.0104612 -0.0379413
1.47 0.0116421 0.00945326 -0.274745
1.48 -0.000930967 0.00301496 -0.00161165
1.49 -0.0325802 0.00551289 -0.102519
1.5 0.04767 -0.0100144 0.150865
1.51 -0.0297416 0.00238414 -0.00389141
1.52 0.0184546 -0.0141954 0.225252
1.53 0.0215309 0.00164146 -0.0192924
1.54 -0.0418382 0.00550621 -0.0962352
1.55 0.0298568 -0.00303077 0.0565766
1.56 0.00176144 -0.00369525 0.0476333
1.57 -0.0210055 -0.00122059 0.0566758
1.58 0.0339527 0.000436464 -0.0497488
1.59 -0.0273863 -0.000640322 0.0484576
1.6 0.00713392 -0.000439711 -0.0146853
1.61 0.0325869 -0.014294 0.268543
1.62 -0.0341548 0.00469095 -0.103025
1.63 0.0206053 0.00500134 -0.0474535
1.64 -0.0137074 0.000806797 -0.0891241
1.65 -0.0138849 0.0108356 -0.0877991
1.66 0.0203493 -0.0106896 0.0646108
1.67 -0.0183701 0.014728 -0.135121
1.68 -0.00348318 -0.0090697 0.0480589
1.69 0.0173434 0.0107267 -0.101297
1.7 -0.0314972 -0.00339211 -0.00671087
1.71 0.0230249 0.00383747 -0.0195776
1.72 -0.00239901 -0.00601772 0.0741877
1.73 -0.0207913 0.0106906 -0.180745
1.74 0.017402 0.00105973 0.0054313
1.75 -0.00880169 -0.00893612 0.0925771
1.76 -0.00217389 0.0144774 -0.151039
1.77 -0.00758741 0.00045922 -0.153082
1.78 -0.0201768 0.0210622 -0.205822
1.79 0.0165566 -0.0212575 0.200837
1.8 -0.00963976 0.0265319 -0.31205
1.81 -0.0133208 -0.0192273 0.218076
1.82 0.0361084 0.00422179 0.00716382
1.83 -0.0386118 0.00804036 -0.192927
1.84 0.00968084 -0.00525593 0.12356
1.85 0.0146578 0.00883098 -0.175872
1.86 -0.0277201 -0.0126594 0.232008
1.87 0.0228034 0.0170177 -0.295169
1.88 -0.0175897 -0.00670145 0.0928166
1.89 -0.0130189 0.0123256 -0.178481
1.9 0.0316868 -0.0120338 0.169732
1.91 -0.0226411 -0.00062437 0.0452334
1.92 0.00651067 0.00823136 -0.162107
1.93 0.0185396 -0.0204691 0.369614
1.94 -0.0196657 0.0151982 -0.281623
1.95 0.0228486 -0.0195786 0.389347
1.96 0.0121473 -0.00729724 0.0511707
1.97 -0.0044049 -0.00165046 0.150274
1.98 0.00782319 -0.00532171 -0.0590962
1.99 -0.00548999 0.012041 -0.0372664
2 -0.00216047 -0.0166749 0.10978
2.01 0.0158536 0.013508 -0.0545349
2.02 -0.0174361 -0.0140493 0.0740508
2.03 -0.000282953 0.0249623 -0.290479
2.04 0.00252105 -0.0185053 0.211954
2.05 -0.00923594 0.0163781 -0.229466
2.06 0.00553036 -0.00646303 0.121808
2.07 -0.00723891 0.00339853 -0.146183
2.08 -0.0112396 0.0186566 -0.172385
2.09 -0.000842573 -0.0154797 0.0510908
2.1 0.00674275 0.0187042 -0.0603792
2.11 -0.0149659 -0.0165411 -0.0139639
2.12 0.00113884 0.030378 -0.214677
2.13 -0.00233755 -0.0282404 0.178574
2.14 -0.0038985 0.0325065 -0.283505
2.15 0.0018907 -0.0296311 0.287172
2.16 0.00604705 0.0205145 -0.201543
2.17 -0.0117903 -0.00959133 0.0962091
2.18 0.0128272 -0.00297802 0.037575
2.19 0.0013873 0.00593765 -0.00491106
2.2 0.00674149 -0.030733 0.377985
2.21 -0.00326641 0.0449839 -0.588593
2.22 -0.0257285 -0.031025 0.322286
2.23 0.0248109 0.0324543 -0.352834
2.24 -0.0205873 -0.023474 0.210926
2.25 0.00398625 0.0174093 -0.133964
2.26 -0.00735775 0.00906959 -0.303464
2.27 -0.013436 -0.00926351 0.270734
2.28 0.0208757 0.0103144 -0.255373
2.29 -0.012106 -0.0117495 0.247873
2.3 -0.0174907 0.0237683 -0.440205
2.31 0.0273739 -0.0196918 0.365894
2.32 -0.0278918 0.0157715 -0.321372
2.33 -0.0030144 0.0101317 -0.101788
2.34 0.00351776 -0.00779811 0.0187116
2.35 -0.0159286 0.0202287 -0.212846
2.36 0.018906 -0.0300827 0.382809
2.37 -0.0105068 0.0346231 -0.487096
2.38 -0.0143253 -0.0222688 0.313682
2.39 0.0295104 0.00685654 -0.095658
2.4 -0.00630194 -0.0114228 0.237065
2.41 -0.00654292 -0.00239784 -0.0500519
2.42 0.0202526 0.0154994 -0.123151
2.43 -0.0273547 -0.02743 0.279411
2.44 0.0231838 0.0386341 -0.433847
2.45 -0.0260552 -0.0317757 0.280172
2.46 0.0175151 0.0253175 -0.149273
2.47 -0.000172606 -0.0222219 0.0945126
2.48 -0.0100637 0.0155648 0.00584637
2.49 0.0151422 -0.0127908 -0.0170768
2.5 0.00123294 -0.0010441 0.212796
2.51 -0.00240564 -0.00328367 -0.0764853
2.52 0.0132167 -0.00187996 0.110277
2.53 -0.0243313 0.013523 -0.268309
2.54 0.00594891 -0.00644107 0.103236
2.55 0.0125981 0.00236059 0.0011643
2.56 -0.0193097 -0.00548604 0.0225248
2.57 0.0216726 0.00562268 0.0112548
2.58 -0.0133181 -0.00936218 0.0176946
2.59 0.0122701 0.00332901 0.128362
2.6 -0.00904751 0.000761294 -0.239422
2.61 -0.0024366 0.00630253 0.148089
2.62 -0.00226023 -0.00504762 -0.199573
2.63 0.0139379 0.00227082 0.272644
2.64 -0.00562521 -0.0197463 0.0246868
2.65 0.0145932 0.0213983 -0.0506416
2.66 -0.0121841 -0.03089 0.234657
2.67 0.0192895 0.0262305 -0.18302
2.68 -0.00346814 -0.0365802 0.421448
2.69 0.00601647 0.0257748 -0.302732
2.7 -0.0074672 -0.0120033 0.14777
2.71 -0.00596358 0.00898902 -0.195323
2.72 0.0089646 0.00311871 0.0846556
2.73 0.00209629 -0.026947 0.242386
2.74 0.00970205 0.0291338 -0.199726
2.75 -0.00700832 -0.0425128 0.384237
2.76 0.00617188 0.0514964 -0.523286
2.77 -0.0221699 -0.0406692 0.341619
2.78 0.0275693 0.0312939 -0.21211
2.79 -0.0203536 -0.0243302 0.142928
2.8 0.011836 0.0131451 -0.00981185
2.81 -0.00571585 0.000420364 -0.159917
2.82 0.00355306 -0.0136787 0.326119
2.83 -0.00666107 0.0260988 -0.489128
2.84 0.00340626 -0.0268008 0.461114
2.85 -0.00676094 0.0281881 -0.467794
2.86 -0.00536321 -0.0101478 0.143824
2.87 -0.00440158 0.00772648 -0.110564
2.88 0.010064 -0.00117846 0.0097838
2.89 -0.00175014 -0.015035 0.263399
2.9 0.000353435 0.0211329 -0.363749
2.91 -0.00452431 -0.0172931 0.2992
2.92 -0.00916355 0.0248965 -0.45589
2.93 0.00630003 -0.0141744 0.301154
2.94 -0.00998876 0.00739955 -0.231515
2.95 0.0116192 0.00227259 0.117917
2.96 -0.018428 -0.00613482 -0.112019
2.97 0.00305714 0.0289749 -0.240373
2.98 -0.0163192 -0.0246127 0.119916
2.99 -0.000526332 0.046782 -0.499766
3 -0.0169469 -0.0357602 0.313159
3.01 0.0157231 0.0371594 -0.377049
3.02 -0.0242889 -0.0218676 0.161463
3.03 0.0109924 0.0189233 -0.181297
3.04 -0.00598238 -0.00419204 -0.00152794
3.05 -0.00587421 -0.00354668 0.0543585
3.06 0.0146346 0.0083877 -0.0538257
3.07 -0.00595455 -0.0213894 0.203492
3.08 -0.00938772 0.0363005 -0.403867
3.09 0.0104133 -0.0391384 0.417101
3.1 0.000657793 0.0329527 -0.300809
3.11 -0.012097 -0.0251637 0.181144
3.12 0.0166071 0.018798 -0.102999
3.13 -0.0229863 -0.0037867 -0.124399
3.14 0.0115311 -0.000702484 0.164996
3.15 0.0145735 -0.00947119 0.0585996
3.16 -0.000469747 -0.00945511 0.235848
3.17 -0.00763395 0.0161697 -0.315058
3.18 0.00860157 -0.013071 0.230248
3.19 -0.0220024 0.0214297 -0.36776
3.2 0.0196672 -0.0188265 0.32945
3.21 -0.00201785 0.00455526 -0.0980244
3.22 -0.000348456 -0.00252857 0.0918937
3.23 0.0134219 -0.0143674 0.186867
3.24 -0.00698648 0.0195085 -0.270379
3.25 0.000832045 -0.0281409 0.437976
3.26 0.0195156 0.0202003 -0.326871
3.27 -0.0334314 -0.00601647 0.110765
3.28 0.00891509 0.0126188 -0.267574
3.29 0.00856481 -0.00564198 0.184382
3.3 -0.0190465 -0.00562146 -0.0308305
3.31 0.0193149 0.0185335 -0.150583
3.32 -0.0250325 -0.0161945 0.0615519
3.33 0.00353639 0.0302552 -0.277048
3.34 0.0103399 -0.0357088 0.360616
3.35 -0.0143576 0.0370314 -0.403171
3.36 -0.00630258 -0.0205232 0.156158
3.37 0.0147777 0.0144613 -0.114749
3.38 -0.0233836 -0.00235031 -0.0301631
3.39 0.013165 0.000382521 -0.00430907
3.4 -0.0114618 0.013963 -0.191043
3.41 0.00229909 -0.0222051 0.28976
3.42 0.00891593 0.0243643 -0.294856
3.43 -0.0130746 -0.0241471 0.271424
3.44 0.00755044 0.022894 -0.242437
3.45 0.00412516 -0.0209129 0.214805
3.46 0.00445569 -0.00205918 0.17932
3.47 0.01246 0.000537611 -0.130335
3.48 -0.0161748 -0.00469619 0.180994
3.49 0.013765 0.00483431 -0.156593
3.5 0.00885949 -0.016837 0.348949
3.51 -0.00773996 0.00611063 -0.144089
3.52 0.0189404 -0.00980248 0.211114
3.53 -0.0114657 0.00136743 -0.0722534
3.54 0.00433087 0.00328533 0.00771467
3.55 0.00433203 -0.00955202 0.0877864
3.56 -0.0107733 0.0175674 -0.225428
3.57 -0.00900269 -0.00478716 0.00182377
3.58 0.000204705 0.0181374 -0.256947
3.59 -0.00162001 -0.0211286 0.339104
3.6 0.00568177 0.0198944 -0.36141
3.61 -0.0207863 -0.00323355 0.116096
3.62 0.0109138 0.00174149 -0.143295
3.63 -0.0133695 0.0174893 -0.155133
3.64 -0.00675728 -0.0179805 0.128811
3.65 0.0104839 0.0290891 -0.306118
3.66 -0.00897985 -0.0367903 0.438589
3.67 0.0125715 0.0307407 -0.343333
3.68 -0.0129029 -0.0185218 0.152215
3.69 -0.00306294 0.0152401 -0.131959
3.7 0.0134741 -0.00770451 0.0456267
3.71 -0.0109467 -0.00552442 0.135362
3.72 0.00735266 0.0124489 -0.203152
3.73 0.000367864 -0.0175702 0.246305
3.74 -0.00758761 0.0199032 -0.253407
3.75 0.00303426 -0.0114239 0.0816392
3.76 -0.015549 0.020368 -0.238012
3.77 0.00654527 -0.0128088 0.114037
3.78 0.00135651 0.0076085 -0.0433779
3.79 -0.00193667 -0.007602 0.0703197
3.8 0.0114094 -0.00417264 0.115979
3.81 -0.000268908 0.000998619 -0.0407347
3.82 0.000208441 -0.00954118 0.184223
3.83 0.00873703 0.00829753 -0.160614
3.84 -0.00841871 -0.0111385 0.218472
3.85 0.0133181 0.00305648 -0.0856475
3.86 0.00712375 -0.0138817 0.298582
3.87 0.00186887 -0.00300596 -0.0211659
3.88 0.00317965 0.00634856 -0.01123
3.89 -0.00845714 -0.00715996 0.000625297
3.9 -0.00235276 0.0196659 -0.206803
3.91 0.00305257 -0.0216015 0.23793
3.92 0.00639642 0.0128307 -0.0930888
3.93 -0.00425875 -0.0116208 0.0959175
3.94 -0.00990709 0.0200326 -0.284934
3.95 0.00296238 -0.0104427 0.167188
3.96 0.00741831 -0.00225294 -0.00342138
3.97 -0.00613154 0.00677259 -0.0142112
3.98 0.000766139 -0.00966867 0.00833563
3.99 -0.0136634 0.0310662 -0.347647
4 -0.0102466 -0.0188854 0.102324
4.01 0.0112319 0.0228802 -0.161855
4.02 0.000218104 -0.0320402 0.329148
4.03 0.00433065 0.0223574 -0.176791
4.04 -0.00541257 -0.0123046 0.0320967
4.05 0.000504448 0.00519817 0.0523949
4.06 0.00840037 -0.00253593 -0.0527666
4.07 0.00023958 -0.0130147 0.284702
4.08 0.0097505 0.00738113 -0.141274
4.09 -0.00733439 -0.00776811 0.110665
4.1 -0.00128923 0.00960114 -0.111155
4.11 0.00855936 -0.0098269 0.0917031
4.12 -0.0121934 0.0100595 -0.0843909
4.13 0.0108139 -0.0107852 0.099143
4.14 0.00630284 -3.43417e-05 0.0849344
4.15 -0.0087251 -0.00096844 -0.0566786
4.16 0.00731052 0.00172364 0.0366972
4.17 -0.00824588 0.00320057 -0.123824
4.18 0.000919286 -0.00252648 0.116704
4.19 0.00315624 0.0038681 -0.151194
4.2 -0.00396563 -0.00476464 0.182139
4.21 0.0220317 -0.0167577 0.191971
4.22 0.0107864 -0.00230723 0.156698
4.23 -0.00597335 -0.0132544 0.117727
4.24 0.0176126 0.00927863 -0.0412373
4.25 -0.00730705 -0.0195014 0.222586
4.26 0.00874856 0.0139503 -0.127012
4.27 -0.00560313 -0.00907781 0.0502171
4.28 0.00146961 0.00340991 0.0364154
4.29 0.00503298 -0.00104865 -0.0599372
4.3 -0.00977864 0.00117342 0.0338736
4.31 -0.00359199 0.0112255 -0.230337
4.32 -0.0111352 0.00507368 -0.0896491
4.33 -0.00313738 0.00304807 -0.0252221
4.34 0.00874569 -0.00468453 0.0230048
4.35 -0.0105872 0.00809576 -0.0574488
4.36 0.00225892 -0.00769427 0.0295906
4.37 0.0101335 0.0056795 0.024154
4.38 -0.00852148 -0.014886 0.124851
4.39 0.018857 0.00911059 -0.0061314
4.4 -0.019709 -0.00591932 -0.0678284
4.41 -0.00184167 0.0194084 -0.159177
4.42 -0.0149641 0.00260989 -0.247036
4.43 0.00758027 -0.00254669 0.258
4.44 0.00681357 -0.00648542 -0.108006
4.45 -0.00453314 0.00657323 0.111063
4.46 0.000750136 -0.0113755 -0.0183497
4.47 0.00290833 0.0194089 -0.145909
4.48 -0.0205415 -0.0124245 0.0530008
4.49 0.0252147 0.00856455 -0.0218112
4.5 -0.0062683 -0.0163829 0.204604
4.51 0.00578269 0.00109828 0.0208717
4.52 0.0113103 0.000481124 0.00523573
4.53 -0.0249282 -0.000608345 -0.0646348
4.54 0.0204532 0.00861632 -0.00919536
4.55 -0.0223014 -0.00251005 -0.17651
4.56 -0.00382631 0.0187781 -0.0406063
4.57 0.0042877 -0.0157463 -0.0766853
4.58 -0.00895185 0.0251487 -0.0492439
4.59 -0.00437351 -0.0260569 0.0459211
4.6 0.0221522 0.02509 -0.0296467
4.61 -0.0289384 -0.0288821 0.114415
4.62 0.0276436 0.0305617 -0.175427
4.63 -0.0341415 -0.0140169 -0.0803346
4.64 0.0105809 0.016199 -0.00677717
4.65 0.00523487 -0.010198 -0.0435225
4.66 -0.0234827 0.0142753 -0.103068
4.67 0.0121632 -0.00297457 -0.00928956
4.68 0.00176895 -0.00311729 0.0192411
4.69 -0.01328 0.0074497 -0.000376983
4.7 0.018957 -0.0138901 0.0316982
4.71 -0.0113996 0.0185906 -0.0503957
4.72 -0.0107969 -0.0167051 -0.0315029
4.73 0.0210905 0.0252195 -0.0864662
4.74 -0.0357312 -0.0224929 0.0119753
4.75 0.0348681 0.0227337 0.00325705
4.76 -0.0229424 -0.0232504 -0.00727071
4.77 -0.00232063 0.0337624 -0.182996
4.78 0.000600029 -0.0253351 0.0565285
4.79 0.0175402 0.00803264 0.211412
4.8 -0.0132334 -0.0135807 -0.0613286
4.81 0.0140546 0.0148721 -0.0184018
4.82 -0.0215456 -0.00845593 -0.0352048
4.83 0.034004 -0.0086872 0.285655
4.84 0.00145865 -0.0121094 0.139117
4.85 0.00178467 -0.00285954 0.0767457
4.86 0.0230415 -0.0127398 0.264795
4.87 0.000508573 -0.0102423 0.0777717
4.88 -0.00312548 0.01323 -0.0626194
4.89 -0.00659899 -0.00751163 -0.101943
4.9 0.00954033 0.00989486 0.116815
4.91 -0.00750986 -0.0185367 -0.0138934
4.92 0.0125873 0.0225571 -0.016101
4.93 -0.0190304 -0.0256863 0.0427246
4.94 0.0254223 0.0264139 -0.0389069
4.95 -0.0303955 -0.0232181 -0.0244239
4.96 0.0258297 0.0225291 0.0332987
4.97 -0.0205909 -0.0178308 -0.10454
4.98 0.00722498 0.0197461 0.0448584
4.99 0.0124464 -0.0326579 0.233502
5 0.00643904 0.0178273 -0.0399882
5.01 -0.018508 -0.0112182 0.01161
5.02 0.0168235 0.0127519 -0.137728
5.03 -0.0233251 0.00117143 -0.0113713
5.04 0.00351818 0.00119296 -0.130288
5.05 0.00400965 0.0111598 0.00545468
5.06 -0.0129117 -0.0209785 0.0789012
5.07 0.0194313 0.028169 -0.125989
5.08 -0.0225344 -0.03137 0.114888
5.09 0.0192205 0.0333821 -0.0990324
5.1 -0.0162145 -0.0302781 0.0104585
5.11 0.00375908 0.0351361 -0.0877768
5.12 -0.000357008 -0.0356741 0.115962
5.13 0.0107811 0.0285347 -0.0351244
5.14 -0.0227728 -0.021034 -0.0309135
5.15 0.0314711 0.012073 0.112617
5.16 -0.0276835 -0.0068814 -0.124597
5.17 0.0198809 -0.00137611 0.194185
5.18 -0.0113702 0.0121389 -0.314826
5.19 -0.0109226 -0.00744533 0.163329
5.2 0.0241503 0.000897218 0.0241509
5.21 -0.0128301 -0.00438896 -0.0391609
5.22 0.000650132 0.00159806 0.171446
5.23 0.0147303 -0.00364832 -0.214502
5.24 -0.0265407 0.0132425 0.110344
5.25 0.0122877 -0.0134927 -0.15518
5.26 0.0125795 0.013166 0.194401
5.27 -0.0251472 -0.0234774 -0.0322506
5.28 0.0432421 0.0191745 0.12631
5.29 -0.038504 -0.0210372 -0.107025
5.3 0.015159 0.028126 -0.0129716
5.31 0.0116599 -0.0370345 0.186547
5.32 -0.0195709 0.0375656 -0.244171
5.33 0.00261434 -0.0263368 0.126064
5.34 0.0104445 0.0236292 -0.186482
5.35 -0.0233388 -0.0177242 0.203798
5.36 0.0313532 0.00591922 -0.118106
5.37 -0.010859 -0.00857988 0.288867
5.38 0.0227798 -0.0275379 0.247563
5.39 0.0207518 0.0156903 0.0602978
5.4 -0.0238501 -0.0333151 0.175262
5.41 0.0272147 0.0370091 -0.175424
5.42 -0.0118184 -0.0455196 0.284009
5.43 -0.00180129 0.0462856 -0.284092
5.44 -0.00259366 -0.0301969 0.0138597
5.45 -0.0205233 0.0438232 -0.30941
5.46 0.00156202 -0.0263663 0.0789175
5.47 0.0261402 0.00267042 0.247312
5.48 -0.0189608 -0.00520573 -0.105077
5.49 0.0172743 -0.00404205 0.183597
5.5 0.0032585 -0.00123697 -0.00922198
5.51 -0.00662047 -0.00636288 0.0705244
5.52 0.00608497 0.011908 -0.0999083
5.53 0.00537072 -0.023488 0.24941
5.54 0.00338745 0.0148256 -0.051414
5.55 0.00634614 -0.0227239 0.166935
5.56 -0.00381467 0.0208095 -0.123558
5.57 -0.00707667 -0.0122038 -0.0259786
5.58 0.00868905 0.0106015 0.043392
5.59 -0.0150097 -0.00139441 -0.198055
5.6 0.0126346 -0.00373529 0.28681
5.61 -0.00111201 0.00209378 -0.263241
5.62 -0.00407996 -0.00357871 0.302227
5.63 0.0179741 -0.00995643 -0.0710002
5.64 -0.0187517 0.0215359 -0.136862
5.65 -0.0080308 -0.0142203 0.0206201
5.66 0.0159752 0.0212669 -0.171985
5.67 -0.031991 -0.00958716 -0.00999115
5.68 0.0169913 0.0117662 -0.0555167
5.69 0.0135091 -0.0198339 0.232369
5.7 -0.0335745 0.0220235 -0.324174
5.71 0.0293723 -0.0133331 0.248291
5.72 -0.0115195 0.00199123 -0.145804
5.73 -0.0129483 0.0140746 -0.0373344
5.74 0.0205175 -0.0223739 0.0948748
5.75 -0.0114731 0.0260344 -0.0927553
5.76 -0.00328792 -0.0306486 0.132337
5.77 0.0140087 0.0376088 -0.237153
5.78 -0.02722 -0.0334212 0.161867
5.79 0.0113286 0.043862 -0.369149
5.8 -0.00787805 -0.0333781 0.223776
5.81 -0.00042723 0.0219099 -0.0820415
5.82 0.0100489 -0.0108583 -0.0364067
5.83 -0.0232331 0.00806155 -0.00648531
5.84 0.00837376 0.0128986 -0.269957
5.85 -0.00565395 -0.0176611 0.261028
5.86 0.00140271 0.0218754 -0.257034
5.87 -0.000167939 -0.0233994 0.224005
5.88 -0.0006302 0.0258537 -0.229702
5.89 -0.00612052 -0.022304 0.149279
5.9 0.0160662 0.0139765 0.00102431
5.91 -0.00948512 -0.0168902 0.0608196
5.92 0.0207228 -0.00115036 0.249225
5.93 -0.00413003 -0.0025296 -0.17076
5.94 0.00506777 -0.0103454 0.393832
5.95 0.0080981 0.00699228 -0.330894
5.96 -0.0197538 0.00278736 0.153177
5.97 0.0105907 -0.00319575 -0.138277
5.98 -0.00129514 0.00931669 0.0150837
5.99 -0.0176512 -0.00477448 -0.0822676
6 0.0169764 0.00939655 -0.0111033
6.01 0.00252726 -0.0221991 0.251547
6.02 -0.0170806 0.0274285 -0.36861
6.03 0.0170122 -0.0214828 0.305073
6.04 -0.0179288 0.0202258 -0.345429
6.05 0.00465192 -0.00803199 0.203266
6.06 0.00532577 -0.00344552 -0.0763948
6.07 -0.00753081 0.0136929 -0.0381004
6.08 0.00384434 -0.0244635 0.180361
6.09 0.00670126 0.0312211 -0.273466
6.1 -0.0172632 -0.0341768 0.32113
6.11 0.0324351 0.0222085 -0.116824
6.12 -0.0185473 -0.0230491 0.150965
6.13 -0.007509 0.0268918 -0.250142
6.14 0.0121118 -0.0120277 0.0289692
6.15 -0.0224388 0.00948062 -0.0424858
6.16 0.0154118 -0.000423593 -0.0523037
6.17 -0.00526792 -0.00443478 0.0710531
6.18 -0.0132675 0.0162876 -0.226823
6.19 0.0238717 -0.0275233 0.397392
6.2 -0.00695882 0.0222183 -0.303589
6.21 -0.00413012 -0.0258703 0.399201
6.22 0.0438445 -0.00349751 0.0855694
6.23 -0.0234386 -0.00764205 0.153315
6.24 0.022819 -0.0123294 0.175916
6.25 0.0084947 0.00901781 -0.0967911
6.26 -0.017712 -0.0202144 0.285695
6.27 0.0207345 0.0242041 -0.353059
6.28 -0.0110905 -0.0262526 0.397961
6.29 -0.00184604 0.0223504 -0.353313
6.3 0.00753702 -0.00935924 0.163931
6.31 -0.0146549 0.000852176 -0.0699736
6.32 0.0166626 0.00502395 0.033944
6.33 -0.00162699 -0.0190852 0.146127
6.34 -0.0164133 0.0337181 -0.348676
6.35 0.0213497 -0.0402133 0.43279
6.36 -0.0178346 0.0448075 -0.518821
6.37 -0.00376196 -0.0346927 0.374317
6.38 0.0229791 0.0201157 -0.169541
6.39 -0.0295262 -0.00329022 -0.0736004
6.4 0.00237626 0.00506132 -0.011147
6.41 0.0130946 0.00621077 -0.141635
6.42 -0.0196068 -0.0183394 0.31268
6.43 0.0253666 0.018072 -0.266349
6.44 -0.0142019 -0.0191147 0.250095
6.45 -0.0144333 0.0283092 -0.394188
6.46 0.0165647 -0.0145266 0.147145
6.47 -0.023474 0.0118987 -0.120943
6.48 0.0267821 -0.0154957 0.225648
6.49 0.00176575 -0.00320218 0.0576043
6.5 -0.0194611 0.0141511 -0.207426
6.51 0.00899616 -0.00726278 0.0546022
6.52 -0.0256415 0.0341565 -0.533432
6.53 0.0047211 -0.0338127 0.557095
6.54 0.0403627 0.00726761 -0.133781
6.55 -0.0277573 -0.0172391 0.371369
6.56 0.0204252 0.00503915 -0.211325
6.57 -0.00505412 0.0109915 -0.0195506
6.58 -0.019033 -0.020545 0.139959
6.59 0.0243956 0.0386911 -0.424169
6.6 -0.0272596 -0.0450093 0.512265
6.61 0.0172 0.0489444 -0.581041
6.62 -0.00254782 -0.0478184 0.5892
6.63 0.00171482 0.0310329 -0.347821
6.64 -0.0101752 -0.00545153 -0.0308619
6.65 0.000719472 -0.00249801 0.0864814
6.66 -0.0100632 0.0246646 -0.402629
6.67 0.0144374 -0.0397233 0.610581
6.68 -0.00245455 0.036756 -0.522745
6.69 0.000767567 -0.037502 0.528134
6.7 0.0022072 0.0299701 -0.40712
6.71 -0.00779696 -0.0128456 0.127612
6.72 -0.0068524 0.00972536 -0.104984
6.73 0.00180862 0.0110962 -0.23685
6.74 -0.00945477 -0.0158202 0.298955
6.75 0.0142678 0.0144935 -0.264538
6.76 0.00159557 -0.0222742 0.407464
6.77 -0.0111401 0.0182329 -0.356953
6.78 0.0273672 -0.0201277 0.436377
6.79 -0.0418043 0.0266401 -0.627967
6.8 0.0186213 -0.00624684 0.363443
6.81 0.0124102 -0.0223345 0.0437144
6.82 -0.0142929 0.0348564 -0.186072
6.83 0.0170955 -0.0615029 0.626232
6.84 0.0215005 0.0565705 -0.551398
6.85 -0.0444981 -0.0574701 0.625567
6.86 0.048318 0.0552628 -0.678033
6.87 -0.04197 -0.0383931 0.494077
6.88 0.0291224 0.00746263 -0.0728332
6.89 0.0115833 0.00617881 -0.0326092
6.9 -0.0310033 -0.0312204 0.341991
6.91 0.0399639 0.0458704 -0.471252
6.92 -0.028471 -0.0565935 0.5479
6.93 -0.00398736 0.0716757 -0.737981
6.94 0.0133555 -0.0635546 0.563004
6.95 -0.00588813 0.0455952 -0.263837
6.96 0.00613209 -0.04215 0.269011
6.97 0.0150328 0.0246188 -0.0536821
6.98 -0.0407421 -0.00118496 -0.255399
6.99 0.0469815 -0.0139578 0.426783
7 -0.0419785 0.0301139 -0.643706
7.01 0.014454 -0.0306455 0.611769
7.02 0.0209257 0.0156071 -0.320182
7.03 -0.0139121 -0.0204961 0.39209
7.04 0.00244923 0.0113939 -0.214914
7.05 0.0225671 -0.00635767 0.115128
7.06 -0.0348139 -0.00617459 0.11319
7.07 0.0329959 0.0184368 -0.33411
7.08 -0.0260103 -0.0195709 0.359692
7.09 -0.0018068 0.0279197 -0.528682
7.1 0.0239678 -0.0286304 0.58685
7.11 -0.0260275 0.0162223 -0.441477
7.12 0.0182992 -0.00117613 0.273185
7.13 -0.00366274 -0.018324 -0.0323898
7.14 -0.000435687 0.0318555 -0.112831
7.15 -0.00620363 -0.0411462 0.207229
7.16 0.00944599 0.0572168 -0.458253
7.17 -0.0214969 -0.0647717 0.598959
7.18 0.0350518 0.0642774 -0.639409
7.19 -0.0512851 -0.047351 0.420948
7.2 0.0459726 0.0320924 -0.255146
7.21 -0.0320387 -0.00970363 -0.0277763
7.22 0.0130985 -0.0142824 0.338598
7.23 0.023575 0.0149906 -0.233553
7.24 -0.0199407 -0.0343478 0.465209
7.25 0.00862219 0.0415335 -0.488527
7.26 0.0133145 -0.047329 0.510686
7.27 -0.0292817 0.0481224 -0.479112
7.28 0.0203709 -0.034609 0.230251
7.29 0.00645152 0.0119912 0.155343
7.3 -0.0148225 -0.0076159 -0.205148
7.31 0.0243129 -0.000544302 0.326632
7.32 -0.0401988 0.0205434 -0.676386
7.33 0.0120406 -0.00485466 0.405756
7.34 -0.00212156 0.0024029 -0.382848
7.35 -0.000738995 0.00375389 0.291859
7.36 -0.00913506 -0.00881455 -0.21329
7.37 0.0132318 0.0258997 -0.0940777
7.38 -0.0352052 -0.0262156 0.11694
7.39 0.0345597 0.0389955 -0.381673
7.4 -0.0384134 -0.0347938 0.361466
7.41 0.0203396 0.0382383 -0.501467
7.42 -0.00831613 -0.0287308 0.435092
7.43 -0.00592188 0.0204094 -0.416756
7.44 0.000616201 0.00278123 0.150768
7.45 -0.00717553 -0.0112125 -0.156722
7.46 -0.0139278 0.0434494 -0.275495
7.47 0.0083101 -0.0535932 0.342387
7.48 -0.00110796 0.0647858 -0.472583
7.49 -0.0122389 -0.0688585 0.523755
7.5 0.0279068 0.0634689 -0.451495
7.51 -0.0424951 -0.0455251 0.189293
7.52 0.0317322 0.0354842 -0.0920377
7.53 -0.00774499 -0.0290087 0.0780687
7.54 -0.00319508 0.0129056 0.0894031
7.55 -0.00218108 0.00921495 -0.353489
7.56 0.00457113 -0.0187653 0.393894
7.57 -0.00825934 0.021222 -0.318399
7.58 0.0301203 -0.0369995 0.503478
7.59 -0.0238009 0.029563 -0.30198
7.6 0.0152137 -0.0237305 0.157521
7.61 -0.0149473 0.0278451 -0.214551
7.62 -0.00252887 -0.016348 0.00853438
7.63 0.0209037 -0.000961673 0.298508
7.64 -0.019719 0.00919421 -0.45489
7.65 0.00343058 -0.00929136 0.482607
7.66 0.00191957 0.0177115 -0.67543
7.67 -0.022993 -0.00196487 0.443236
7.68 0.0270156 -0.0148441 -0.186011
7.69 -0.0105204 0.0295218 -0.0528394
7.7 -0.0287038 -0.0291023 0.0416059
7.71 0.0391576 0.0458241 -0.354847
7.72 -0.0495449 -0.0434025 0.340413
7.73 0.0307802 0.046813 -0.44956
7.74 -0.0102851 -0.0378539 0.361036
7.75 -0.016879 0.033132 -0.379642
7.76 0.0130073 -0.00778086 0.0578505
7.77 -0.0242587 0.00842479 -0.225935
7.78 0.00109069 0.0115211 0.0376857
7.79 0.0225741 -0.0295063 0.121001
7.8 -0.0402085 0.0507762 -0.369284
7.81 0.030651 -0.0613171 0.474147
7.82 0.00882958 0.0520754 -0.273391
7.83 -0.0282316 -0.0548694 0.325556
7.84 0.0390575 0.0483591 -0.236257
7.85 -0.026958 -0.043248 0.191954
7.86 0.0110828 0.027765 0.0213706
7.87 0.0115471 -0.0155059 -0.161192
7.88 -0.023923 0.00230997 0.303988
7.89 0.0262245 0.00432853 -0.318259
7.9 -0.0131422 -0.00901061 0.292175
7.91 -0.00957308 0.0135928 -0.268318
7.92 0.0248764 -0.0131772 0.169019
7.93 -0.028764 0.0124218 -0.0839029
7.94 0.0255504 -0.0183232 0.140697
7.95 0.00418984 0.00865971 0.0647603
7.96 -0.0105273 -0.0202928 0.120684
7.97 0.0440784 -0.00283079 0.32126
7.98 -0.0358848 0.0044935 -0.395566
7.99 0.0138453 -0.00716373 0.509373
8 0.0256954 -0.00602441 -0.34739
8.01 -0.0490286 0.0204602 0.150307
8.02 0.041495 -0.0311251 0.00986329
8.03 -0.0136414 0.0423772 -0.217456
8.04 -0.0359552 -0.0353537 0.125223
8.05 0.0502511 0.0424076 -0.299801
8.06 -0.0394789 -0.0450064 0.404152
8.07 0.0173639 0.0345601 -0.287914
8.08 0.0199523 -0.0277994 0.257538
8.09 -0.0442318 0.015709 -0.157874
8.1 0.0408407 0.00403684 -0.0542443
8.11 -0.0152982 -0.0272865 0.320342
8.12 0.00135696 0.0317434 -0.260653
8.13 0.012498 -0.0369049 0.23926
8.14 -0.023895 0.0477811 -0.356874
8.15 0.0123961 -0.0482064 0.33006
8.16 0.0123744 0.041295 -0.209837
8.17 -0.0442469 -0.0204281 -0.141061
8.18 0.0383129 0.0171777 0.174595
8.19 -0.00740527 -0.0225489 -0.0542732
8.2 -0.00953396 0.0121522 0.210047
8.21 0.0285269 -0.0116414 -0.175747
8.22 -0.016457 -0.00419461 0.405526
8.23 0.00342011 0.0108595 -0.469575
8.24 -0.00489169 0.000261905 0.219721
8.25 0.0119418 -0.0185814 0.160757
8.26 0.00734995 0.0114945 -0.0926426
8.27 -0.0104284 -0.0117833 0.16134
8.28 0.00415386 0.0101396 -0.19699
8.29 0.0184753 -0.0167923 0.388505
8.3 -0.0206717 0.00452412 -0.252859
8.31 0.0315787 -0.00486126 0.357111
8.32 -0.0168312 -0.0124786 -0.152738
8.33 0.0016856 0.0283452 -0.0301651
8.34 -0.00606565 -0.0284509 -0.0522206
8.35 -0.00130009 0.0422036 -0.135072
8.36 -0.00527187 -0.0451638 0.158958
8.37 -0.000856508 0.0599751 -0.432031
8.38 -0.013949 -0.0525819 0.345067
8.39 0.0201408 0.0447207 -0.281893
8.4 -0.0103811 -0.0404628 0.307932
8.41 -0.00133595 0.0298975 -0.241853
8.42 0.000845033 -0.00416447 -0.0833853
8.43 -0.00885246 -0.0145922 0.284344
8.44 0.0206611 0.0262313 -0.369616
8.45 -0.0279383 -0.033264 0.389331
8.46 0.0408694 0.0220534 -0.0964748
8.47 -0.00876477 -0.04085 0.358961
8.48 0.00498031 0.0308215 -0.12894
8.49 0.00120649 -0.0268676 0.0353426
8.5 -0.00627087 0.0294369 -0.084815
8.51 -0.00953913 -0.0202564 -0.0543258
8.52 0.0206235 0.0174794 0.0657184
8.53 -0.0342613 -0.00744283 -0.206664
8.54 0.0396445 -0.00560564 0.413907
8.55 -0.0193724 0.00556243 -0.405506
8.56 -0.00689843 -0.00224445 0.352389
8.57 0.0300725 -0.00752259 -0.183813
8.58 -0.0363446 0.019098 -0.0318444
8.59 0.020772 -0.0271818 0.20859
8.6 0.014203 0.022648 -0.179176
8.61 -0.031928 -0.0231863 0.249719
8.62 0.0188502 0.0324199 -0.481322
8.63 -0.00861985 -0.020931 0.349358
8.64 -0.0113087 0.00727973 -0.187719
8.65 0.0377822 0.000376582 0.143332
8.66 -0.0427379 -0.0170186 0.0529608
8.67 0.033366 0.0322211 -0.222129
8.68 -0.0134835 -0.0464687 0.388304
8.69 0.00194045 0.049918 -0.389787
8.7 -0.0116761 -0.0347129 0.0887964
8.71 -0.00930205 0.0505314 -0.377039
8.72 -0.0175386 -0.0254493 -0.0395004
8.73 0.0116159 0.0294098 -0.085434
8.74 -0.0236785 -0.0122928 -0.158102
8.75 0.0107266 0.0125357 0.0867593
8.76 -0.00612224 -0.00178383 -0.213174
8.77 -0.00342544 -0.00413598 0.255479
8.78 0.0139508 0.00489569 -0.208429
8.79 -0.010426 -0.0118976 0.277057
8.8 0.0177893 0.00222911 -0.0495155
8.81 -0.00511331 -0.00632221 0.071124
8.82 0.00237894 0.00124291 0.0687665
8.83 0.00323153 -0.00318129 -0.0779262
8.84 0.0021443 0.0015131 0.147139
8.85 -0.0215046 0.00916605 -0.379532
8.86 0.0232034 -0.0049023 0.353491
8.87 -0.0225364 0.0019716 -0.363141
8.88 0.0149427 0.00478019 0.31183
8.89 9.88323e-05 -0.0195141 -0.11504
8.9 -0.00850078 0.0340177 -0.0944454
8.91 0.00761004 -0.047711 0.319828
8.92 0.00797183 0.0519305 -0.411985
8.93 -0.0250255 -0.0502413 0.431948
8.94 0.0312841 0.045407 -0.421432
8.95 -0.0249233 -0.0357753 0.34341
8.96 0.00325214 0.0278766 -0.31159
8.97 0.0103342 -0.00908922 0.0968443
8.98 -0.0272232 -0.000937334 -0.0479117
8.99 0.023795 0.0179064 -0.12384
9 -0.00642956 -0.0370998 0.34759
9.01 -0.0118397 0.0537029 -0.556831
9.02 0.0178553 -0.0628577 0.681464
9.03 0.00389603 0.0508323 -0.477608
9.04 -0.0277532 -0.033573 0.216241
9.05 0.0217243 0.0337218 -0.287337
9.06 -0.0162127 -0.0238518 0.1912
9.07 0.0240167 -0.00537347 0.250911
9.08 -0.0087897 0.0175613 -0.401287
9.09 0.00023359 -0.0335874 0.644926
9.1 0.0124374 0.0363603 -0.67906
9.11 -0.0206259 -0.0280048 0.539097
9.12 0.0158459 0.0145448 -0.324897
9.13 0.0025601 -0.00167166 0.131377
9.14 -0.0194247 -0.0141873 0.110496
9.15 0.0313183 0.0254467 -0.269339
9.16 -0.0196499 -0.0436639 0.562172
9.17 0.0257412 0.0305041 -0.308546
9.18 0.00304929 -0.0381407 0.450081
9.19 -0.0274424 0.0409369 -0.537691
9.2 0.0181949 -0.0204576 0.24574
9.21 -0.0123542 0.0108211 -0.177508
9.22 -0.00577491 0.00704698 -0.0249798
9.23 0.0204368 -0.0256164 0.245635
9.24 -0.0183894 0.0374377 -0.368345
9.25 0.00542923 -0.0461642 0.467935
9.26 0.0247176 0.0375183 -0.285008
9.27 -0.0190713 -0.051421 0.531012
9.28 0.0292715 0.0371632 -0.293336
9.29 -0.0153175 -0.0324253 0.244857
9.3 -0.00586954 0.0286681 -0.232216
9.31 0.00049232 -0.00286826 -0.160532
9.32 -0.00179008 -0.0111419 0.33802
9.33 0.000315779 0.0207632 -0.444987
9.34 0.00908837 -0.0312902 0.585903
9.35 -0.00503554 0.0247411 -0.443257
9.36 0.0222865 -0.035631 0.640095
9.37 0.000921808 0.00857973 -0.178613
9.38 -0.000852764 0.000420701 0.0497233
9.39 -0.0137107 0.00167631 -0.119924
9.4 -0.00481131 0.0261388 -0.354087
9.41 -0.000644614 -0.0316393 0.448207
9.42 -0.00353259 0.0446676 -0.709032
9.43 -0.0190738 -0.0274326 0.457306
9.44 0.00674771 0.0321075 -0.623176
9.45 -0.00735222 -0.0149208 0.415383
9.46 0.00567844 -0.00826515 -0.108255
9.47 0.00503597 0.0279775 -0.143241
9.48 -0.0092981 -0.0531931 0.514907
9.49 0.0293858 0.0568225 -0.53009
9.5 -0.0433659 -0.0509719 0.404679
9.51 0.0230093 0.0591944 -0.560184
9.52 -0.0139596 -0.0455885 0.355767
9.53 -0.00315054 0.0365502 -0.266078
9.54 -0.00318991 -0.00958673 -0.120349
9.55 -0.00551617 0.00318613 0.124002
9.56 0.000227853 0.00783231 -0.205916
9.57 0.0106128 -0.0177895 0.273531
9.58 -0.0332243 0.0392113 -0.567919
9.59 0.015042 -0.0287023 0.32081
9.6 -0.0147884 0.038833 -0.476027
9.61 -0.0114687 -0.0245016 0.217123
9.62 0.0269818 0.0120947 -0.00342647
9.63 -0.0191118 -0.00967555 -0.0329552
9.64 0.0170095 -0.00639456 0.3226
9.65 0.00242011 0.00791166 -0.361947
9.66 -0.00556906 -0.0174662 0.556655
9.67 0.0142675 0.00904077 -0.43716
9.68 -0.00587549 -0.00152707 0.337493
9.69 -0.00812655 -0.0116677 -0.134
9.7 0.0238113 0.0257607 -0.0919103
9.71 -0.0472342 -0.024512 0.049281
9.72 0.045753 0.0291971 -0.118053
9.73 -0.0118703 -0.0483765 0.461427
9.74 -0.00566505 0.0476603 -0.480388
9.75 0.0153344 -0.0437826 0.486383
9.76 -0.00140318 0.0243427 -0.25314
9.77 -0.014544 -0.00415818 0.0300474
9.78 0.0191962 -0.011003 0.0994154
9.79 -0.00835835 0.0190131 -0.109959
9.8 -0.00856823 -0.0242838 0.0846698
9.81 -0.000872024 0.0524891 -0.491769
9.82 -0.00992749 -0.0593958 0.549972
9.83 0.0359305 0.044442 -0.249416
9.84 -0.0328901 -0.0421991 0.200802
9.85 0.0228852 0.0334696 -0.0546703
9.86 -0.00922384 -0.0220212 -0.122369
9.87 -0.0070343 0.0157311 0.189174
9.88 0.0107709 -0.00818516 -0.260939
9.89 0.00403907 -0.00500341 0.422334
9.9 -0.0106149 0.0038779 -0.324438
9.91 0.0204326 -0.00490349 0.269017
9.92 -0.0212263 0.0018645 -0.147039
9.93 0.0173602 -0.00120568 0.0739835
9.94 0.000267326 -0.0071666 0.136616
9.95 -0.00314258 0.00089456 -0.0892102
9.96 0.0241976 -0.0143462 0.407172
9.97 -0.00980131 0.000310241 -0.245687
9.98 0.0103785 -0.00235185 0.38223
9.99 0.00804734 -0.0158447 -0.154301
10 -0.00402982 0.020811 0.150649
