0.01 0.000666258 0.00309976 0.0145784
0.02 0.00154724 0.00535557 0.0244278
0.03 0.000944051 0.00405541 0.0190936
0.04 0.000477871 0.00188329 0.00843836
0.05 -0.000133616 -0.00108758 -0.00487309
0.06 -0.00109961 -0.0034482 -0.0160822
0.07 0.000563344 0.00242411 0.0118574
0.08 0.00207933 0.00714319 0.0320273
0.09 -0.000231511 -0.00115024 -0.00470389
0.1 -0.000631603 -2.06818e-05 0.000176684
0.11 0.000362958 -0.00296439 -0.0149821
0.12 -0.00235692 -0.00441594 -0.018519
0.13 0.000259974 -0.00217123 -0.0121181
0.14 -0.00137325 -0.00579685 -0.0252774
0.15 -0.00140865 -0.000501164 -0.00289864
0.16 0.000764289 -0.0065665 -0.0311925
0.17 -0.00328274 -0.000385011 0.000400768
0.18 0.0021379 -0.00424729 -0.0229901
0.19 -0.00203444 0.00196782 0.0133043
0.2 0.00185829 0.00284105 0.00856542
0.21 0.00109308 0.00137957 0.0109153
0.22 -0.00391966 -0.00694669 -0.0372871
0.23 0.00173949 -0.00349133 -0.00938081
0.24 -0.00222513 0.00099416 -0.00429579
0.25 -0.000911312 -0.0129348 -0.0496118
0.26 -0.00077056 0.00819213 0.0278798
0.27 0.00344542 0.000211315 0.00990227
0.28 -0.0024964 0.00284577 0.0051335
0.29 0.00127413 -0.00433334 -0.0126827
0.3 0.00162999 0.0126366 0.0526719
0.31 -0.000309293 -0.00647652 -0.0272613
0.32 -0.00153244 -0.00160995 -0.00638609
0.33 0.000344199 0.000212216 -0.00342849
0.34 0.00156913 0.00230837 0.0180883
0.35 -0.00200427 0.0010139 -0.00574793
0.36 0.00152201 -0.00816442 -0.0247196
0.37 -0.00548709 -0.00325532 -0.0306143
0.38 0.00523841 0.00258968 0.0309664
0.39 -0.00189049 0.006109 0.00503256
0.4 -0.000194437 -0.00976724 -0.0183798
0.41 0.00257922 0.0188333 0.0591774
0.42 0.00174569 -0.00581782 -0.000264487
0.43 -0.00177968 0.0103301 0.0239379
0.44 0.00284158 -0.00872319 -0.0199568
0.45 -0.00478808 -0.0014266 -0.0239156
0.46 -0.000197759 -0.00992436 -0.0310864
0.47 0.00122209 0.00279269 0.000511864
0.48 -0.00395116 -0.00190895 0.000762485
0.49 0.00632423 0.00150383 0.00076134
0.5 -0.00772174 -0.0018982 -0.00711034
0.51 0.00654581 -0.00225928 -0.00645366
0.52 -0.00348584 0.0106379 0.039466
0.53 0.00443703 -0.00207663 0.00537326
0.54 -0.00314937 0.000585105 -0.0173534
0.55 -1.01009e-05 -0.00553252 -0.000629194
0.56 0.00229014 0.00925983 0.0141585
0.57 -0.00164431 -0.00516511 0.00685155
0.58 0.00215263 0.00855891 0.0083233
0.59 -0.000808936 -0.00612194 0.00232964
0.6 0.000247056 0.00607751 -0.00124252
0.61 0.0016766 0.00318561 0.0433008
0.62 0.00217673 0.00546727 -0.0032672
0.63 -0.00471558 -0.00746978 -0.00612938
0.64 0.00537637 0.00390968 -0.00916557
0.65 -0.00662666 -0.00612576 -0.00362777
0.66 0.00568721 0.00407947 -0.00183485
0.67 -0.00540124 -0.00930494 -0.0280855
0.68 0.000549892 -0.00071407 -0.0114301
0.69 0.000851856 -0.00177743 -0.00701009
0.7 -0.0031753 -0.00327967 -0.0104027
0.71 0.00280997 0.00283988 0.00370331
0.72 -0.000839259 0.000377511 0.0148661
0.73 0.000807212 0.00501064 0.00686833
0.74 -0.000671421 -0.0100521 -0.0276808
0.75 -0.00056445 0.0100519 0.0261084
0.76 0.00216604 -0.00546438 -0.00369102
0.77 -0.00188872 0.00246388 -0.0119404
0.78 0.000248749 0.00178978 0.0345934
0.79 0.0040749 0.000309589 -0.0288007
0.8 -0.00750819 0.000311117 0.0355514
0.81 0.0108879 0.00547079 -0.0111222
0.82 -0.010453 -0.00733826 0.00193761
0.83 0.0054965 0.00206959 -0.0229321
0.84 -0.000315456 -0.00135507 0.021338
0.85 -0.00354065 0.00574856 0.00425241
0.86 0.00782225 -0.00383064 -0.000192568
0.87 -0.00946196 0.00397819 0.00452815
0.88 0.00950838 -0.000290752 0.0106192
0.89 -0.0046273 0.00830992 0.0273358
0.9 0.000721663 -0.0111525 -0.04203
0.91 -0.000751673 0.00151541 0.000559331
0.92 -0.00147229 -0.00510429 -0.0218839
0.93 0.000170201 -0.000573567 0.00160871
0.94 0.000949277 0.00274145 0.00181422
0.95 -0.00138526 -0.0018758 0.0086348
0.96 0.00308568 0.00821633 0.0152716
0.97 4.64886e-05 0.00135067 0.0333361
0.98 0.00128601 0.00956493 0.0140668
0.99 0.00159609 -0.00704737 -0.000768818
1 -0.00468634 0.00483501 -0.00995889
1.01 0.00751707 -0.00065219 0.0298771
1.02 -0.00624368 0.00771289 0.00178244
1.03 0.0063196 -0.00523423 0.0108683
1.04 -0.00356192 0.0116394 0.0182019
1.05 0.00535787 0.00155008 0.0429776
1.06 -0.000587754 0.0101809 0.0117422
1.07 0.00215169 0.00270266 0.0469611
1.08 0.00234704 0.00991557 0.0133154
1.09 -0.00175875 -0.00606679 0.001155
1.1 0.00144221 0.00671583 0.00681368
1.11 0.000642864 -0.000954724 0.0142142
1.12 -0.000224526 0.00264851 -0.000929324
1.13 -0.00101021 -0.00432762 -0.0118926
1.14 0.000976382 -0.00238316 -0.0147055
1.15 -0.00575385 -0.00805741 -0.0379407
1.16 0.00782652 0.0106011 0.0553171
1.17 -0.0055006 -9.8509e-05 -0.0139147
1.18 0.00688097 0.00737739 0.0560025
1.19 -0.00541843 -0.00669031 -0.0624747
1.2 0.000880448 -0.00557622 0.0157144
1.21 -6.18693e-05 0.00739085 -0.0159452
1.22 0.00196844 -0.00334449 0.0414913
1.23 -0.000320021 0.0172092 0.0178791
1.24 0.00424539 -0.0115593 0.0109883
1.25 -0.00555424 0.0145357 0.00151176
1.26 0.0081724 -0.00534922 0.0423825
1.27 -0.00202039 0.0226234 0.0361667
1.28 -0.0011326 -0.0246256 -0.0456924
1.29 0.00362792 0.0248411 0.0501186
1.3 -0.00482276 -0.0221788 -0.044627
1.31 0.0049657 0.0171553 0.0311332
1.32 -0.00635635 -0.0180356 -0.0473838
1.33 0.00633734 0.0140554 0.0432031
1.34 -0.00683618 -0.0123774 -0.0513806
1.35 0.004605 -0.00176222 0.00235246
1.36 -0.00891456 -0.00795612 -0.0637732
1.37 0.00784679 -0.00301232 0.0296189
1.38 -0.00682974 0.0133444 0.00215319
1.39 0.00636658 -0.0227267 -0.0317135
1.4 -0.00742642 0.0270874 0.0411426
1.41 0.0110918 -0.0177659 0.0104763
1.42 -0.0081217 0.0265113 0.0227832
1.43 0.00499439 -0.0277239 -0.0226151
1.44 0.000590362 0.0336917 0.0471097
1.45 -0.00393971 -0.0295746 -0.0284842
1.46 0.00758443 0.0277795 0.024512
1.47 -0.0105931 -0.0265669 -0.027235
1.48 0.0128068 0.0273203 0.0433595
1.49 -0.0119474 -0.0214361 -0.0328771
1.5 0.0106007 0.0170316 0.0324292
1.51 -0.00821778 -0.00850982 -0.0146083
1.52 0.00728382 0.00247482 0.00846582
1.53 -0.00871511 -0.00219984 -0.0284961
1.54 0.0105557 0.00331982 0.0550678
1.55 -0.00651407 0.0175651 0.0206385
1.56 0.00866771 -0.0130277 0.0199825
1.57 -0.00608243 0.0246383 0.0159992
1.58 0.00318848 -0.0353725 -0.0507815
1.59 -0.00467447 0.0261673 -0.00349447
1.6 0.0018649 -0.0280913 0.00382786
1.61 0.00399658 0.0371268 0.0315266
1.62 -0.0091801 -0.0440135 -0.0616432
1.63 0.00849726 0.0310117 0.00503691
1.64 -0.0135387 -0.0447496 -0.0777767
1.65 0.0122561 0.0398025 0.0701665
1.66 -0.00862049 -0.0297291 -0.0442347
1.67 0.00646424 0.0244083 0.0436857
1.68 -0.00551482 -0.0194567 -0.04674
1.69 0.00540895 0.0125951 0.0419663
1.7 -0.00518936 -0.000209714 -0.0116449
1.71 0.00748261 -0.00564531 0.0108232
1.72 -0.0084001 0.016859 0.0159445
1.73 0.00958936 -0.0232245 -0.0216575
1.74 -0.00711802 0.0382933 0.069915
1.75 0.00692826 -0.0378234 -0.0492884
1.76 -0.00481 0.0365956 0.0281409
1.77 -0.00236963 -0.0482507 -0.070245
1.78 0.00620258 0.0443729 0.0454521
1.79 -0.011247 -0.0471973 -0.0577955
1.8 0.0126765 0.0404812 0.0323957
1.81 -0.0133124 -0.035873 -0.0227818
1.82 0.0124834 0.0296775 0.0109028
1.83 -0.0105253 -0.0211852 0.00778571
1.84 0.0117893 0.0272097 0.0440896
1.85 -0.0066755 -0.00962796 0.0106352
1.86 0.00544664 0.00651887 0.00292222
1.87 -0.00374619 9.19339e-05 -0.000454876
1.88 0.00211907 -0.00739452 -0.0056111
1.89 -0.00105935 0.0124719 0.00233786
1.9 -0.00139208 -0.0223081 -0.0227655
1.91 0.00363636 0.0310873 0.0410953
1.92 -0.00430604 -0.0335428 -0.0338172
1.93 0.0060798 0.0397011 0.0478548
1.94 -0.0070369 -0.0419729 -0.0485568
1.95 0.00697774 0.0390903 0.030124
1.96 -0.0084395 -0.0407284 -0.0372421
1.97 0.0081372 0.034334 0.0116229
1.98 -0.00912309 -0.032695 -0.0122596
1.99 0.00909539 0.0283876 0.0046933
2 -0.00859491 -0.0255377 -0.00806833
2.01 0.00685228 0.0227445 0.0158818
2.02 -0.00142728 -0.00944942 0.0216875
2.03 -0.00151714 0.00708797 -0.00687836
2.04 0.00433208 -0.00515808 -0.0108796
2.05 -0.00923344 -0.0065461 -0.0165842
2.06 0.0119127 0.0140346 0.0261159
2.07 -0.0123086 -0.0184192 -0.0240638
2.08 0.0115124 0.0227729 0.0250251
2.09 -0.00870274 -0.0205492 0.00172462
2.1 0.00932859 0.0306153 0.0310387
2.11 -0.00792229 -0.0311627 -0.0228405
2.12 0.00760736 0.0349928 0.0335618
2.13 -0.0056525 -0.0317474 -0.0154693
2.14 0.00524918 0.0348976 0.0312184
2.15 -0.00253925 -0.0303968 -0.0159693
2.16 0.00076198 0.0318306 0.0327424
2.17 0.0018511 -0.0333725 -0.0548726
2.18 -0.00784545 0.024149 0.0316481
2.19 0.0144967 -0.00966147 0.013583
2.2 -0.0165225 0.00537774 -0.0115558
2.21 0.0163036 -0.000950533 0.0111912
2.22 -0.0149481 -0.00589563 -0.0232213
2.23 0.011162 0.00608472 0.00530813
2.24 -0.0104443 -0.0175303 -0.0402839
2.25 0.00918545 0.0249967 0.058378
2.26 -0.00709155 -0.027089 -0.0539552
2.27 0.00544692 0.0281397 0.047337
2.28 -0.00503908 -0.0317401 -0.0555682
2.29 0.00300542 0.0278783 0.0326919
2.3 -0.00416733 -0.038221 -0.0799517
2.31 -0.00143022 0.0252759 0.0241408
2.32 0.00419012 -0.0252832 -0.0323444
2.33 -0.00926283 0.015272 -0.00307133
2.34 0.0109371 -0.015843 -0.0123872
2.35 -0.0130958 0.01143 0.0062111
2.36 0.0155058 -0.00247286 0.0202222
2.37 -0.0164656 -0.00569311 -0.0434419
2.38 0.0131795 0.000633483 0.0060823
2.39 -0.0140813 -0.012984 -0.049889
2.4 0.0129837 0.0182429 0.0621819
2.41 -0.0103303 -0.0176727 -0.0493653
2.42 0.00818344 0.0173904 0.0394816
2.43 -0.00815121 -0.0234902 -0.0609576
2.44 0.00615339 0.0213282 0.0466025
2.45 -0.00394035 -0.0183718 -0.0311011
2.46 0.00265391 0.0197051 0.0380059
2.47 -0.00134747 -0.023713 -0.0605082
2.48 -0.00431823 0.0136053 0.0208622
2.49 0.009438 -0.00496449 0.0103178
2.5 -0.0115658 0.00397294 -0.00589569
2.51 0.0124757 -0.0035709 -0.00116415
2.52 -0.0131416 0.00152937 0.000793125
2.53 0.0130025 -0.00196174 -0.0123619
2.54 -0.0164193 -0.0127354 -0.0463336
2.55 0.0148241 0.01053 0.0280811
2.56 -0.0153356 -0.0200271 -0.0661319
2.57 0.0116265 0.0154923 0.0414852
2.58 -0.00938223 -0.0169842 -0.0466295
2.59 0.00612587 0.0121173 0.023472
2.6 -0.00585496 -0.0157781 -0.0407235
2.61 0.00430462 0.0122721 0.0259405
2.62 -0.00451262 -0.0158993 -0.0459405
2.63 0.000696024 0.00520476 0.0014047
2.64 2.80965e-05 -0.00842241 -0.0227879
2.65 -0.00329938 0.00381123 0.00928421
2.66 0.00834391 0.00749229 0.0348179
2.67 -0.00892005 -0.00320836 -0.00740123
2.68 0.0104594 0.00423361 0.0051875
2.69 -0.0119477 -0.00586217 -0.00620642
2.7 0.0114142 -0.000575402 -0.0300344
2.71 -0.012065 0.00418733 0.0539526
2.72 0.0158159 0.00386874 -0.0243981
2.73 -0.0166868 -0.00430019 0.0294064
2.74 0.0182698 0.0159191 0.0198632
2.75 -0.01222 -0.00721327 0.0218368
2.76 0.00859235 0.0150604 0.0158717
2.77 -0.00280984 -0.0182617 -0.0345644
2.78 -0.00236246 0.0246889 0.0707903
2.79 0.00905353 -0.021683 -0.0654426
2.8 -0.0148584 0.0125659 0.0323043
2.81 0.0152717 -0.0104994 -0.0307001
2.82 -0.00995538 0.0194307 0.0794703
2.83 0.00841577 -0.0081777 -0.0355745
2.84 -0.00478506 0.00433533 0.0271813
2.85 -0.000406938 -0.0113679 -0.0712413
2.86 -0.000445714 0.0040277 0.0518416
2.87 0.00293209 0.00145739 -0.043427
2.88 -0.00819039 -0.0162371 -0.00816641
2.89 0.00937397 0.0213199 0.017914
2.9 -0.00598643 -0.017857 0.00760168
2.91 0.00314304 0.024434 0.0175849
2.92 3.18813e-05 -0.035969 -0.0703857
2.93 -0.00970941 0.0229986 0.0136605
2.94 0.0121781 -0.0315908 -0.0590047
2.95 -0.014015 0.0316265 0.0662285
2.96 0.0130144 -0.0309051 -0.0714902
2.97 -0.00989742 0.0277134 0.0669244
2.98 0.00576959 -0.0205933 -0.0458821
2.99 0.00159014 0.0236467 0.0743804
3 -0.00432395 -0.0115368 -0.0357388
3.01 0.0106399 0.0215386 0.103349
3.02 -0.00734173 -0.00353763 -0.045037
3.03 0.00381551 -0.0110726 0.00361316
3.04 -0.00335901 0.016622 -0.00218364
3.05 0.00521062 -0.0187637 0.0131717
3.06 -0.00590603 0.0312903 0.0281229
3.07 0.00992883 -0.0353325 -0.0350398
3.08 -0.0140692 0.0392984 0.0463796
3.09 0.0161626 -0.0465298 -0.0771606
3.1 -0.0147297 0.0607054 0.14506
3.11 0.0170903 -0.0510353 -0.107711
3.12 -0.0161053 0.0407042 0.0708116
3.13 0.00860858 -0.0403666 -0.0823709
3.14 -0.000755382 0.0297967 0.048776
3.15 -0.0102545 -0.0274427 -0.0562202
3.16 0.0188176 0.0203173 0.0456834
3.17 -0.0226396 -0.00557132 -0.00413717
3.18 0.0272554 0.00835234 0.0477316
3.19 -0.0222016 0.0132736 0.0190157
3.2 0.0192264 -0.0191781 -0.0130206
3.21 -0.0114714 0.0455532 0.105822
3.22 0.0144223 -0.0369574 -0.0432177
3.23 -0.0140677 0.0468463 0.0729912
3.24 0.0182392 -0.038269 -0.0227181
3.25 -0.0147095 0.0540227 0.0898138
3.26 0.0145943 -0.0473424 -0.0574656
3.27 -0.00980609 0.0477704 0.0619901
3.28 0.00157673 -0.0517824 -0.0872707
3.29 0.00622583 0.0495155 0.0888408
3.3 -0.0112289 -0.0357442 -0.0427122
3.31 0.0184205 0.0330412 0.052965
3.32 -0.0204134 -0.0143751 0.00650614
3.33 0.0256593 0.014686 0.0252234
3.34 -0.0248151 0.00142315 0.0166529
3.35 0.0242268 -0.00975845 -0.021562
3.36 -0.023434 0.0128079 0.00222966
3.37 0.0183372 -0.0278778 -0.040035
3.38 -0.014149 0.0378509 0.0577654
3.39 0.0144231 -0.0287512 0.00869991
3.4 -0.00569158 0.0533639 0.0856827
3.41 0.0056833 -0.0430207 -0.0238877
3.42 0.000195794 0.0545396 0.069353
3.43 -0.00374606 -0.0559212 -0.0743338
3.44 0.00692646 0.0554227 0.0774989
3.45 -0.00851598 -0.0468395 -0.0494257
3.46 0.0124623 0.0446388 0.0562182
3.47 -0.016523 -0.0416477 -0.064475
3.48 0.0190225 0.0343232 0.0578687
3.49 -0.0214207 -0.0316094 -0.0778462
3.5 0.0176136 0.0100296 0.0145783
3.51 -0.0168205 -0.00394305 -0.0251812
3.52 0.0141901 -0.00645159 0.01646
3.53 -0.00848652 0.0278805 0.0447277
3.54 0.00750407 -0.0316246 -0.0274675
3.55 -0.00504483 0.0407904 0.0396193
3.56 0.000818072 -0.0555994 -0.0831949
3.57 -1.21734e-05 0.0548855 0.0610681
3.58 -0.00581466 -0.0715966 -0.126733
3.59 0.00607208 0.0642279 0.0886502
3.6 -0.00909167 -0.0642639 -0.0923243
3.61 0.0108916 0.054859 0.0588834
3.62 -0.0164071 -0.0573362 -0.0869828
3.63 0.0186146 0.0484209 0.0692818
3.64 -0.018057 -0.0327496 -0.0266987
3.65 0.0197069 0.0317648 0.0577266
3.66 -0.0157824 -0.0168755 -0.0293506
3.67 0.0108902 0.00530119 0.0198024
3.68 -0.00439033 0.00878997 0.000216317
3.69 -0.000987348 -0.0180118 0.00133868
3.7 0.00884719 0.0407973 0.0635592
3.71 -0.0100796 -0.0441199 -0.0442409
3.72 0.0125048 0.0578669 0.0802425
3.73 -0.0133088 -0.069095 -0.112545
3.74 0.0102525 0.0649778 0.0817601
3.75 -0.0103868 -0.0674949 -0.0886066
3.76 0.0106076 0.0607483 0.0584486
3.77 -0.0149889 -0.0613502 -0.0680336
3.78 0.0210193 0.0660174 0.103598
3.79 -0.0205947 -0.0503192 -0.0532841
3.8 0.0207897 0.0463737 0.0658136
3.81 -0.0157884 -0.0332152 -0.0433775
3.82 0.00885174 0.0223883 0.0379276
3.83 0.000822418 -0.00590945 -0.00991002
3.84 -0.00909028 -0.00618924 0.00279967
3.85 0.0175449 0.026463 0.0447519
3.86 -0.0202391 -0.0351997 -0.0440384
3.87 0.0229398 0.0553573 0.103241
3.88 -0.021735 -0.0697474 -0.144346
3.89 0.0144209 0.0623977 0.0929425
3.9 -0.0115665 -0.063711 -0.0874623
3.91 0.011802 0.061196 0.0683418
3.92 -0.0162135 -0.0591992 -0.0555462
3.93 0.0259235 0.0710545 0.113016
3.94 -0.0269676 -0.0535585 -0.0431661
3.95 0.0264285 0.0410559 0.00526685
3.96 -0.024802 -0.0396312 -0.0271767
3.97 0.0169347 0.0317749 0.0277721
3.98 -0.00330485 -0.015513 0.00391647
3.99 -0.011202 -0.000370726 -0.031085
4 0.0216086 0.00677201 0.015291
4.01 -0.0303836 -0.0203554 -0.0364036
4.02 0.0331785 0.0267521 0.0295998
4.03 -0.0342431 -0.0414212 -0.0674693
4.04 0.0299533 0.045081 0.0608198
4.05 -0.0257927 -0.0514367 -0.0723259
4.06 0.0223171 0.0553698 0.0773969
4.07 -0.020855 -0.0581732 -0.0817503
4.08 0.0207931 0.0574694 0.0746867
4.09 -0.0228363 -0.0604984 -0.0909033
4.1 0.0225109 0.0567822 0.0834827
4.11 -0.0192478 -0.0499568 -0.0701991
4.12 0.0119682 0.0376963 0.0398141
4.13 -0.00371459 -0.0305225 -0.0396809
4.14 -0.00740846 0.0169589 0.0146488
4.15 0.0172147 -0.00772256 -0.0119076
4.16 -0.027205 -0.00955133 -0.0286384
4.17 0.0320052 0.0186604 0.0345287
4.18 -0.0338675 -0.029487 -0.0531009
4.19 0.0327487 0.0394278 0.0730195
4.2 -0.0293578 -0.0466283 -0.0858694
4.21 0.025813 0.0539976 0.10498
4.22 -0.0211428 -0.0524908 -0.0879799
4.23 0.0201141 0.0580196 0.108346
4.24 -0.0185629 -0.0551585 -0.0951005
4.25 0.0191425 0.058623 0.117508
4.26 -0.0138155 -0.0404128 -0.0461826
4.27 0.0127735 0.0433361 0.079186
4.28 -0.00457694 -0.024112 -0.0154946
4.29 0.000404362 0.0271248 0.0599225
4.3 0.00894771 -0.0156239 -0.0414959
4.31 -0.0209869 -0.00614012 -0.0226105
4.32 0.0281085 0.0167885 0.0371237
4.33 -0.030858 -0.0226288 -0.0335127
4.34 0.0311692 0.0305133 0.0442482
4.35 -0.0296547 -0.0401675 -0.0684799
4.36 0.0261934 0.0476285 0.0882156
4.37 -0.0207138 -0.0477147 -0.0791713
4.38 0.0168716 0.0498428 0.0842568
4.39 -0.0143225 -0.0504129 -0.0865514
4.4 0.0131639 0.0511427 0.0944983
4.41 -0.011104 -0.0463511 -0.0824593
4.42 0.00919833 0.0441398 0.0885396
4.43 -0.00550416 -0.0406717 -0.0954869
4.44 -0.00165332 0.0305164 0.0778485
4.45 0.00954745 -0.0217391 -0.0714831
4.46 -0.0190057 0.00527276 0.0318343
4.47 0.0258972 0.00998504 0.00317802
4.48 -0.028318 -0.0216572 -0.0253775
4.49 0.0270629 0.0334037 0.0533644
4.5 -0.0232691 -0.0466695 -0.0947269
4.51 0.0155539 0.0494973 0.0939614
4.52 -0.00957752 -0.0556633 -0.113893
4.53 0.00510661 0.0575628 0.118475
4.54 -0.0037393 -0.0587291 -0.123888
4.55 0.00225957 0.0464505 0.0709649
4.56 -0.00479729 -0.0395068 -0.0463092
4.57 0.0114744 0.0472738 0.0948528
4.58 -0.0112662 -0.0377764 -0.0709102
4.59 0.00553295 0.0207281 0.0194486
4.6 0.00068057 -0.0136019 -0.019417
4.61 -0.00866686 0.00685939 0.0246386
4.62 0.0191241 0.00967419 0.0147388
4.63 -0.0259022 -0.0212869 -0.034149
4.64 0.0267737 0.0247464 0.0210323
4.65 -0.0258126 -0.0363275 -0.0517785
4.66 0.02024 0.0418169 0.0608957
4.67 -0.0111772 -0.0376553 -0.030745
4.68 0.00712945 0.0488214 0.07562
4.69 -0.00394246 -0.0555001 -0.103921
4.7 -0.00219301 0.0400338 0.0334936
4.71 0.00189334 -0.0369649 -0.0230245
4.72 0.0041724 0.0494891 0.0885133
4.73 -0.00526899 -0.0467717 -0.0902143
4.74 0.00189438 0.0375885 0.070113
4.75 0.00494572 -0.025251 -0.0423846
4.76 -0.0135049 0.0106204 0.00826554
4.77 0.0173622 -0.013014 -0.0549135
4.78 -0.0252227 -0.00720416 -0.0033593
4.79 0.026409 0.0136132 0.00042932
4.8 -0.0255204 -0.0266688 -0.0329734
4.81 0.0188408 0.0288648 0.0203785
4.82 -0.0130485 -0.0403716 -0.0557616
4.83 0.00467057 0.0402076 0.0412274
4.84 -0.00113982 -0.0519239 -0.0854964
4.85 -0.00235332 0.0546528 0.092421
4.86 0.00457162 -0.053461 -0.0860425
4.87 -0.00480089 0.0529648 0.0882016
4.88 0.00403454 -0.0536305 -0.102036
4.89 -0.00849874 0.0334244 0.0253435
4.9 0.00789143 -0.0333794 -0.0471392
4.91 -0.0108217 0.0208062 0.0153044
4.92 0.0133514 -0.0110038 0.000434031
4.93 -0.0145502 0.00680614 0.0118207
4.94 0.0176466 0.00561502 0.0131895
4.95 -0.0184799 -0.0120533 -0.0112349
4.96 0.0180253 0.0176053 0.00714179
4.97 -0.0178043 -0.0291293 -0.0338521
4.98 0.013416 0.0291016 0.0110657
4.99 -0.0108768 -0.0397379 -0.0421669
5 0.00557539 0.041298 0.0361886
5.01 -0.000684547 -0.0438964 -0.0400616
5.02 -0.00365457 0.0457605 0.0454649
5.03 0.00638293 -0.0505459 -0.0696983
5.04 -0.0106715 0.0458014 0.0553586
5.05 0.0136732 -0.0419381 -0.0502826
5.06 -0.0151109 0.0399853 0.0588657
5.07 0.0166223 -0.0345198 -0.0558355
5.08 -0.0175413 0.029019 0.0569276
5.09 0.0194709 -0.0167111 -0.029748
5.1 -0.0195141 0.00749992 0.0186039
5.11 0.0174012 -0.00228525 -0.0265206
5.12 -0.0153149 -0.00621357 0.0191247
5.13 0.0142723 0.0220505 0.0236972
5.14 -0.0102954 -0.0303663 -0.0348788
5.15 0.00449425 0.03379 0.0273796
5.16 0.000830129 -0.0375159 -0.0251157
5.17 -0.00306606 0.0499098 0.0673318
5.18 0.00751168 -0.0499838 -0.0577514
5.19 -0.00911778 0.0577736 0.0899455
5.2 0.0133581 -0.0514287 -0.0629665
5.21 -0.0144869 0.0527457 0.0775476
5.22 0.0167856 -0.0441771 -0.0519096
5.23 -0.0155959 0.0443776 0.0720905
5.24 0.0185706 -0.0224323 0.00630921
5.25 -0.01178 0.0343442 0.0754847
5.26 0.00990327 -0.0277847 -0.0761258
5.27 -0.013567 0.000489338 -0.015999
5.28 0.00877038 -0.00456945 -0.0381155
5.29 -0.00959346 -0.0162477 -0.0236974
5.3 0.00368751 0.0128764 -0.024916
5.31 -0.00508184 -0.0410326 -0.0757336
5.32 -1.4376e-06 0.0484361 0.0859123
5.33 0.00774329 -0.0473342 -0.0630109
5.34 -0.0114554 0.0581677 0.1011
5.35 0.0165951 -0.0548002 -0.0787167
5.36 -0.0183771 0.0518742 0.0628295
5.37 0.0151148 -0.0554682 -0.0813869
5.38 -0.0119154 0.049166 0.0590517
5.39 0.00644793 -0.047523 -0.0640315
5.4 -0.00195692 0.044012 0.0670002
5.41 0.0012527 -0.0314721 -0.0348561
5.42 -0.00184497 0.0190446 0.00843668
5.43 0.00263587 -0.00798737 0.00862672
5.44 -0.00246295 9.54881e-05 -0.00995115
5.45 0.00158128 0.00698165 0.00779726
5.46 -0.00141082 -0.0197406 -0.033628
5.47 0.000484336 0.0337856 0.0689382
5.48 0.00381382 -0.0380621 -0.0637849
5.49 -0.00762738 0.0435944 0.0692613
5.5 0.0109443 -0.0451356 -0.0605103
5.51 -0.0104833 0.0522678 0.0817732
5.52 0.00814396 -0.0579761 -0.101386
5.53 -0.00651417 0.0541025 0.082398
5.54 0.0038882 -0.0487731 -0.0624602
5.55 0.00122301 0.0508515 0.0829062
5.56 -0.000925942 -0.031594 -0.0103161
5.57 0.00547181 0.0324482 0.0357878
5.58 -0.00861424 -0.0326527 -0.0634907
5.59 0.00391904 0.00748448 -0.0219209
5.6 -0.00466312 -0.00556774 -0.00237384
5.61 0.00174004 -0.0118497 -0.0452155
5.62 -0.00222981 0.0188033 0.0462343
5.63 0.0016889 -0.0335247 -0.0867666
5.64 -0.00215049 0.0480692 0.131698
5.65 0.00843434 -0.0392681 -0.0737946
5.66 -0.0101078 0.0396678 0.0618877
5.67 0.0059372 -0.0502195 -0.0997646
5.68 -0.00156297 0.0513714 0.0981264
5.69 -0.00289531 -0.0466474 -0.0742993
5.7 0.00719435 0.0384268 0.0394188
5.71 -0.0121693 -0.0338453 -0.026528
5.72 0.0174825 0.0375699 0.0581424
5.73 -0.0160277 -0.026144 -0.0262296
5.74 0.0123103 0.0160489 0.00587824
5.75 -0.00603508 -0.000234798 0.0383311
5.76 0.00280278 -0.00536888 -0.0353481
5.77 0.000447335 0.0164351 0.0597127
5.78 -0.000377949 -0.0203373 -0.0540175
5.79 -0.00164343 0.0186952 0.0254373
5.8 -0.000359163 -0.0305642 -0.061752
5.81 0.00121646 0.033636 0.0600224
5.82 -0.00269829 -0.0334187 -0.0459493
5.83 0.00744299 0.0406734 0.0698038
5.84 -0.0100129 -0.0366007 -0.0453391
5.85 0.0149197 0.0427496 0.0733502
5.86 -0.0185754 -0.0509994 -0.118083
5.87 0.0135281 0.0343195 0.0548619
5.88 -0.00946195 -0.0262959 -0.037205
5.89 0.00651228 0.0226869 0.0434094
5.9 -0.00149063 -0.00739089 0.00284893
5.91 0.000272011 0.000819347 -0.00885695
5.92 -0.000776718 0.00404615 0.00784736
5.93 0.000872056 -0.0115194 -0.0196773
5.94 0.000560051 0.0226271 0.0493865
5.95 -0.00108203 -0.0252432 -0.0412376
5.96 0.00443625 0.032505 0.0564663
5.97 -0.00896849 -0.0391759 -0.0718483
5.98 0.0111844 0.0336294 0.034363
5.99 -0.0163305 -0.039067 -0.0520655
6 0.0204422 0.0452038 0.0788783
6.01 -0.0199596 -0.0428398 -0.0736624
6.02 0.0166772 0.0395793 0.0716914
6.03 -0.0101307 -0.0298605 -0.0458336
6.04 0.00498164 0.0266703 0.0543678
6.05 0.000892419 -0.0169664 -0.03513
6.06 -0.00378664 0.0125091 0.041205
6.07 0.00715873 0.00132149 -0.00364616
6.08 -0.00738448 -0.0095627 -0.00934065
6.09 0.00740403 0.0210399 0.039345
6.1 -0.005246 -0.0230621 -0.0275301
6.11 0.00525978 0.0270222 0.0260333
6.12 -0.00703049 -0.0275736 -0.00962113
6.13 0.0147378 0.0435897 0.0669857
6.14 -0.0185464 -0.0434099 -0.0539693
6.15 0.0217922 0.0465646 0.0629454
6.16 -0.0209044 -0.0427308 -0.0469647
6.17 0.0200922 0.0507972 0.0942239
6.18 -0.0118379 -0.0402554 -0.0632753
6.19 0.0030782 0.0320311 0.0490341
6.2 0.00226667 -0.0351894 -0.0915714
6.21 -0.0111011 0.0175408 0.0401138
6.22 0.0140059 -0.011675 -0.0435183
6.23 -0.0163149 -0.00485556 -0.00390383
6.24 0.0114805 0.00217015 -0.0360931
6.25 -0.0121741 -0.0237808 -0.0377774
6.26 0.00863066 0.0260371 0.0235679
6.27 -0.0068501 -0.0266665 -0.00289259
6.28 0.0112936 0.0409563 0.0467493
6.29 -0.0144823 -0.0433607 -0.0386483
6.3 0.0190984 0.0509367 0.0598277
6.31 -0.0208532 -0.0538296 -0.0668182
6.32 0.0196075 0.0567832 0.0832727
6.33 -0.0117611 -0.0453516 -0.0421231
6.34 0.00654912 0.0520288 0.0927958
6.35 0.0029382 -0.0450884 -0.0873222
6.36 -0.0125657 0.0336751 0.0659669
6.37 0.0178652 -0.0283081 -0.0749574
6.38 -0.0206571 0.0188817 0.0659365
6.39 0.0213796 -0.00371995 -0.0298907
6.4 -0.0194513 -0.0130369 -0.0154212
6.41 0.0134145 0.0202304 0.018884
6.42 -0.00797243 -0.0276283 -0.0250919
6.43 0.00604053 0.0396286 0.0540651
6.44 -0.00534616 -0.0445158 -0.0521198
6.45 0.00741852 0.049228 0.052434
6.46 -0.00977103 -0.0477693 -0.0284506
6.47 0.0158816 0.0617194 0.0824227
6.48 -0.0164118 -0.0642233 -0.093035
6.49 0.010529 0.0561714 0.0655892
6.5 -0.0049157 -0.0621211 -0.113362
6.51 -0.0101881 0.0356489 0.0188641
6.52 0.0156881 -0.0410054 -0.0762343
6.53 -0.0238898 0.0219135 0.0221174
6.54 0.0247784 -0.0132149 -0.0156258
6.55 -0.0213225 0.00425823 0.00628379
6.56 0.0160356 0.00840442 0.0217876
6.57 -0.00765205 -0.0100323 0.000646574
6.58 0.00477764 0.0252193 0.039437
6.59 -0.00112726 -0.0233891 -0.000136081
6.6 0.00402006 0.0318919 0.00850339
6.61 -0.00877609 -0.0371443 -0.0033782
6.62 0.0176955 0.0603001 0.0868042
6.63 -0.0159884 -0.0550402 -0.048179
6.64 0.0118386 0.0574316 0.0558455
6.65 -0.00289269 -0.0551595 -0.0521332
6.66 -0.00775373 0.0528945 0.0570276
6.67 0.0176896 -0.0503073 -0.0667295
6.68 -0.0255974 0.0432213 0.0595061
6.69 0.0294352 -0.0326034 -0.0374902
6.7 -0.0262605 0.028651 0.046657
6.71 0.0206315 -0.0185407 -0.0277721
6.72 -0.0139381 0.00469203 -0.00758429
6.73 0.00529318 0.000205681 5.62389e-05
6.74 0.00164787 -0.000217937 0.0329691
6.75 -0.000390026 0.0156384 0.00219001
6.76 -0.00380122 -0.0300516 -0.0319833
6.77 0.00652617 0.0349745 0.0205421
6.78 -0.00880429 -0.042714 -0.0276833
6.79 0.00883785 0.0534028 0.0566465
6.8 -0.00316715 -0.0568779 -0.0621769
6.81 -0.00663467 0.0556993 0.0559161
6.82 0.0168865 -0.0552314 -0.0608844
6.83 -0.0245136 0.057873 0.0862725
6.84 0.0308068 -0.0503421 -0.0687484
6.85 -0.030627 0.0478601 0.0773029
6.86 0.0260957 -0.0429479 -0.0769294
6.87 -0.0195616 0.0317178 0.0499097
6.88 0.00983175 -0.02706 -0.0566096
6.89 -0.00410761 0.00869432 0.00341129
6.9 -0.00198989 0.000997583 0.00665741
6.91 0.00429249 -0.0163535 -0.0413527
6.92 -0.00818106 0.0154992 0.000477845
6.93 0.00395665 -0.0397215 -0.0773104
6.94 -0.00405223 0.047416 0.0825394
6.95 0.00716178 -0.0479732 -0.0617775
6.96 -0.0103013 0.0525929 0.0672746
6.97 0.0143322 -0.0557334 -0.0733925
6.98 -0.018003 0.059298 0.088816
6.99 0.021787 -0.0574376 -0.0858788
7 -0.0240688 0.0517967 0.0709825
7.01 0.0210254 -0.0552931 -0.103245
7.02 -0.0201988 0.0381559 0.0441219
7.03 0.0140039 -0.0307796 -0.0332096
7.04 -0.00738514 0.0167645 -0.00633808
7.05 -0.00254702 -0.0139947 -0.00843103
7.06 0.0086715 0.00194249 -0.0170952
7.07 -0.0116248 0.0130014 0.0539911
7.08 0.0160418 -0.0108054 -0.0103469
7.09 -0.0113811 0.0346085 0.087595
7.1 0.0101015 -0.041932 -0.0921256
7.11 -0.0112935 0.0405553 0.061952
7.12 0.00947938 -0.0535964 -0.105148
7.13 -0.0121209 0.0524142 0.0899633
7.14 0.0156826 -0.0474769 -0.0642674
7.15 -0.0177265 0.0421781 0.0419384
7.16 0.0157282 -0.0425631 -0.0497031
7.17 -0.00951865 0.0512886 0.100477
7.18 0.00869033 -0.0336848 -0.0341405
7.19 -0.0040965 0.0261681 0.0182549
7.2 0.00040667 -0.0109458 0.031065
7.21 0.00585222 0.00428334 -0.0394078
7.22 -0.0126393 -0.00382367 0.0174088
7.23 0.0143306 -0.00710834 -0.0418585
7.24 -0.0153189 0.00916979 0.02356
7.25 0.0121893 -0.0168418 -0.0305763
7.26 -0.00653418 0.0290326 0.0599814
7.27 0.00223929 -0.0380941 -0.0792989
7.28 4.49841e-05 0.0476134 0.107717
7.29 0.00320745 -0.0445766 -0.0858695
7.3 -0.00735992 0.0418781 0.0723321
7.31 0.010053 -0.0414204 -0.0741028
7.32 -0.0124404 0.0319063 0.036958
7.33 0.00734774 -0.0390375 -0.0790677
7.34 -0.00494936 0.0246196 0.0235028
7.35 -0.00241324 -0.0227588 -0.0282573
7.36 0.00819341 0.0140603 0.00394682
7.37 -0.0136461 -0.0108061 -0.0082386
7.38 0.0148303 0.00290692 -0.00524747
7.39 -0.0122183 0.00678142 0.024065
7.4 0.00599773 -0.0221321 -0.0685593
7.41 -0.00182865 0.0278077 0.0705977
7.42 -0.00180374 -0.0351222 -0.0847701
7.43 0.00351494 0.0417033 0.101604
7.44 -0.00204374 -0.0424169 -0.0979193
7.45 0.000491721 0.0461801 0.114699
7.46 0.00378669 -0.0366423 -0.0748417
7.47 -0.00374551 0.0352123 0.075635
7.48 0.00216151 -0.0279456 -0.0512199
7.49 0.00303636 0.0245206 0.0461132
7.5 -0.00903762 -0.0195252 -0.0358181
7.51 0.0144567 0.0154246 0.0328427
7.52 -0.0164447 -0.00796828 -0.0182756
7.53 0.0141964 -0.00311005 -0.00950952
7.54 -0.010502 0.00786137 0.00570989
7.55 0.00273039 -0.0210888 -0.0409181
7.56 0.00256494 0.0231371 0.0263898
7.57 -0.00971665 -0.0372618 -0.0721592
7.58 0.0127673 0.0454903 0.0973619
7.59 -0.0117065 -0.0491086 -0.109254
7.6 0.00649009 0.0425588 0.081149
7.61 -0.00234113 -0.0368575 -0.0615434
7.62 0.00483402 0.0483219 0.124759
7.63 -0.00477796 -0.040535 -0.102324
7.64 0.00438462 0.0210331 0.0279751
7.65 -0.0111565 -0.0205017 -0.0426604
7.66 0.0173472 0.0166196 0.044011
7.67 -0.0212785 -0.0133109 -0.0520488
7.68 0.0179231 -0.00342955 0.00218598
7.69 -0.0128244 0.0124628 0.0092428
7.7 0.00560835 -0.0191485 -0.00910091
7.71 0.00265216 0.0245155 0.00406835
7.72 -0.0146697 -0.0482683 -0.0886943
7.73 0.0172359 0.0468091 0.0643093
7.74 -0.0167839 -0.0458415 -0.0505266
7.75 0.017722 0.059504 0.112569
7.76 -0.0125401 -0.0538239 -0.0927418
7.77 0.00820759 0.0481466 0.0787524
7.78 -0.00843606 -0.0507066 -0.107013
7.79 0.0087463 0.0424708 0.0887768
7.8 -0.00942077 -0.0247115 -0.0288669
7.81 0.0172919 0.0291364 0.0740472
7.82 -0.0194117 -0.0142135 -0.0331829
7.83 0.017693 -0.00685812 -0.0329736
7.84 -0.0191634 0.00259965 -0.0207042
7.85 0.0115445 -0.0184464 -0.0164822
7.86 -0.00242634 0.0277627 0.0229986
7.87 -0.00772316 -0.0361295 -0.0275107
7.88 0.017559 0.0467481 0.0477475
7.89 -0.023076 -0.0510524 -0.0465393
7.9 0.0252518 0.0560716 0.0578231
7.91 -0.024564 -0.0632835 -0.0890479
7.92 0.0190635 0.0607107 0.0843141
7.93 -0.0132728 -0.0582127 -0.0875777
7.94 0.00821648 0.0515098 0.0768163
7.95 -0.00529166 -0.0399625 -0.046889
7.96 0.00607691 0.0276902 0.0151108
7.97 -0.0136807 -0.0331435 -0.0674409
7.98 0.017195 0.0258606 0.0651801
7.99 -0.0157544 -0.0119155 -0.0376669
8 0.0106037 -0.00106718 0.0192926
8.01 -0.000287792 0.0227285 0.0373707
8.02 -0.00750395 -0.0302972 -0.0303356
8.03 0.0153309 0.0405857 0.0402766
8.04 -0.0216718 -0.0535779 -0.0696662
8.05 0.0221673 0.0553291 0.055701
8.06 -0.0207591 -0.0597135 -0.0629125
8.07 0.0186259 0.067933 0.0967874
8.08 -0.0120198 -0.0599379 -0.0636842
8.09 0.00824628 0.0575545 0.0629171
8.1 -0.00618177 -0.0520949 -0.0528254
8.11 0.00585635 0.0433734 0.0318028
8.12 -0.00822331 -0.0388084 -0.034181
8.13 0.00955097 0.0304741 0.0238951
8.14 -0.0102048 -0.0273083 -0.0432267
8.15 0.00434157 0.0102856 0.00387525
8.16 0.00202923 -0.00158745 -0.00686498
8.17 -0.0113982 -0.0139629 -0.020768
8.18 0.0194729 0.0272915 0.0403005
8.19 -0.0223412 -0.028818 -0.00984721
8.2 0.0262222 0.0461799 0.0592007
8.21 -0.0236998 -0.0516295 -0.0614756
8.22 0.0167683 0.0489738 0.0341892
8.23 -0.00914224 -0.0437081 -0.000709127
8.24 0.00699638 0.0535577 0.0418079
8.25 -0.00551834 -0.0596445 -0.0708388
8.26 0.00264265 0.0563971 0.0631305
8.27 0.00129872 -0.0459629 -0.0284486
8.28 0.000563143 0.0586529 0.107724
8.29 0.00783706 -0.0340517 -0.0213399
8.3 -0.0134718 0.0199392 -0.0117818
8.31 0.014765 -0.019938 -0.023125
8.32 -0.0189665 0.00600307 -0.00461222
8.33 0.0219662 0.00707682 0.0281279
8.34 -0.020224 -0.00549315 0.0153962
8.35 0.0225791 0.0233101 0.0326323
8.36 -0.0201311 -0.026141 -0.0142829
8.37 0.0189237 0.0383019 0.0434863
8.38 -0.0149623 -0.0444131 -0.0502272
8.39 0.009998 0.0510438 0.0659297
8.4 -0.0029153 -0.0518155 -0.061351
8.41 -0.00503813 0.0477011 0.0403586
8.42 0.00851379 -0.0573898 -0.089287
8.43 -0.0157016 0.0480109 0.0559877
8.44 0.0193298 -0.0470397 -0.0672271
8.45 -0.0246275 0.0323265 0.0192807
8.46 0.0255118 -0.0269481 -0.0177723
8.47 -0.0255026 0.0184308 0.004192
8.48 0.0251816 -0.00666162 0.0226456
8.49 -0.022891 0.000210908 -0.0238387
8.5 0.0211012 0.00853331 0.0352992
8.51 -0.0181892 -0.0115207 -0.0202865
8.52 0.0157658 0.0140075 0.00352222
8.53 -0.0185261 -0.038152 -0.0896918
8.54 0.011659 0.0305347 0.0337714
8.55 -0.00738291 -0.0399338 -0.0625163
8.56 -0.000252376 0.0419726 0.0634128
8.57 0.0101597 -0.037586 -0.04044
8.58 -0.0170281 0.0429401 0.067612
8.59 0.0238124 -0.0434462 -0.0770927
8.6 -0.0295927 0.0403423 0.074275
8.61 0.0364946 -0.0206669 0.00270446
8.62 -0.0335151 0.0254366 0.0345938
8.63 0.0305766 -0.0196626 -0.024519
8.64 -0.0274822 0.00935536 -0.00463406
8.65 0.0234147 -0.00116909 0.0224761
8.66 -0.0188756 -0.00379064 -0.0242872
8.67 0.0159191 0.0117974 0.039678
8.68 -0.0130875 -0.0176723 -0.0457483
8.69 0.0116428 0.0295124 0.0818281
8.7 -0.00763128 -0.0358851 -0.0971079
8.71 0.000848547 0.0376011 0.0966072
8.72 0.00812584 -0.0342589 -0.0781992
8.73 -0.0171723 0.0283147 0.0517769
8.74 0.0222672 -0.0304883 -0.0656752
8.75 -0.0270926 0.023636 0.0397519
8.76 0.0297885 -0.0130849 0.00242561
8.77 -0.0261914 0.0166086 0.0211214
8.78 0.0228564 -0.0144878 -0.0202166
8.79 -0.0197434 0.0133869 0.0270199
8.8 0.0187889 -0.00943172 -0.0240712
8.81 -0.021423 -0.0045306 -0.0229443
8.82 0.0209396 0.00710912 0.0171376
8.83 -0.0195559 -0.011021 -0.0190304
8.84 0.0180377 0.0228207 0.0606068
8.85 -0.0121224 -0.0283232 -0.077884
8.86 0.00324162 0.031505 0.089851
8.87 0.00849483 -0.0257879 -0.0648296
8.88 -0.0171292 0.0254055 0.0666679
8.89 0.0239496 -0.0176058 -0.0343301
8.9 -0.0210309 0.032628 0.107877
8.91 0.0222792 -0.0198867 -0.0541772
8.92 -0.0176131 0.0240118 0.0808234
8.93 0.0164175 -0.0130598 -0.0404241
8.94 -0.0142988 0.00756414 0.027995
8.95 0.0124788 -0.00454911 -0.0293736
8.96 -0.0136439 -0.00689835 -0.00687176
8.97 0.0117892 0.00513671 -0.0183106
8.98 -0.013173 -0.0175953 -0.0234656
8.99 0.012517 0.0281892 0.059897
9 -0.00819244 -0.0337221 -0.0781499
9.01 0.000897324 0.035137 0.0829939
9.02 0.00853892 -0.028768 -0.0560852
9.03 -0.0145489 0.0279454 0.0570762
9.04 0.0161406 -0.0318752 -0.0813221
9.05 -0.016726 0.0266584 0.0644366
9.06 0.0127629 -0.0289015 -0.0838238
9.07 -0.00901502 0.025304 0.0789152
9.08 0.00571887 -0.020416 -0.0716022
9.09 -0.00380459 0.0140447 0.0610733
9.1 0.00533158 0.00235211 -0.0064935
9.11 -0.00290033 -0.0016314 0.0319847
9.12 0.00298937 0.0101773 -0.0143854
9.13 -0.00327052 -0.0209663 -0.0152002
9.14 0.00183967 0.029387 0.0372975
9.15 0.000850263 -0.0383167 -0.0666828
9.16 -0.00889482 0.0276685 0.00990978
9.17 0.00861042 -0.0464296 -0.0932292
9.18 -0.0116489 0.0474286 0.0988376
9.19 0.0149363 -0.0399996 -0.0697084
9.2 -0.0130563 0.0423088 0.0890084
9.21 0.0105272 -0.0369677 -0.0760286
9.22 -0.00613561 0.0311609 0.0640587
9.23 0.00126925 -0.0227254 -0.0429284
9.24 0.00527967 0.0213302 0.0577001
9.25 -0.00841381 -0.011781 -0.0383042
9.26 0.00962624 0.00168159 0.0192676
9.27 -0.00851118 0.01259 0.0180819
9.28 0.0103366 -0.0124469 0.0107125
9.29 -0.00878113 0.0240109 0.0164618
9.3 0.00899712 -0.0286732 -0.0146888
9.31 -0.00708128 0.0441444 0.0677269
9.32 0.0111762 -0.038118 -0.0267583
9.33 -0.0131178 0.0380219 0.0179008
9.34 0.0116751 -0.0449218 -0.0454141
9.35 -0.00806745 0.0550237 0.0927591
9.36 0.00728401 -0.0504753 -0.0782491
9.37 -0.00561418 0.0451676 0.0658454
9.38 0.00160853 -0.0444518 -0.0797553
9.39 -0.000289197 0.0285706 0.0276282
9.4 -0.00599569 -0.0285036 -0.0520924
9.41 0.00979536 0.0181461 0.032029
9.42 -0.014756 -0.015972 -0.0530961
9.43 0.0152846 0.0025961 0.0250755
9.44 -0.0151228 0.00758862 -0.0132394
9.45 0.0133301 -0.0207403 -0.0129885
9.46 -0.0125594 0.0289533 0.0189578
9.47 0.0104825 -0.0436505 -0.0595063
9.48 -0.0134876 0.039081 0.0161962
9.49 0.011441 -0.0525152 -0.0617523
9.5 -0.0129884 0.0473476 0.0265849
9.51 0.00833725 -0.0610575 -0.0846339
9.52 -0.00683706 0.0577543 0.0704097
9.53 0.00369754 -0.0568777 -0.0741801
9.54 -0.00140089 0.0484311 0.0490902
9.55 -0.00453752 -0.0517992 -0.0848378
9.56 0.00689921 0.0416768 0.0644103
9.57 -0.00863258 -0.0308339 -0.0462
9.58 0.0106129 0.0227597 0.0450795
9.59 -0.010791 -0.00934813 -0.0221403
9.6 0.0102056 -0.00667843 -0.0120028
9.61 -0.0118606 0.0141917 0.00762843
9.62 0.0128919 -0.0227295 -0.00980683
9.63 -0.0129154 0.0314833 0.0154001
9.64 0.0121018 -0.0382486 -0.0149254
9.65 -0.00827365 0.0522635 0.0525188
9.66 0.00644175 -0.0559198 -0.0482583
9.67 -0.00135853 0.0730823 0.11462
9.68 0.00329571 -0.0648302 -0.0724721
9.69 -0.00265571 0.0666319 0.0856219
9.7 0.000761654 -0.0719403 -0.12354
9.71 -0.00180759 0.0638623 0.107939
9.72 0.00338065 -0.0486127 -0.0659409
9.73 0.00111798 0.0507394 0.109845
9.74 0.000965625 -0.0204476 -0.00752582
9.75 0.00461752 0.0139421 0.0172444
9.76 -0.00861798 0.00111425 0.0117557
9.77 0.0125772 -0.0124268 -0.02279
9.78 -0.0131934 0.0284108 0.0556193
9.79 0.0138783 -0.032527 -0.0344481
9.8 -0.00822668 0.0501057 0.0780036
9.81 0.00492539 -0.0502198 -0.0449252
9.82 0.00301422 0.0658173 0.0900532
9.83 -0.00828912 -0.0759371 -0.119297
9.84 0.00826868 0.0753263 0.110423
9.85 -0.00538897 -0.0722915 -0.101768
9.86 0.000811604 0.0658381 0.0871198
9.87 0.00111303 -0.0676638 -0.119131
9.88 -0.00633848 0.049243 0.0638489
9.89 0.00695805 -0.0366056 -0.039206
9.9 -0.00519243 0.0194707 -0.00467252
9.91 -8.15971e-06 -0.00568032 0.0326147
9.92 0.00874651 0.00562832 0.00430592
9.93 -0.00935996 0.0158768 0.0558748
9.94 0.0104576 -0.0187784 -0.0277667
9.95 -0.00533682 0.0272768 0.0240886
9.96 -0.00560596 -0.0448599 -0.063338
9.97 0.0171186 0.0637957 0.114466
9.98 -0.0208512 -0.06303 -0.084051
9.99 0.0211286 0.0638526 0.0721091
10 -0.0189577 -0.0696391 -0.0944405
