0.01 0.00214773 -0.00314608 0.0161013
0.02 0.00445802 -0.00542859 0.0270333
0.03 0.00293303 -0.00410769 0.021074
0.04 0.00146554 -0.00192209 0.00937125
0.05 -0.000598851 0.0011235 -0.00543241
0.06 -0.00302428 0.00347201 -0.0177309
0.07 0.00172433 -0.00244165 0.013027
0.08 0.00600331 -0.00725404 0.0355158
0.09 -0.000805525 0.00118653 -0.00528961
0.1 -0.00115194 -1.22969e-05 0.000230221
0.11 -0.000197713 0.00304009 -0.0165176
0.12 -0.00573262 0.00446907 -0.0206096
0.13 -2.47232e-05 0.00215566 -0.0131692
0.14 -0.00447419 0.00599967 -0.0282392
0.15 -0.0024792 0.000312314 -0.00288195
0.16 -0.000818775 0.00690236 -0.0347648
0.17 -0.00595889 0.000152111 0.000606464
0.18 0.00260769 0.00447009 -0.0253829
0.19 -0.00330622 -0.00201656 0.0144053
0.2 0.0046669 -0.00305346 0.0100782
0.21 0.0017784 -0.00101377 0.0111582
0.22 -0.00842553 0.00648287 -0.0400029
0.23 0.00113473 0.00420582 -0.0118932
0.24 -0.00269934 -0.00170338 -0.0029797
0.25 -0.00660996 0.0137843 -0.0567288
0.26 0.00194718 -0.00890409 0.03263
0.27 0.00574856 0.000251276 0.00936582
0.28 -0.00344203 -0.00313899 0.00693949
0.29 0.0011757 0.00436574 -0.0148893
0.3 0.00616076 -0.0124737 0.0585804
0.31 -0.00135932 0.00591846 -0.0298341
0.32 -0.00497784 0.00258472 -0.00808376
0.33 0.002861 -0.00146542 -0.00206847
0.34 0.00100323 -0.000824959 0.0176253
0.35 -0.000512461 -0.00273942 -0.00339678
0.36 -0.00265293 0.010092 -0.0307378
0.37 -0.0081009 0.00150986 -0.0301387
0.38 0.0076707 -0.00101246 0.030341
0.39 0.000693184 -0.00748664 0.00953601
0.4 -0.00506885 0.0107834 -0.0242044
0.41 0.0114662 -0.0195295 0.0689787
0.42 0.00120573 0.00586616 -0.00328541
0.43 -0.000840351 -0.00993991 0.0287077
0.44 0.00427129 0.00775765 -0.0234047
0.45 -0.0119181 0.00314413 -0.0260865
0.46 0.000359934 0.00772842 -0.0336977
0.47 -0.00152336 0.00010025 -0.00112177
0.48 -0.0024948 -0.00147741 0.00347964
0.49 0.0062617 0.00218303 -0.00259558
0.5 -0.00878811 -0.00183303 -0.00380828
0.51 0.00556037 0.00583175 -0.0115855
0.52 0.00204977 -0.01387 0.0482047
0.53 0.00309716 0.00453239 0.00152224
0.54 -0.00225326 -0.00220417 -0.0151233
0.55 -0.00379748 0.00630397 -0.00426501
0.56 0.00777236 -0.00914365 0.0186015
0.57 -0.00400104 0.0040891 0.00534742
0.58 0.00462649 -0.00669931 0.0106465
0.59 -0.000181112 0.00348409 0.00193886
0.6 -0.00199463 -0.00278706 -0.0015394
0.61 0.00926664 -0.00716796 0.0487529
0.62 -0.000339287 -0.00115711 -0.00507345
0.63 -0.00443663 0.00290997 -0.00486999
0.64 0.00438768 0.000750071 -0.0123465
0.65 -0.00747089 0.00170535 -0.00164967
0.66 0.00557004 -0.000100076 -0.00437273
0.67 -0.0073228 0.00610533 -0.0288421
0.68 -0.00366493 0.00317527 -0.0146106
0.69 0.00442241 0.000314299 -0.00608752
0.7 -0.00906092 0.00384847 -0.0127868
0.71 0.00709909 -0.00249142 0.00496454
0.72 -0.00139019 -0.00160743 0.0159827
0.73 0.00188659 -0.00309471 0.0076484
0.74 -0.00216018 0.00752326 -0.0302509
0.75 -0.00102505 -0.00691841 0.0280608
0.76 0.00616437 0.00173176 -0.0028035
0.77 -0.00724257 0.00177697 -0.014904
0.78 0.00599723 -0.00646018 0.0402346
0.79 0.00234743 0.00453875 -0.0339045
0.8 -0.00857074 -0.00512442 0.0411808
0.81 0.0169764 -0.00111381 -0.0137276
0.82 -0.0175461 0.00374903 0.00291637
0.83 0.00795045 0.000532787 -0.0253054
0.84 0.000518496 -4.8634e-07 0.022601
0.85 -0.0049917 -0.00575761 0.00665845
0.86 0.0122558 0.00501762 -0.00304842
0.87 -0.0142834 -0.00615576 0.00854411
0.88 0.0148331 0.003119 0.00770615
0.89 -0.00314496 -0.0116678 0.0345062
0.9 -0.00488371 0.0147408 -0.0507059
0.91 0.00166869 -0.00499101 0.00453164
0.92 -0.00633881 0.00852132 -0.0275524
0.93 0.00158092 -0.00254268 0.00440349
0.94 0.00192644 8.36893e-06 0.000251553
0.95 -0.00337473 -0.000424891 0.0103277
0.96 0.00937321 -0.00659724 0.0171328
0.97 -0.00175492 -0.00239859 0.0355291
0.98 0.00844444 -0.00944949 0.0179536
0.99 -0.00325356 0.00769915 -0.00425746
1 -0.00242307 -0.00620735 -0.00673028
1.01 0.0084697 0.00257897 0.0280177
1.02 -0.00391667 -0.0101563 0.00753894
1.03 0.00504007 0.007847 0.00611185
1.04 0.00136002 -0.0143453 0.0260959
1.05 0.00678273 0.000790633 0.0416987
1.06 0.00435124 -0.0123546 0.0184381
1.07 0.00371102 -0.00115298 0.0469644
1.08 0.00688537 -0.0111321 0.0190361
1.09 -0.0031371 0.00669337 -0.00226968
1.1 0.00121774 -0.00680833 0.0101757
1.11 0.00583585 0.000406012 0.0140606
1.12 -0.00597073 -0.00153624 -0.000406927
1.13 0.00447566 0.00263761 -0.0127098
1.14 -0.00762694 0.00475287 -0.0177353
1.15 -0.00346143 0.0053178 -0.0394694
1.16 0.0075186 -0.00752313 0.0576981
1.17 6.99154e-05 -0.00331763 -0.0109838
1.18 0.00484481 -0.00406183 0.0566475
1.19 -0.00249799 0.00354663 -0.0629986
1.2 -0.00864572 0.00856605 0.0105843
1.21 0.00951938 -0.00999116 -0.0102809
1.22 -0.00335601 0.00540364 0.0381457
1.23 0.00883301 -0.0189051 0.0276454
1.24 0.00202903 0.0125251 0.00438957
1.25 -0.00573402 -0.0147621 0.00900791
1.26 0.0156687 0.00450075 0.0401859
1.27 -0.00167562 -0.0209307 0.0457411
1.28 -0.00219725 0.0218213 -0.0550721
1.29 0.004392 -0.0209458 0.0584661
1.3 -0.00351882 0.0172736 -0.0506628
1.31 0.000302462 -0.0113802 0.033875
1.32 -0.00153774 0.0116844 -0.0499153
1.33 -0.000811636 -0.00730029 0.0433761
1.34 0.00100617 0.00551034 -0.0505621
1.35 -0.00938378 0.00865614 -0.00532365
1.36 -0.0019981 0.00164048 -0.061129
1.37 -0.00209763 0.00874863 0.0221889
1.38 0.00530642 -0.0182043 0.0137682
1.39 -0.00660826 0.0264328 -0.0467978
1.4 0.00302652 -0.0293215 0.0569986
1.41 0.00994847 0.0180857 0.000838493
1.42 -0.0057125 -0.024939 0.0346821
1.43 0.00369461 0.0240035 -0.0328243
1.44 0.00418352 -0.0278748 0.0578537
1.45 -0.00505445 0.0216568 -0.0349337
1.46 0.00749497 -0.0180751 0.0280738
1.47 -0.00946438 0.015491 -0.0286166
1.48 0.0112315 -0.0154065 0.0440707
1.49 -0.0061345 0.00914937 -0.0302851
1.5 0.00141357 -0.00494936 0.0278452
1.51 0.00559498 -0.00291078 -0.00653195
1.52 -0.00835322 0.0077918 -0.00146565
1.53 0.00423183 -0.00642026 -0.0199043
1.54 0.00179887 0.0032495 0.0488997
1.55 0.00889984 -0.0220605 0.0347582
1.56 -1.48511e-05 0.0148358 0.0106369
1.57 0.00420643 -0.0238085 0.0282093
1.58 -0.00836466 0.0318183 -0.0652817
1.59 -0.00167607 -0.0196394 0.00350471
1.6 0.000468268 0.0188739 -0.00111965
1.61 0.00869837 -0.0255822 0.0380587
1.62 -0.0163707 0.0305399 -0.0691109
1.63 0.0078761 -0.015887 0.00429527
1.64 -0.0186157 0.0289931 -0.0825704
1.65 0.0129161 -0.0238474 0.0721354
1.66 -0.00216641 0.0141795 -0.04161
1.67 -0.00362864 -0.00993103 0.0393976
1.68 0.0063154 0.00657474 -0.0414665
1.69 -0.00729385 -0.00172905 0.035203
1.7 0.00945009 -0.00833346 -0.00107199
1.71 -0.00439203 0.0114394 -9.30501e-06
1.72 0.00288111 -0.0196865 0.0292866
1.73 0.00109071 0.0227758 -0.0347732
1.74 0.00385937 -0.0345334 0.086747
1.75 0.000310127 0.0304925 -0.0620423
1.76 -0.00124135 -0.0257745 0.0363605
1.77 -0.011127 0.0343875 -0.0803393
1.78 0.0130567 -0.0277231 0.0502243
1.79 -0.0197992 0.0285206 -0.0611722
1.8 0.0178069 -0.0204564 0.0305676
1.81 -0.0158886 0.0154283 -0.0177429
1.82 0.0117785 -0.00971178 0.00287255
1.83 -0.00589515 0.0025544 0.0189712
1.84 0.011212 -0.0109421 0.0377514
1.85 0.0014328 -0.00388654 0.0228371
1.86 -0.0019055 0.00346398 -0.007409
1.87 0.00375333 -0.00617396 0.00920613
1.88 -0.0053128 0.00932511 -0.0145698
1.89 0.00498785 -0.0101223 0.00928253
1.9 -0.00865529 0.0158158 -0.029955
1.91 0.0118084 -0.0206822 0.0481316
1.92 -0.0105219 0.0195435 -0.0379028
1.93 0.0128718 -0.0227094 0.0512419
1.94 -0.0131808 0.0226096 -0.0499349
1.95 0.0108053 -0.0180564 0.0276792
1.96 -0.0133788 0.0189329 -0.0339833
1.97 0.0111461 -0.0125572 0.00450813
1.98 -0.0135498 0.0119154 -0.00455317
1.99 0.0140958 -0.00946744 -0.00392905
2 -0.014921 0.00934686 -0.000224272
2.01 0.0140449 -0.0100348 0.00977278
2.02 -0.00363676 0.00066348 0.0304143
2.03 0.00122671 -0.00276066 -0.0123301
2.04 0.000896154 0.00545762 -0.00924121
2.05 -0.0101017 0.00182247 -0.0190984
2.06 0.0144876 -0.00512223 0.0276269
2.07 -0.0144404 0.00576253 -0.0234535
2.08 0.0130077 -0.00699964 0.0228157
2.09 -0.00679703 0.00228452 0.0081399
2.1 0.0114973 -0.0108123 0.0270851
2.11 -0.0105061 0.0105191 -0.0174392
2.12 0.0133365 -0.0144147 0.0291262
2.13 -0.0117776 0.0119922 -0.00939052
2.14 0.0156012 -0.0168789 0.0274851
2.15 -0.0133476 0.0147643 -0.011692
2.16 0.0148387 -0.0193202 0.0316092
2.17 -0.0148416 0.0244991 -0.0576308
2.18 0.00516696 -0.0190901 0.0335633
2.19 0.00776326 0.00843807 0.0148352
2.2 -0.00981066 -0.00799901 -0.0110241
2.21 0.00861526 0.00710804 0.00915851
2.22 -0.0070022 -0.00334391 -0.0211732
2.23 -7.32731e-05 0.00584418 0.000323916
2.24 -0.0028557 0.00359917 -0.0382098
2.25 0.00454109 -0.00958023 0.057673
2.26 -0.00394556 0.0107198 -0.05246
2.27 0.00463494 -0.0114286 0.045054
2.28 -0.00901843 0.0153599 -0.0543112
2.29 0.00870449 -0.0123599 0.0294394
2.3 -0.0188749 0.024386 -0.0823276
2.31 0.00981827 -0.0133674 0.0214605
2.32 -0.00982252 0.0159478 -0.0315408
2.33 0.002335 -0.00869489 -0.00642777
2.34 -0.00380783 0.0123536 -0.0119708
2.35 0.00224348 -0.0110026 0.00650171
2.36 0.00196288 0.00495542 0.0213693
2.37 -0.00419841 0.000503804 -0.0457033
2.38 -0.00431761 0.00714562 0.00313479
2.39 -0.00112743 0.00322561 -0.0504206
2.4 0.00180882 -0.00683519 0.062992
2.41 0.00112966 0.00500959 -0.0479371
2.42 -0.00213261 -0.00397208 0.0363158
2.43 -0.0034808 0.00992222 -0.0595875
2.44 0.00369917 -0.00802787 0.0434831
2.45 -0.00383297 0.00585486 -0.0263795
2.46 0.00733868 -0.0085321 0.0343362
2.47 -0.0117913 0.0143811 -0.0597809
2.48 0.00397253 -0.00629555 0.0167243
2.49 0.00264195 -5.29516e-05 0.0167505
2.5 -0.00190457 -0.00146823 -0.0106414
2.51 -0.000617778 0.00359165 0.00145498
2.52 0.00230302 -0.00396954 -0.000408967
2.53 -0.00528152 0.00669551 -0.0138218
2.54 -0.0038132 0.00616844 -0.0496686
2.55 -0.000319806 -0.00222474 0.0281404
2.56 -0.00396231 0.0105396 -0.0689111
2.57 -0.00271611 -0.00504453 0.0404546
2.58 0.00397534 0.00607733 -0.0450644
2.59 -0.00817295 -0.00106109 0.0185862
2.6 0.00362493 0.00508013 -0.0370233
2.61 -0.00300362 -0.00221744 0.0203172
2.62 -0.00340481 0.00697219 -0.0423387
2.63 -0.00160768 0.00243647 -0.00668464
2.64 -0.00332487 0.00257174 -0.0174799
2.65 0.00114202 0.000118393 0.00336721
2.66 0.00657217 -0.00945543 0.0442849
2.67 -0.00184564 0.00295744 -0.012603
2.68 0.00108634 -0.00190578 0.00860163
2.69 -0.00116557 0.00161332 -0.00809472
2.7 -0.00401389 0.00663275 -0.0335626
2.71 0.00519343 -0.0117187 0.0613955
2.72 0.00385787 0.00459284 -0.0298026
2.73 -0.00638016 -0.0047275 0.0360667
2.74 0.0145497 -0.00701792 0.0180036
2.75 -0.00347873 -0.00131625 0.0281824
2.76 0.00251383 -0.00758538 0.0136974
2.77 0.00334115 0.0121028 -0.0347389
2.78 -0.0069246 -0.0200717 0.0751891
2.79 0.0162105 0.0184927 -0.0695726
2.8 -0.0260035 -0.0105725 0.0330847
2.81 0.0242314 0.00954557 -0.031332
2.82 -0.0091873 -0.0194025 0.0851145
2.83 0.00770821 0.00858023 -0.0362943
2.84 -0.000707329 -0.00513144 0.0266412
2.85 -0.0119301 0.0126507 -0.074933
2.86 0.00870411 -0.00559504 0.0530146
2.87 -0.0026167 0.000410703 -0.0432039
2.88 -0.0117166 0.0142793 -0.0142994
2.89 0.0159642 -0.0192956 0.0254101
2.9 -0.00948265 0.0158272 0.00262377
2.91 0.00712883 -0.0226757 0.0252232
2.92 -0.00560421 0.0346109 -0.0833239
2.93 -0.0154288 -0.0216347 0.0199975
2.94 0.0171233 0.0303269 -0.0691464
2.95 -0.0206968 -0.0300629 0.0757586
2.96 0.0198064 0.0287377 -0.079798
2.97 -0.0162505 -0.0246622 0.0726373
2.98 0.0123794 0.0164604 -0.047058
2.99 0.000272504 -0.018578 0.0761747
3 0.000138961 0.0054745 -0.031137
3.01 0.012796 -0.0150777 0.103716
3.02 4.73109e-05 -0.00336208 -0.0373163
3.03 -0.0118945 0.018031 -0.0100386
3.04 0.0148813 -0.0232356 0.0126588
3.05 -0.0120256 0.024734 -0.000985592
3.06 0.0137447 -0.0365109 0.0465045
3.07 -0.00605729 0.0394094 -0.0533443
3.08 -0.00269564 -0.0419088 0.064358
3.09 0.00758024 0.0473546 -0.0961295
3.1 -0.00478955 -0.0594815 0.168145
3.11 0.0169337 0.0471067 -0.123038
3.12 -0.023772 -0.033805 0.0778587
3.13 0.0160276 0.0305188 -0.085951
3.14 -0.0107333 -0.016966 0.0441019
3.15 -0.00316248 0.0121353 -0.0478846
3.16 0.0118511 -0.00314219 0.0323167
3.17 -0.0106041 -0.0126799 0.0167471
3.18 0.0173728 0.00969879 0.0292703
3.19 -0.000515834 -0.0304202 0.0456307
3.2 -0.00630712 0.0342507 -0.0389784
3.21 0.0265447 -0.0580669 0.140328
3.22 -0.015206 0.0458199 -0.0686775
3.23 0.014165 -0.0518411 0.098078
3.24 0.00187769 0.0387549 -0.0381174
3.25 0.00254618 -0.0500745 0.10721
3.26 0.006766 0.0385335 -0.0658508
3.27 -0.00580639 -0.0342806 0.0649839
3.28 -0.00245608 0.0339856 -0.0870556
3.29 0.00833247 -0.0279295 0.0831463
3.3 -0.00629224 0.0110747 -0.0270372
3.31 0.0126354 -0.00652877 0.0340922
3.32 -0.00601398 -0.0129617 0.0348237
3.33 0.012661 0.0118748 -0.00161924
3.34 -0.00494842 -0.0260895 0.0483858
3.35 0.00183071 0.031146 -0.052845
3.36 -0.00165826 -0.0297104 0.0291278
3.37 -0.00843413 0.0395398 -0.0673336
3.38 0.0139481 -0.043545 0.0822441
3.39 -0.00445226 0.027828 -0.00323417
3.4 0.0208216 -0.0462047 0.101472
3.41 -0.0102455 0.0293433 -0.026745
3.42 0.0169059 -0.0351415 0.0705698
3.43 -0.0164893 0.0314176 -0.0698785
3.44 0.0153824 -0.0267837 0.0676541
3.45 -0.00978427 0.0151338 -0.0316401
3.46 0.0115471 -0.0112834 0.0351616
3.47 -0.01461 0.00807475 -0.0414626
3.48 0.0149759 -0.0019834 0.0325954
3.49 -0.0180708 0.00208006 -0.0544133
3.5 0.00564023 0.0155357 -0.0144811
3.51 -0.00483328 -0.016205 0.000411431
3.52 0.000635657 0.0202436 -0.00651919
3.53 0.0114593 -0.0347626 0.0695806
3.54 -0.00878643 0.0309591 -0.0450343
3.55 0.00995581 -0.0325742 0.0523689
3.56 -0.0158752 0.0401458 -0.0940555
3.57 0.0109809 -0.0325167 0.0629763
3.58 -0.0209509 0.0433899 -0.129063
3.59 0.0141757 -0.030943 0.080818
3.6 -0.0156613 0.0273215 -0.0793797
3.61 0.0132865 -0.0156195 0.0378539
3.62 -0.0226888 0.0176093 -0.0655254
3.63 0.024104 -0.00979527 0.0438738
3.64 -0.0199645 -0.00310303 0.00384568
3.65 0.0257814 -0.000586334 0.0313006
3.66 -0.0185334 -0.00828911 -0.00219739
3.67 0.0115959 0.0125344 -0.00479631
3.68 -0.00172602 -0.0184191 0.0222418
3.69 -0.00422383 0.018858 -0.0149595
3.7 0.0187805 -0.0329746 0.0805007
3.71 -0.0156805 0.0276909 -0.0525512
3.72 0.0185797 -0.0336693 0.0856417
3.73 -0.0187045 0.0380877 -0.114763
3.74 0.00832328 -0.0281778 0.0745081
3.75 -0.00716635 0.0264094 -0.0765027
3.76 0.00492583 -0.0168194 0.0385175
3.77 -0.0141801 0.0164075 -0.0456355
3.78 0.0293811 -0.0219937 0.0827735
3.79 -0.0282991 0.00888884 -0.0263619
3.8 0.0334453 -0.00962938 0.0408743
3.81 -0.0276295 0.00279699 -0.0181545
3.82 0.0199625 0.000188736 0.0155098
3.83 -0.00615741 -0.00782486 0.0109681
3.84 -0.00364123 0.0104086 -0.0134568
3.85 0.0165943 -0.0211616 0.0600241
3.86 -0.0163052 0.0205489 -0.0528631
3.87 0.0206076 -0.0322355 0.111799
3.88 -0.0174256 0.0390988 -0.150755
3.89 -0.00187836 -0.0251471 0.0876904
3.9 0.00861618 0.0213421 -0.0759494
3.91 -0.00891855 -0.0151552 0.0499857
3.92 -0.000615296 0.0111738 -0.0321395
3.93 0.0260929 -0.0231407 0.0932656
3.94 -0.0289023 0.00742988 -0.0150647
3.95 0.0322562 0.00107914 -0.0262213
3.96 -0.0386573 0.00369705 -0.000252138
3.97 0.0329877 -0.00377267 0.00464875
3.98 -0.015004 -0.0032592 0.0253932
3.99 -0.00429224 0.00904065 -0.0494439
4 0.0136721 -0.00493606 0.0253403
4.01 -0.0232793 0.00840879 -0.0417586
4.02 0.021346 -0.00537262 0.0274026
4.03 -0.0207071 0.0118826 -0.0628175
4.04 0.00918889 -0.00865093 0.0496446
4.05 -0.001116 0.00973987 -0.0573821
4.06 -0.00397615 -0.0100631 0.0590211
4.07 0.00328968 0.011012 -0.061016
4.08 0.00124998 -0.0102436 0.0516508
4.09 -0.0129561 0.0151535 -0.0693453
4.1 0.0202427 -0.0151263 0.0622324
4.11 -0.0228395 0.013766 -0.0499173
4.12 0.0176632 -0.00850564 0.0198964
4.13 -0.0129567 0.00968767 -0.0243604
4.14 0.00122868 -0.00525117 0.00210652
4.15 0.00721996 0.00558012 -0.00501671
4.16 -0.0194264 0.00236397 -0.03363
4.17 0.0211697 -0.00261302 0.0340014
4.18 -0.0199542 0.00556494 -0.0486886
4.19 0.0152035 -0.00885811 0.0653824
4.2 -0.00782027 0.0107979 -0.0749511
4.21 0.00261081 -0.0144455 0.0922604
4.22 0.0049607 0.0106862 -0.070589
4.23 -0.0014807 -0.0156851 0.0912629
4.24 -0.00060773 0.013818 -0.0758788
4.25 0.0103534 -0.0200038 0.101017
4.26 -0.0043198 0.00578433 -0.0236642
4.27 0.0137091 -0.0144316 0.0627538
4.28 -0.00412418 0.00183979 0.00402748
4.29 0.00891813 -0.0127223 0.0495639
4.3 0.000359903 0.00945036 -0.0342506
4.31 -0.0183803 0.00410123 -0.0312174
4.32 0.0252378 -0.00671411 0.0417026
4.33 -0.0242337 0.00517938 -0.0322328
4.34 0.0212864 -0.0067434 0.0389628
4.35 -0.0176222 0.011338 -0.0611465
4.36 0.0118873 -0.0150756 0.0790167
4.37 -0.00235553 0.0127562 -0.0658343
4.38 -0.00155263 -0.0139296 0.0691377
4.39 0.00172781 0.0149246 -0.0702895
4.4 0.0022918 -0.0174533 0.0786477
4.41 -0.00432163 0.0157011 -0.0658688
4.42 0.00841185 -0.0177877 0.0740426
4.43 -0.00947293 0.0196693 -0.0839957
4.44 0.00238588 -0.0156066 0.0674478
4.45 0.00586395 0.0134651 -0.0638778
4.46 -0.0199465 -0.0036823 0.023866
4.47 0.02999 -0.00509789 0.0108027
4.48 -0.0320861 0.0107923 -0.0312136
4.49 0.0289867 -0.0173455 0.0580447
4.5 -0.0232852 0.0263587 -0.0997552
4.51 0.00882577 -0.025751 0.0950435
4.52 -3.14485e-05 0.0294765 -0.113436
4.53 -0.00595041 -0.0297978 0.115159
4.54 0.00528294 0.0302979 -0.118188
4.55 -0.00781808 -0.0181113 0.0572717
4.56 0.000452859 0.0123282 -0.0283624
4.57 0.0197061 -0.0225343 0.0812479
4.58 -0.0226319 0.0163554 -0.0548849
4.59 0.0135018 -0.00356606 -0.000978123
4.6 -0.00652913 0.00167532 -0.000943841
4.61 -0.00387942 -0.000712912 0.00947751
4.62 0.0224309 -0.0100035 0.030662
4.63 -0.0337494 0.01594 -0.0482497
4.64 0.0330337 -0.0141408 0.0295854
4.65 -0.0327994 0.0213304 -0.0593017
4.66 0.0237103 -0.0232178 0.0651285
4.67 -0.00669497 0.0162164 -0.0277115
4.68 0.00472421 -0.0256315 0.0735273
4.69 -0.00402974 0.0313582 -0.101357
4.7 -0.0078695 -0.0154775 0.0204887
4.71 0.0035434 0.0130077 -0.00656437
4.72 0.0165574 -0.0272366 0.0773705
4.73 -0.0232568 0.0269592 -0.0783948
4.74 0.019866 -0.0210511 0.0560487
4.75 -0.0089669 0.0127211 -0.026027
4.76 -0.00625822 -0.00259119 -0.0103026
4.77 0.00853359 0.00995973 -0.0433024
4.78 -0.0260045 0.0056609 -0.0185857
4.79 0.0283372 -0.00761165 0.0124311
4.8 -0.0302013 0.0168388 -0.045198
4.81 0.0195156 -0.0156948 0.0278727
4.82 -0.014483 0.0246598 -0.0634778
4.83 0.00225801 -0.0224355 0.0438702
4.84 -0.00332897 0.0328763 -0.0893033
4.85 0.00236915 -0.0348187 0.0935374
4.86 -0.00294541 0.0334166 -0.0832384
4.87 0.0075527 -0.0333803 0.0826795
4.88 -0.0143104 0.0352196 -0.0954336
4.89 0.00500639 -0.016593 0.00866854
4.9 -0.010697 0.0190662 -0.0314925
4.91 0.00559922 -0.00941738 -0.00418075
4.92 -0.00136282 0.00304405 0.0212323
4.93 0.000385808 -0.00266988 -0.00653101
4.94 0.00754777 -0.00590059 0.0322948
4.95 -0.0106399 0.00845017 -0.027612
4.96 0.0122671 -0.0103253 0.0200608
4.97 -0.017275 0.0186391 -0.0461931
4.98 0.0122619 -0.0157461 0.0173787
4.99 -0.0148086 0.0242594 -0.0480462
5 0.0103441 -0.0242133 0.0377501
5.01 -0.00750466 0.0258818 -0.0384897
5.02 0.00577374 -0.0274609 0.0411815
5.03 -0.00792971 0.0326434 -0.0650237
5.04 0.00415943 -0.0287744 0.0466244
5.05 -0.00257995 0.0263599 -0.0389529
5.06 0.00379765 -0.0263817 0.046933
5.07 -0.00299441 0.0232719 -0.042652
5.08 0.00228579 -0.0204729 0.0435103
5.09 0.00340472 0.0110119 -0.0137062
5.1 -0.00583783 -0.00481213 0.00223205
5.11 0.00425489 0.00267638 -0.0123985
5.12 -0.0048078 0.0028717 0.00612909
5.13 0.0104767 -0.0160372 0.0388556
5.14 -0.00934004 0.021838 -0.0484357
5.15 0.00403352 -0.0229911 0.0370096
5.16 -0.000133295 0.0247858 -0.0311417
5.17 0.00471293 -0.0357336 0.0743086
5.18 -0.00151696 0.0345879 -0.0601539
5.19 0.00560408 -0.0416986 0.0922055
5.2 -0.000179927 0.034929 -0.0589806
5.21 0.00217049 -0.0363899 0.0719666
5.22 0.00166723 0.028287 -0.0408904
5.23 0.00272762 -0.0295355 0.060971
5.24 0.00799199 0.0087684 0.0272816
5.25 0.00854722 -0.0227637 0.0622831
5.26 -0.00970959 0.0184597 -0.0628079
5.27 -0.00627143 0.0064986 -0.0385224
5.28 -0.00203591 0.000629795 -0.0225535
5.29 -0.00798764 0.0173192 -0.0438207
5.3 -0.00117146 -0.0106644 -0.0124965
5.31 -0.0127926 0.0360046 -0.0956284
5.32 0.00870565 -0.0404237 0.10317
5.33 0.00294005 0.0363914 -0.0736525
5.34 -0.00390772 -0.0446545 0.111211
5.35 0.0122033 0.0387397 -0.0817139
5.36 -0.0147332 -0.033547 0.0594024
5.37 0.00659604 0.0353425 -0.0753926
5.38 -0.00205059 -0.0276309 0.0466089
5.39 -0.00764089 0.0253384 -0.0486657
5.4 0.0146745 -0.0219959 0.0493131
5.41 -0.0118538 0.0104293 -0.0120995
5.42 0.00659535 9.53877e-05 -0.0176954
5.43 -0.00137212 -0.00838053 0.0359788
5.44 -0.00109171 0.0127274 -0.035707
5.45 0.00193723 -0.0156634 0.0305309
5.46 -0.0056865 0.0239377 -0.0553577
5.47 0.00827623 -0.0332666 0.0898353
5.48 -0.00153524 0.0325979 -0.0788865
5.49 -0.00418833 -0.0332422 0.0791929
5.5 0.0104594 0.0300041 -0.0635157
5.51 -0.00836425 -0.0327511 0.0810029
5.52 0.00344822 0.034559 -0.0968644
5.53 -0.00281887 -0.0273587 0.0704858
5.54 0.00077204 0.0195797 -0.0437705
5.55 0.00822717 -0.0203853 0.0626512
5.56 -0.00121306 0.000757334 0.0201415
5.57 0.00956778 -0.00279482 0.00683427
5.58 -0.0156653 0.00547023 -0.0376648
5.59 0.000312533 0.0163538 -0.0551683
5.6 -0.00247453 -0.0135316 0.0253513
5.61 -0.00622506 0.0255679 -0.0737258
5.62 0.0050624 -0.0263658 0.069499
5.63 -0.0077305 0.034654 -0.108015
5.64 0.00817465 -0.042615 0.150626
5.65 0.00931572 0.0269606 -0.0790492
5.66 -0.0156872 -0.0208749 0.0582056
5.67 0.00823008 0.0255517 -0.0926365
5.68 -0.00298546 -0.0214556 0.0839126
5.69 -0.00110121 0.0124598 -0.0515158
5.7 0.00453649 -0.00124792 0.00812478
5.71 -0.0112106 -0.004718 0.0094078
5.72 0.0220441 0.00053692 0.0239834
5.73 -0.0170104 -0.00993279 0.0110706
5.74 0.0093011 0.0162789 -0.0315475
5.75 0.00383467 -0.0269421 0.0766387
5.76 -0.00749868 0.0260629 -0.0679375
5.77 0.0122137 -0.0298546 0.0880799
5.78 -0.00828443 0.0258312 -0.0739027
5.79 -0.00105906 -0.0159308 0.0337209
5.8 -0.00110089 0.019772 -0.0649708
5.81 -0.00119563 -0.01505 0.0542159
5.82 0.00281559 0.0076693 -0.0302571
5.83 0.00454215 -0.0088629 0.0490513
5.84 -0.00546816 -0.000124034 -0.0156019
5.85 0.0148809 -0.00282971 0.0416286
5.86 -0.0238475 0.0097001 -0.0877589
5.87 0.0105995 0.00683446 0.016273
5.88 -0.00295261 -0.0127765 0.00299204
5.89 -0.000233879 0.012579 0.00598099
5.9 0.00981639 -0.0227806 0.0412723
5.91 -0.00908249 0.0229347 -0.0423924
5.92 0.00417362 -0.020414 0.0343433
5.93 -0.000533276 0.019853 -0.0393788
5.94 0.000756248 -0.022583 0.0633824
5.95 0.00302245 0.0166273 -0.0450862
5.96 0.000272325 -0.0156543 0.0525834
5.97 -0.00629613 0.0147283 -0.0605965
5.98 0.00540638 -0.00243012 0.0109351
5.99 -0.0144259 0.00262928 -0.0234702
6 0.023146 -0.00519991 0.0475643
6.01 -0.0223334 0.00102711 -0.0379384
6.02 0.0175338 0.00209924 0.03373
6.03 -0.0061061 -0.00988076 -0.00502578
6.04 0.00029745 0.00931839 0.0162345
6.05 0.00796493 -0.0138778 0.00147886
6.06 -0.00864662 0.0119114 0.0103792
6.07 0.0127709 -0.0185407 0.0246351
6.08 -0.00946598 0.0188922 -0.0313629
6.09 0.007022 -0.0222071 0.0560476
6.1 0.00175169 0.0158969 -0.0339727
6.11 -0.00521773 -0.011798 0.0231677
6.12 0.0055013 0.0047984 0.00382721
6.13 0.010947 -0.0143962 0.0514152
6.14 -0.0167525 0.00886043 -0.0298541
6.15 0.024025 -0.0083144 0.0339196
6.16 -0.0231626 0.0025055 -0.0119871
6.17 0.0274853 -0.0106878 0.0617009
6.18 -0.0138548 0.00188522 -0.0267288
6.19 0.00101532 0.00286624 0.0119958
6.2 0.00145894 0.00535866 -0.0616802
6.21 -0.0162683 0.0063924 0.00890787
6.22 0.0166912 -0.00540177 -0.0180455
6.23 -0.0195482 0.0147397 -0.027939
6.24 0.00411345 -0.00435926 -0.0235203
6.25 -0.00690182 0.0186091 -0.0503632
6.26 -0.00295077 -0.0134546 0.0265936
6.27 0.00895971 0.00710311 0.0042697
6.28 0.00179309 -0.0153244 0.0366144
6.29 -0.00803043 0.0125271 -0.0207749
6.3 0.0198739 -0.0163183 0.03831
6.31 -0.0265115 0.0169629 -0.0414099
6.32 0.0290321 -0.019429 0.0563843
6.33 -0.0163235 0.00907738 -0.00921432
6.34 0.014812 -0.0187341 0.0651084
6.35 -0.00193229 0.016003 -0.0603726
6.36 -0.0123737 -0.00984686 0.0393696
6.37 0.0171271 0.0105887 -0.0530364
6.38 -0.0190421 -0.00766342 0.047699
6.39 0.0196875 -0.000903431 -0.0131976
6.4 -0.0169143 0.0111434 -0.0309707
6.41 0.00478466 -0.0119127 0.0284446
6.42 0.00509495 0.013243 -0.0287299
6.43 -0.00604212 -0.0197293 0.0541795
6.44 0.00574301 0.0196682 -0.0456752
6.45 0.000698921 -0.0203091 0.0401614
6.46 -0.00693449 0.0158052 -0.0085826
6.47 0.0257938 -0.0282745 0.0642104
6.48 -0.0319728 0.0306709 -0.0730467
6.49 0.0240316 -0.0239472 0.0410402
6.5 -0.0213338 0.0329033 -0.0934292
6.51 -0.00829209 -0.010217 -0.0102389
6.52 0.0108773 0.0207104 -0.0551321
6.53 -0.0262342 -0.00698297 -0.00173303
6.54 0.0257969 0.00407309 0.00507496
6.55 -0.0183844 -0.000964876 -0.0108292
6.56 0.00972868 -0.00597268 0.0366951
6.57 0.00689902 0.00187605 -0.00630506
6.58 -0.00834506 -0.0117714 0.0447949
6.59 0.0153407 0.00478476 0.00447434
6.6 -0.00624376 -0.0088463 -0.000757948
6.61 -0.00629456 0.0104454 0.011372
6.62 0.032812 -0.0313399 0.0766733
6.63 -0.0321769 0.0248078 -0.0306892
6.64 0.0300755 -0.0275163 0.0369162
6.65 -0.0182445 0.0269064 -0.0316766
6.66 0.00343061 -0.0275083 0.0370336
6.67 0.0104157 0.0286943 -0.0486804
6.68 -0.0224884 -0.0259083 0.0424466
6.69 0.0290298 0.0198387 -0.0205674
6.7 -0.0217566 -0.0206166 0.0337519
6.71 0.0129501 0.0151273 -0.0164013
6.72 -0.00439322 -0.00577552 -0.0187527
6.73 -0.00945768 0.00540861 0.00616624
6.74 0.0207823 -0.00988094 0.0347645
6.75 -0.0116671 -0.00148135 -0.000269139
6.76 -0.00320303 0.0122363 -0.0284937
6.77 0.0131267 -0.0140383 0.0120356
6.78 -0.0235857 0.0196038 -0.0166831
6.79 0.0311835 -0.0292414 0.0461532
6.8 -0.026307 0.0327089 -0.0504676
6.81 0.012338 -0.0325216 0.0425097
6.82 0.00266911 0.0339204 -0.0477024
6.83 -0.0126707 -0.0390888 0.0761061
6.84 0.0242894 0.0343126 -0.0575912
6.85 -0.0236934 -0.0348321 0.0683366
6.86 0.0170727 0.0329565 -0.069565
6.87 -0.00983588 -0.0247171 0.0416493
6.88 -0.00423824 0.0232118 -0.0513043
6.89 0.00607482 -0.00790836 -0.00496331
6.9 -0.0106807 0.00149994 0.0132508
6.91 0.00634797 0.0106074 -0.0484846
6.92 -0.00971232 -0.00633011 1.8583e-05
6.93 -0.00924425 0.0276867 -0.0816437
6.94 0.0150509 -0.0326757 0.0841516
6.95 -0.0127746 0.0309662 -0.0580853
6.96 0.0111187 -0.0339898 0.0613654
6.97 -0.00669515 0.0361481 -0.0657533
6.98 0.00222886 -0.0393494 0.0808933
6.99 0.00501736 0.037608 -0.076221
7 -0.0116399 -0.0325213 0.0588478
7.01 0.00674026 0.0371409 -0.0941341
7.02 -0.0130048 -0.0212563 0.0289458
7.03 0.00721171 0.0156879 -0.0176838
7.04 -0.00310941 -0.003833 -0.0245195
7.05 -0.0102426 0.00387781 0.00594116
7.06 0.0138829 0.00495887 -0.0312105
7.07 -0.0111465 -0.0162291 0.068393
7.08 0.0167352 0.00972015 -0.0160083
7.09 0.0015194 -0.0293529 0.0969012
7.1 -0.00791931 0.0322949 -0.0971695
7.11 0.00643868 -0.0266683 0.0590426
7.12 -0.0140682 0.0361134 -0.102222
7.13 0.00851941 -0.031745 0.0812318
7.14 0.000552425 0.0242692 -0.0491821
7.15 -0.00759053 -0.0171681 0.0216285
7.16 0.00605624 0.0166118 -0.0282724
7.17 0.00526444 -0.0253658 0.0834242
7.18 0.00148635 0.00833631 -0.0101036
7.19 0.00160953 -0.00247273 -0.00635955
7.2 -0.000867838 -0.0102725 0.0586122
7.21 0.00775707 0.0134261 -0.0643771
7.22 -0.0179929 -0.00941549 0.0355175
7.23 0.0163618 0.0152411 -0.0571162
7.24 -0.0167768 -0.0114646 0.0308058
7.25 0.00859614 0.0130286 -0.032126
7.26 0.00501308 -0.0191552 0.0581372
7.27 -0.0147294 0.0224467 -0.0731964
7.28 0.0205407 -0.0268618 0.098745
7.29 -0.0121656 0.019432 -0.0693848
7.3 0.00206845 -0.0133522 0.0501109
7.31 0.00477776 0.0106017 -0.0488536
7.32 -0.0137981 0.00025572 0.00582573
7.33 0.00401414 0.00687481 -0.0517494
7.34 -0.00542998 0.00668609 -0.0089193
7.35 -0.00640379 -0.00630419 0.00147771
7.36 0.0138084 0.0116151 -0.0247471
7.37 -0.0228853 -0.01018 0.0150752
7.38 0.0234204 0.0123335 -0.0239124
7.39 -0.0171054 -0.0153982 0.0377377
7.4 0.0030253 0.0236333 -0.0792969
7.41 0.00398334 -0.0218792 0.0735637
7.42 -0.010284 0.0220004 -0.0812299
7.43 0.0128083 -0.0219424 0.0921612
7.44 -0.00786117 0.0167804 -0.0810442
7.45 0.00394024 -0.0157592 0.0934578
7.46 0.00860067 0.00242819 -0.0444283
7.47 -0.0102906 0.00141525 0.0417497
7.48 0.0102895 -0.00982756 -0.0128114
7.49 -0.00176636 0.0128996 0.00696262
7.5 -0.00861536 -0.0160273 0.00280868
7.51 0.0191349 0.0166556 -0.00269205
7.52 -0.0233073 -0.0191243 0.0136943
7.53 0.0195146 0.0238581 -0.0377824
7.54 -0.0157063 -0.021048 0.0256903
7.55 0.00237356 0.0260909 -0.0557977
7.56 0.00285324 -0.019504 0.0304007
7.57 -0.0152112 0.0253326 -0.0715529
7.58 0.0186458 -0.0257828 0.0902208
7.59 -0.0137433 0.0225033 -0.0947531
7.6 -0.00106604 -0.010083 0.0559973
7.61 0.0127439 -0.000175074 -0.0279212
7.62 -0.00606753 -0.00839 0.0929188
7.63 0.00876644 -0.0010334 -0.0648733
7.64 -0.0144254 0.0207238 -0.018718
7.65 -2.8139e-05 -0.0195035 0.00185081
7.66 0.0137162 0.0199442 0.00233131
7.67 -0.0246949 -0.01806 -0.0158478
7.68 0.0194175 0.0281805 -0.0328638
7.69 -0.0141888 -0.0291528 0.0375258
7.7 0.00639391 0.0268165 -0.02818
7.71 0.00271086 -0.0226976 0.012675
7.72 -0.0244236 0.0373158 -0.095959
7.73 0.0217947 -0.0269737 0.058802
7.74 -0.0146831 0.0181338 -0.0338965
7.75 0.0156717 -0.0254256 0.0937357
7.76 -0.000935571 0.0146008 -0.064271
7.77 -0.0108245 -0.00538123 0.0427459
7.78 0.0102652 0.00617985 -0.0696403
7.79 -0.0112932 0.00224543 0.0469888
7.8 0.0129783 -0.0185697 0.0197119
7.81 0.00673342 0.0106124 0.0318715
7.82 -0.0115512 -0.0204894 0.00960361
7.83 0.00883342 0.0349252 -0.0770311
7.84 -0.0207091 -0.0222183 0.0101556
7.85 0.0106715 0.0287718 -0.0422642
7.86 -0.000222119 -0.028039 0.0394263
7.87 -0.0119291 0.0262344 -0.033805
7.88 0.0247612 -0.0271836 0.0455082
7.89 -0.0287958 0.0227369 -0.0339396
7.9 0.0282947 -0.0204553 0.0370718
7.91 -0.0248133 0.0221421 -0.0634962
7.92 0.011293 -0.0158164 0.0516815
7.93 0.000991187 0.0115115 -0.0504297
7.94 -0.0114974 -0.00483922 0.0355489
7.95 0.0179409 -0.00493588 -0.00147348
7.96 -0.0162831 0.0137278 -0.0325599
7.97 -0.00458818 -0.00288762 -0.0284375
7.98 0.0153266 0.00336989 0.0309455
7.99 -0.0159315 -0.00917825 -0.00717109
8 0.010675 0.0128889 -0.00512065
8.01 0.00637527 -0.0247244 0.0586608
8.02 -0.0146963 0.0221258 -0.0410789
8.03 0.0244744 -0.0226864 0.0420233
8.04 -0.0333139 0.0269026 -0.0646865
8.05 0.0293504 -0.0210616 0.0400649
8.06 -0.0242065 0.0195366 -0.0398963
8.07 0.0205119 -0.0237394 0.0705414
8.08 -0.00538072 0.0134242 -0.028708
8.09 -0.00128369 -0.0107182 0.0243911
8.1 0.00425532 0.00676368 -0.0116726
8.11 -0.00367315 -0.00130412 -0.0111524
8.12 -0.00427189 0.00177634 0.00613064
8.13 0.0101456 -2.31422e-05 -0.0132268
8.14 -0.0170339 0.00492081 -0.0140929
8.15 0.00818012 0.00312093 -0.0220636
8.16 -0.000894086 -0.00202804 0.0103472
8.17 -0.0143595 0.00769838 -0.0318098
8.18 0.0273824 -0.0114778 0.0440587
8.19 -0.0284854 0.00416204 -0.00124747
8.2 0.037652 -0.0142078 0.0472892
8.21 -0.0330924 0.0138046 -0.0422411
8.22 0.0196462 -0.00699754 0.0057699
8.23 -0.00573429 -0.000589602 0.0359826
8.24 0.00786861 -0.0090094 0.00646632
8.25 -0.0113274 0.0166284 -0.0373474
8.26 0.0103816 -0.0165536 0.0293371
8.27 -0.00600962 0.0108249 0.00679855
8.28 0.0195894 -0.0299944 0.0845862
8.29 -0.00315617 0.0125436 0.00584174
8.3 -0.00537377 -0.00656811 -0.0362246
8.31 0.00235735 0.0153535 -0.00951244
8.32 -0.00984933 -0.0100775 -0.0134533
8.33 0.0161403 0.00534267 0.0315403
8.34 -0.0108068 -0.0147863 0.0243273
8.35 0.0204379 0.00354132 0.0215411
8.36 -0.0184318 -0.00619342 0.0051389
8.37 0.0231341 -0.00213684 0.0218322
8.38 -0.0224605 0.00599942 -0.0252377
8.39 0.0213635 -0.012115 0.0399234
8.4 -0.0155752 0.0139794 -0.0336162
8.41 0.00732232 -0.0124534 0.0106155
8.42 -0.0116282 0.0263109 -0.0662887
8.43 0.00318164 -0.022003 0.0322875
8.44 -0.00317695 0.0271329 -0.0485852
8.45 -0.00497967 -0.0189528 0.000355424
8.46 0.00349385 0.0205716 -0.00418804
8.47 -0.00280358 -0.0190657 -0.00481573
8.48 0.00417288 0.0140613 0.028196
8.49 -0.00207548 -0.014003 -0.0231798
8.5 0.00335345 0.0109436 0.0297189
8.51 -0.00257813 -0.0128365 -0.00746773
8.52 0.00419741 0.0141637 -0.0159557
8.53 -0.0233025 0.00773026 -0.0753504
8.54 0.0164292 0.00118677 0.0106239
8.55 -0.0203289 0.00858499 -0.0406529
8.56 0.0163824 -0.0122702 0.0410928
8.57 -0.00642976 0.0106692 -0.0163199
8.58 0.00460992 -0.0199581 0.0480784
8.59 -0.000656972 0.0250982 -0.0612049
8.6 -0.00379482 -0.0270831 0.0614584
8.61 0.0168608 0.0124916 0.0196678
8.62 -0.00626643 -0.0226765 0.0260283
8.63 0.00086704 0.0219935 -0.0196484
8.64 0.00146294 -0.0164111 -0.00770674
8.65 -0.00428224 0.0125582 0.0225678
8.66 0.00712868 -0.0114471 -0.019863
8.67 -0.00452606 0.0066076 0.0324896
8.68 0.000926842 -0.00317711 -0.0352863
8.69 0.00814075 -0.00716757 0.0718436
8.7 -0.0116625 0.0129162 -0.086054
8.71 0.00913826 -0.0149046 0.0835147
8.72 -0.00112029 0.0126528 -0.0619325
8.73 -0.00815712 -0.00850981 0.0323052
8.74 0.00847405 0.013184 -0.0480764
8.75 -0.0120703 -0.00914075 0.0206156
8.76 0.014185 0.00164552 0.0240254
8.77 -0.00201368 -0.00862671 0.00474975
8.78 -0.00638629 0.0100383 -0.00713735
8.79 0.0130375 -0.0125893 0.0185361
8.8 -0.0132218 0.0122632 -0.0194756
8.81 0.00221663 -0.00165786 -0.0281201
8.82 0.00115842 0.00227963 0.017277
8.83 -0.00465649 -0.00106352 -0.0150822
8.84 0.0114487 -0.0087714 0.0570428
8.85 -0.00916899 0.0129187 -0.0725011
8.86 0.0012883 -0.0153997 0.0824995
8.87 0.0143427 0.00944272 -0.0520931
8.88 -0.0228914 -0.00933718 0.0519465
8.89 0.0308763 0.00202183 -0.0146712
8.9 -0.0149542 -0.0181053 0.0951125
8.91 0.0160198 0.00630158 -0.0355392
8.92 -0.00227941 -0.011903 0.0654687
8.93 0.000571647 0.00255289 -0.0219964
8.94 0.0033489 0.000919185 0.0101837
8.95 -0.006393 -0.00155932 -0.0143468
8.96 0.000420595 0.0105077 -0.0224423
8.97 -0.00302594 -0.00592828 -0.00919825
8.98 -0.00540484 0.0157647 -0.032807
8.99 0.0102046 -0.0238436 0.0686278
9 -0.00722333 0.0270275 -0.0841534
9.01 -0.00220566 -0.0263061 0.0847658
9.02 0.0178955 0.0179301 -0.0503481
9.03 -0.0258452 -0.0153649 0.0470307
9.04 0.0246587 0.0177961 -0.0698194
9.05 -0.0248917 -0.0111786 0.0476653
9.06 0.0151064 0.0124511 -0.0662773
9.07 -0.00802183 -0.0082568 0.0588196
9.08 0.00264711 0.00333171 -0.0496002
9.09 -0.000662655 0.0024422 0.0378094
9.1 0.00830868 -0.0177188 0.02161
9.11 -0.00376312 0.0150176 0.00857886
9.12 0.00675312 -0.0211643 0.00785851
9.13 -0.0108095 0.0291416 -0.0366369
9.14 0.0109456 -0.0343958 0.0563192
9.15 -0.00873558 0.0399541 -0.0833508
9.16 -0.0094659 -0.0255155 0.0146351
9.17 0.00394045 0.040819 -0.100499
9.18 -0.0103183 -0.0381262 0.100305
9.19 0.0201876 0.0270022 -0.0617685
9.2 -0.018115 -0.0259823 0.0771052
9.21 0.0175155 0.0175903 -0.0573486
9.22 -0.0138521 -0.00929429 0.0395598
9.23 0.0101187 -0.00091422 -0.0127591
9.24 -0.000986833 0.00305658 0.0269587
9.25 0.00017618 -0.0124114 -0.00481636
9.26 -0.00249604 0.0212224 -0.0154251
9.27 0.00964154 -0.0332092 0.0543701
9.28 -0.00628812 0.0296309 -0.0187287
9.29 0.0118475 -0.0371251 0.0436709
9.3 -0.011281 0.0370087 -0.0355406
9.31 0.0170787 -0.0474539 0.0871396
9.32 -0.00464153 0.0359014 -0.0342147
9.33 -0.00273267 -0.0303364 0.0165434
9.34 0.00235731 0.0320228 -0.0391774
9.35 0.00250356 -0.0373345 0.0840756
9.36 0.00251845 0.0283896 -0.06117
9.37 -0.00625317 -0.0194614 0.0414611
9.38 0.0042241 0.0161407 -0.0519783
9.39 -0.0113504 0.00147024 -0.00912558
9.4 0.00406447 -0.00184819 -0.0160213
9.41 -0.00366876 0.0113836 -0.00637369
9.42 -0.00223633 -0.0113105 -0.0183866
9.43 -0.00231247 0.0213313 -0.0094946
9.44 0.00606327 -0.0269857 0.0179704
9.45 -0.012577 0.0347298 -0.0410034
9.46 0.0146534 -0.0368037 0.0405184
9.47 -0.0200669 0.0450706 -0.0773984
9.48 0.00948034 -0.0336852 0.0210436
9.49 -0.0128173 0.0406943 -0.0627624
9.5 0.00339279 -0.029225 0.0154409
9.51 -0.0106067 0.0375331 -0.0716946
9.52 0.00672735 -0.0294705 0.048865
9.53 -0.00659607 0.0249676 -0.0470247
9.54 0.00289129 -0.0140618 0.0146628
9.55 -0.00987481 0.0165519 -0.0511366
9.56 0.00688982 -0.00687128 0.0271979
9.57 -0.00333872 -0.00201786 -0.00747007
9.58 0.00199263 0.00664307 0.00840078
9.59 0.00327633 -0.0153593 0.0131051
9.6 -0.0097174 0.02561 -0.0454377
9.61 0.00849496 -0.0263567 0.0338273
9.62 -0.00779611 0.0275364 -0.028396
9.63 0.00819334 -0.0286183 0.0260293
9.64 -0.00885737 0.0276828 -0.0166257
9.65 0.0167249 -0.0344394 0.0493433
9.66 -0.0174997 0.0313781 -0.03618
9.67 0.0281487 -0.0430234 0.101772
9.68 -0.0183086 0.0301695 -0.0483721
9.69 0.0163964 -0.0289552 0.0573565
9.7 -0.0181381 0.0328534 -0.0951635
9.71 0.0108502 -0.0247856 0.0753409
9.72 -0.000912961 0.0110225 -0.0279876
9.73 0.00786926 -0.0163851 0.077289
9.74 0.00638363 -0.00972902 0.0333642
9.75 0.00123843 0.0104706 -0.0184699
9.76 -0.0040966 -0.0187861 0.0447889
9.77 0.00870641 0.0223897 -0.0498581
9.78 -0.00643801 -0.0300595 0.077878
9.79 0.00839964 0.0253334 -0.045397
9.8 0.0049443 -0.0342805 0.084061
9.81 -0.00860328 0.0259749 -0.0380368
9.82 0.0255434 -0.0342817 0.0789377
9.83 -0.0362936 0.0383793 -0.103106
9.84 0.0346217 -0.0332802 0.0862712
9.85 -0.0276081 0.0276003 -0.0711131
9.86 0.0171349 -0.0203869 0.0510032
9.87 -0.0146709 0.0234645 -0.0842623
9.88 0.000670362 -0.00779608 0.0228549
9.89 0.00259747 -0.000385458 0.00279356
9.9 -0.0023326 0.011677 -0.0477995
9.91 -0.00571204 -0.0182846 0.0733275
9.92 0.0247812 0.00981413 -0.0254781
9.93 -0.0228069 -0.0221474 0.083577
9.94 0.0274448 0.0149678 -0.0430151
9.95 -0.0188748 -0.0132293 0.028861
9.96 -0.00354097 0.0209994 -0.0620591
9.97 0.0281574 -0.0310473 0.108705
9.98 -0.0336222 0.022587 -0.065952
9.99 0.0344921 -0.0176254 0.0448339
10 -0.0337365 0.0198443 -0.0631837
