0.01 -0.00120439 0.00110651 -0.00289047
0.02 -0.00310608 0.00237494 -0.00610924
0.03 0.00136184 -0.00158169 0.00417211
0.04 -0.00215021 0.00353439 -0.00951067
0.05 -0.00840658 0.00416004 -0.010118
0.06 0.00386807 -0.00146907 0.00312813
0.07 -0.00037676 0.000995825 -0.00208991
0.08 -0.00238993 -0.00117423 0.00279852
0.09 -0.00102981 0.00600472 -0.0156328
0.1 -0.0130171 0.00480847 -0.012066
0.11 0.00448068 -0.000213763 0.000219756
0.12 0.00476537 -0.00367366 0.00967875
0.13 -0.00469326 0.00108433 -0.00301039
0.14 0.00169196 0.00243988 -0.00592568
0.15 -0.00295896 -0.00146356 0.0031936
0.16 0.00561138 -0.00198308 0.00601884
0.17 0.000496054 -0.000432608 -0.000194667
0.18 -0.00654247 0.003191 -0.00659457
0.19 0.00570434 -0.00224782 0.00409142
0.2 -0.00278488 0.00145817 -0.00225887
0.21 0.00209313 -0.00361671 0.00826549
0.22 0.00759769 -0.00180561 0.00530002
0.23 -0.00217221 -0.00346269 0.00869015
0.24 0.00289863 0.00240131 -0.00626811
0.25 -0.00399548 0.000154794 -5.64757e-05
0.26 0.00139313 -0.00084115 0.0016525
0.27 0.0075688 -0.0039229 0.0109003
0.28 -0.00504987 0.00127794 -0.00453836
0.29 0.00290032 -0.000783304 0.00396807
0.3 0.00540421 -0.00434073 0.00859709
0.31 -0.0015517 0.000533161 0.00174748
0.32 0.00517529 -0.00399208 0.00694344
0.33 -0.00442404 0.00540912 -0.0106714
0.34 -0.00511293 -0.00026058 -0.00236802
0.35 0.0139379 -0.00655177 0.0199527
0.36 0.000504628 -0.00252672 0.00319181
0.37 -0.00722661 0.00517949 -0.00975331
0.38 -0.00281434 0.00469917 -0.0159532
0.39 -0.00768527 0.00293557 -0.00369753
0.4 0.00657313 -0.00313128 0.00432497
0.41 -0.00228447 0.00278508 -0.00384896
0.42 0.000723969 -0.0055974 0.0117771
0.43 0.00567155 0.00408959 -0.00867412
0.44 -0.00974466 -0.00228495 0.00475399
0.45 0.00402505 0.00564421 -0.0140843
0.46 -0.00317029 -0.00317435 0.00832815
0.47 -0.000988375 0.00257784 -0.00748243
0.48 0.00384196 -0.00133096 0.00507599
0.49 0.000105888 -0.00455961 0.00929515
0.5 0.00692413 0.000389413 0.00236005
0.51 -0.00492982 -0.00155016 -0.000320086
0.52 0.00693201 -0.0028534 0.0128873
0.53 -0.000826662 0.00252268 -0.0134607
0.54 -0.0115613 0.0034637 -0.000608294
0.55 0.0144343 -0.00538486 0.00461005
0.56 -0.00403946 0.000483714 0.00853747
0.57 0.00345254 -0.00563837 0.00464451
0.58 -0.000164975 0.0094147 -0.0145729
0.59 -0.00871535 -0.00776077 0.0107139
0.6 0.0154672 0.00426449 -0.00205191
0.61 -0.0088375 -0.00688779 0.00902055
0.62 0.00193326 0.00656563 -0.00832689
0.63 0.00487054 -0.00559677 0.00615849
0.64 -0.00804854 0.00334184 -0.00100627
0.65 0.00771942 -0.00103185 -0.00393299
0.66 -0.00898825 0.00316087 -0.00296011
0.67 0.00213958 -0.00131806 -0.000121256
0.68 0.0015357 0.0030427 -0.00619057
0.69 -0.00322314 -0.00596459 0.0157035
0.7 0.0170104 -0.00345606 0.00685276
0.71 -0.0140328 0.00415876 -0.00738787
0.72 -0.00204868 0.00226771 -0.0101081
0.73 0.011422 -0.00406148 0.0157675
0.74 -0.00634302 -0.00264476 0.000181653
0.75 0.00848807 0.000275866 0.00763995
0.76 0.00669252 -0.0103628 0.0167718
0.77 0.00177335 0.0014591 0.00771055
0.78 0.0027896 -0.00336328 -0.00406407
0.79 -0.00603128 0.00507935 0.000700476
0.8 0.00441339 -0.00451823 -0.00290661
0.81 -0.00241025 0.0050328 0.00202168
0.82 -0.00380501 -0.00235527 -0.00922495
0.83 0.00149575 0.00576722 0.000601726
0.84 -0.0020246 -0.00598924 -0.000109107
0.85 0.00290208 0.0050344 0.00251118
0.86 0.00515016 -0.011136 0.0136309
0.87 0.0030855 0.00441757 0.00302073
0.88 -0.000626284 -0.00611482 0.00235368
0.89 -0.00217202 0.00804267 -0.00860108
0.9 0.00030039 -0.0066647 0.00666162
0.91 -0.00251138 0.00919865 -0.0152457
0.92 -0.0028539 -0.00590151 0.00911544
0.93 0.00565083 0.00387598 -0.0064656
0.94 -0.00886299 0.000515936 -0.00236863
0.95 -0.00374569 0.00651664 -0.0183318
0.96 0.00314543 -0.00353057 0.0133495
0.97 -0.000502495 0.000125437 -0.00752107
0.98 -0.00252474 0.00318724 0.00194042
0.99 0.00245461 -0.00431111 -0.00184214
1 -0.00265896 0.00619576 -0.000507301
1.01 0.00310036 -0.00888189 0.00530779
1.02 0.00201491 0.00720384 0.000799649
1.03 0.000488639 -0.0112016 0.00814031
1.04 -0.00140183 0.0136176 -0.0134678
1.05 -0.00538668 -0.00913391 0.00140731
1.06 0.00319268 0.0103767 -0.00447224
1.07 -0.00286818 -0.00858254 -6.14032e-05
1.08 -0.00586788 0.0133518 -0.012788
1.09 -0.00045004 -0.00671458 -0.00339332
1.1 -0.00226617 0.00804748 -0.00141952
1.11 0.00587358 -0.0112715 0.0115511
1.12 -0.00223863 0.010311 -0.0113957
1.13 -0.00310682 -0.00868467 0.00995252
1.14 0.0104932 0.00409515 -0.000982548
1.15 -0.00878487 -0.00404759 0.0036501
1.16 0.00178165 0.00607791 -0.0116283
1.17 -0.000963406 -0.00247114 0.00510631
1.18 -0.000488086 -0.000346334 -0.000705347
1.19 -0.00197266 0.00592266 -0.0109027
1.2 -0.0034803 -0.00437134 0.00422222
1.21 0.000570958 0.00834329 -0.01199
1.22 -0.00170456 -0.00781014 0.00830768
1.23 0.00368297 0.00518667 0.000625785
1.24 0.0015988 -0.0072451 0.00267531
1.25 -0.00517389 0.0080352 -0.00295129
1.26 0.00955527 -0.0112055 0.00985702
1.27 -0.00354937 0.0081717 -0.00125124
1.28 -0.00811758 -0.000761974 -0.0184687
1.29 -0.00464616 0.0122368 -0.0107419
1.3 0.002445 -0.0120057 0.0100456
1.31 0.00874509 0.00426598 0.00975598
1.32 -0.00355125 -0.00800619 0.000210616
1.33 0.000549711 0.00874799 -0.0025742
1.34 0.00533381 -0.0122717 0.0125617
1.35 -0.00173447 0.00955275 -0.00698065
1.36 4.7152e-05 -0.00946681 0.00875156
1.37 0.00576149 0.00596886 -0.00206855
1.38 -0.00699074 -0.00482761 0.00165986
1.39 0.00425398 0.00525318 -0.00541599
1.4 -0.0059266 -0.000756607 -0.00347866
1.41 0.00175166 6.90239e-05 0.00249433
1.42 0.00307666 -0.000228527 0.000769273
1.43 -0.00038099 -0.00444575 0.00836627
1.44 0.00497412 0.00158076 0.00208241
1.45 -0.00269854 -0.00227108 -0.00345256
1.46 0.000748887 0.00105879 0.00985509
1.47 0.00668541 -0.00408843 -0.00523162
1.48 -0.00690404 0.00271293 0.0117585
1.49 0.0153782 -0.0110622 0.00739379
1.5 -0.00826588 0.0106671 -0.00469598
1.51 0.000809866 -0.0123725 0.00817121
1.52 0.0130843 0.00783171 0.00411188
1.53 -0.00737977 -0.0156888 0.0158886
1.54 0.0105252 0.0126689 -0.00802399
1.55 -0.0076082 -0.0111372 0.00429375
1.56 -0.00452902 0.0154707 -0.0161805
1.57 0.0066287 -0.012932 0.0110293
1.58 0.000682545 0.00466778 0.00827995
1.59 0.002159 -0.00579419 -0.00291054
1.6 -0.0106556 0.0136967 -0.020514
1.61 0.00437852 -0.0129523 0.0223587
1.62 0.0160829 0.00126229 0.00369671
1.63 -0.0180579 -0.000666122 -0.00132215
1.64 0.0123501 0.00123293 -0.00355895
1.65 -0.00250168 -0.00215554 0.00906501
1.66 0.00187414 -0.00499713 0.00647157
1.67 0.0125558 -0.000920312 0.0118248
1.68 -0.00566944 -0.00656448 0.00438604
1.69 0.00186222 0.00836626 -0.00591005
1.7 0.000374689 -0.007249 0.000116126
1.71 -0.00591239 0.00859677 -0.00105524
1.72 0.00891035 -0.00934577 0.000959847
1.73 -0.00664708 0.0081443 0.00360089
1.74 0.00197219 -0.00671954 -0.00827518
1.75 -0.0047591 0.0124613 -0.006017
1.76 -0.00172347 -0.0113725 0.00310213
1.77 0.00648865 0.0109313 -0.00220649
1.78 -0.00657156 -0.0122914 0.00618862
1.79 0.00620362 0.0118345 -0.00568299
1.8 -0.00143609 -0.0134953 0.0109614
1.81 0.00178267 0.0105956 -0.00483474
1.82 0.000660302 -0.0102461 0.00571801
1.83 -0.0002797 0.00842285 -0.00319944
1.84 0.0037976 -0.0111712 0.0129851
1.85 -0.0028323 0.0122784 -0.0191328
1.86 -0.00456464 -0.00945186 0.0156764
1.87 0.0174324 0.000628988 0.00313738
1.88 -0.00961242 -0.00496353 0.0119183
1.89 0.0116674 -0.00198943 0.00243733
1.9 -0.00494601 0.00413954 -0.00461102
1.91 -0.00557888 -0.00321038 -0.0010657
1.92 0.0124879 0.00200624 0.00766386
1.93 -0.00554134 -0.00759041 0.00300916
1.94 0.00131093 0.00789227 4.3813e-05
1.95 0.00297744 -0.0070824 -0.00581449
1.96 -0.0152672 0.0142361 -0.00950215
1.97 0.0102451 -0.0110497 -0.0011405
1.98 -0.0103602 0.0158282 -0.009695
1.99 0.0011588 -0.0156094 0.00843602
2 0.00668524 0.0165655 -0.0108853
2.01 -0.0134839 -0.0156697 0.00897172
2.02 0.0165761 0.013045 -0.00278636
2.03 -0.0143533 -0.00937108 -0.00608212
2.04 -0.00501704 0.0167922 -0.0140258
2.05 0.00811853 -0.0125655 0.00474264
2.06 -0.011665 0.012818 -0.00801379
2.07 0.000707795 -0.00527667 -0.00806657
2.08 0.0018588 0.00653544 0.000889737
2.09 -0.0111497 -0.00210492 -0.00825211
2.1 0.0106572 0.00353276 0.000508714
2.11 -0.00791085 -0.00445455 0.00585536
2.12 0.00468103 0.00434765 -0.00960593
2.13 -0.00584115 5.50765e-05 0.00229771
2.14 0.0025235 -0.0011825 -0.00344014
2.15 0.00524281 -0.00229432 0.0165789
2.16 0.00300001 -0.00549832 -0.000667065
2.17 -0.00787451 0.010451 -0.00814618
2.18 0.00646564 -0.0116584 0.00785024
2.19 -0.00797404 0.0169561 -0.0188961
2.2 -0.00370055 -0.0123214 0.00497063
2.21 0.0100165 0.0101872 0.00208974
2.22 -0.00450643 -0.0145726 0.00796035
2.23 0.00344412 0.0131902 -0.00345863
2.24 -0.00135427 -0.0115562 -0.00125014
2.25 -0.00635704 0.0149676 -0.0076694
2.26 0.0031662 -0.0115096 -0.000474871
2.27 -0.00652738 0.0158714 -0.0123784
2.28 -0.00407312 -0.0108234 0.00158095
2.29 -0.000526936 0.0189034 -0.0253804
2.3 -0.0187953 -0.00647181 -0.00348146
2.31 0.016018 0.00799179 -0.00371997
2.32 -0.0212859 0.00228442 -0.0199793
2.33 0.000578943 0.00487297 -0.00109044
2.34 0.0115567 -0.00640294 0.00781108
2.35 -0.00931031 0.00118866 0.00233627
2.36 0.00752384 -0.00153613 0.00243251
2.37 -0.00107019 0.00199992 -0.00789444
2.38 -0.0188086 0.00818006 -0.0142354
2.39 0.0172338 -0.00488983 0.00210325
2.4 -0.0134765 0.00464705 0.00147446
2.41 0.00868308 -0.00718313 0.00267725
2.42 0.00366222 0.00481728 0.00553068
2.43 -0.00643389 -0.00861127 0.00227341
2.44 0.00463578 0.0134483 -0.0128728
2.45 -0.00872011 -0.0107341 0.00411712
2.46 0.00103743 0.0152282 -0.0142778
2.47 -0.00556038 -0.00841227 -0.00449865
2.48 -0.00277117 0.0115225 -0.0027514
2.49 0.00154982 -0.00777335 -0.00731913
2.5 -0.010195 0.0144815 -0.0102852
2.51 0.00999523 -0.0181653 0.0210147
2.52 0.00555681 0.0125602 -0.00864845
2.53 -0.0130427 -0.0130163 0.012497
2.54 0.026499 0.00425574 0.00748018
2.55 -0.0198829 -0.00519261 -0.00271415
2.56 0.00182277 0.0112152 -0.015116
2.57 0.00641797 -0.00996378 0.0146144
2.58 -0.00348877 0.00297075 7.54489e-05
2.59 0.00176828 -0.000188449 -0.00341235
2.6 0.00433777 -0.00413639 0.0105773
2.61 -0.0047329 0.00320706 -0.00421738
2.62 0.00786903 -0.00486616 0.00475384
2.63 -0.00792449 0.00517417 -0.00209445
2.64 0.0080235 -0.00708551 0.00396858
2.65 -0.00261285 0.0057122 0.002282
2.66 0.00419064 -0.0105502 0.00790741
2.67 0.00368477 0.00751404 0.00192522
2.68 -0.00154564 -0.0114921 0.00669135
2.69 0.00469834 0.00980715 -0.000966994
2.7 0.00157926 -0.0149123 0.013239
2.71 0.0106747 0.0040233 0.0155126
2.72 0.000954986 -0.0112708 0.00289964
2.73 0.000923035 0.00770511 0.00629614
2.74 0.00385738 -0.0109496 0.00264566
2.75 -0.00563417 0.0143378 -0.0126677
2.76 -0.00350841 -0.0112878 0.00678585
2.77 0.0092197 0.0113545 -0.00949321
2.78 -0.0116204 -0.0125415 0.0154368
2.79 0.0209883 0.00471248 0.00186098
2.8 -0.0116695 -0.00786286 0.00913894
2.81 0.00526966 0.00632933 -0.00805338
2.82 0.00456563 -0.00827317 0.0162963
2.83 -0.000573589 0.00158242 -0.00263797
2.84 -0.00178674 0.00153074 -0.00152682
2.85 0.00247927 -0.00193438 -0.00134065
2.86 -0.00221786 0.000639015 0.00857428
2.87 0.00707422 -0.00330758 -0.0054521
2.88 -0.0129535 0.00837411 -0.00424176
2.89 0.00856499 -0.00787514 0.000129804
2.9 -0.0068083 0.0119035 -0.0083703
2.91 7.1603e-05 -0.0131174 0.00994631
2.92 0.0031879 0.0168442 -0.0186021
2.93 -0.0148595 -0.0113091 0.00367467
2.94 0.020104 0.00585244 0.0110992
2.95 4.81603e-05 -0.0165798 0.015978
2.96 0.00204675 0.00836737 0.0055916
2.97 0.00838412 -0.0119707 0.00395894
2.98 -0.0109964 0.0132828 -0.00836352
2.99 0.00785058 -0.0150885 0.0150155
3 0.00968019 0.00822144 4.39023e-05
3.01 -0.0125439 -0.0125166 0.0140936
3.02 0.0222187 0.00776128 -0.00484742
3.03 -0.0185405 -0.0087608 0.0103423
3.04 0.0137219 0.00621244 -0.00651942
3.05 -0.00618278 -0.00347823 0.00219768
3.06 -0.0065659 0.00579424 -0.0111844
3.07 0.00693741 -0.0018685 0.00452443
3.08 0.00190405 -0.00577803 0.0114187
3.09 0.000308494 0.00223708 0.00164959
3.1 0.00839507 -0.00672071 0.00614386
3.11 -0.0105125 0.00699455 -0.00337637
3.12 0.00678066 -0.00455015 -0.00601362
3.13 -0.0141273 0.01365 -0.0149878
3.14 -0.000141067 -0.0075843 -0.0026608
3.15 0.00663864 0.00760387 0.00426995
3.16 -0.00654431 -0.0108033 0.00244884
3.17 0.0134521 0.00525766 0.0134487
3.18 -0.00211459 -0.0117348 0.00179825
3.19 -0.00934277 0.0187403 -0.0189397
3.2 0.00156327 -0.012988 0.00396433
3.21 0.0021741 0.0125991 -0.00362891
3.22 -0.0110676 -0.00812624 -0.00680936
3.23 0.00260398 0.0170165 -0.0177487
3.24 -0.00855948 -0.0139431 0.0119371
3.25 0.0139356 0.0101131 -0.00463387
3.26 -0.0168268 -0.00545528 -0.00466741
3.27 0.00306457 0.0121444 -0.0155559
3.28 -0.00448165 -0.00664312 0.00464495
3.29 0.00576461 0.00199376 0.00372191
3.3 -0.00229592 -0.00196988 6.68154e-05
3.31 -0.00738095 0.00927433 -0.0232036
3.32 -0.00807162 0.00130244 0.000494911
3.33 0.0111596 -0.00208572 -0.00311614
3.34 -0.0114415 0.00278338 0.00564339
3.35 0.013819 -0.0081565 0.00441218
3.36 -0.00994571 0.0117118 -0.0104505
3.37 0.00298015 -0.0149187 0.0163456
3.38 0.0141695 0.00881137 0.00138254
3.39 -0.0170155 -0.00952273 -0.00143881
3.4 0.00816519 0.0144823 -0.00950168
3.41 -0.00279852 -0.0138015 0.0061701
3.42 -0.000342709 0.0109054 0.00237524
3.43 0.00865881 -0.014092 0.00550457
3.44 -0.00776564 0.0137371 -0.00511957
3.45 0.00685129 -0.0179021 0.0174512
3.46 0.0112305 0.010676 -0.00112391
3.47 -0.0185954 -0.010584 0.00356126
3.48 0.0194813 0.0115523 -0.00874289
3.49 -0.0180667 -0.00978289 0.00679643
3.5 0.00782309 0.012026 -0.0153204
3.51 -0.00403137 -0.00843799 0.00906436
3.52 0.000331011 0.00610671 -0.00645749
3.53 -0.00341463 -0.000252557 -0.0049666
3.54 -0.00199271 0.00348378 -0.00734061
3.55 -0.0113878 0.00713206 -0.0161452
3.56 0.00888149 -0.00550081 0.00825778
3.57 -0.00719305 0.00571706 -0.00555811
3.58 -6.48262e-05 -0.00159674 -0.00814059
3.59 -0.00604016 0.00799505 -0.00552622
3.6 0.000584053 -0.00505402 -0.00475078
3.61 0.000893674 0.00499472 0.00741553
3.62 0.00160034 -0.00779509 -0.00253585
3.63 -0.00413121 0.0112747 -0.00443471
3.64 0.00588552 -0.0159735 0.0151625
3.65 0.00847585 0.00873312 0.00443607
3.66 -0.00930306 -0.0112863 0.00157325
3.67 0.00567326 0.0157955 -0.0129222
3.68 -0.0096065 -0.0129983 0.00578018
3.69 0.0022485 0.0187968 -0.0214185
3.7 -0.00588873 -0.0160563 0.0156642
3.71 0.0124856 0.0106437 -0.00356656
3.72 -0.00816854 -0.0129697 0.0118839
3.73 0.0107806 0.00874902 -0.00362727
3.74 -0.00554846 -0.0104517 0.0110716
3.75 0.00623641 0.00767377 -0.00734043
3.76 -0.00725894 -0.0050711 0.00442148
3.77 0.00726964 0.00343006 -0.00422555
3.78 -0.00561538 -0.0032627 0.00802267
3.79 0.00201187 0.00531797 -0.0178167
3.8 -0.0141032 0.00546752 -0.00553713
3.81 0.0104069 -0.00540323 0.00112755
3.82 -0.00601784 0.00669992 -0.000660045
3.83 0.00867895 -0.0151237 0.0191511
3.84 0.00550572 0.010218 -0.00370168
3.85 -0.00822856 -0.0125125 0.00720561
3.86 0.00637826 0.0154608 -0.0126796
3.87 -0.00515295 -0.0155308 0.0111308
3.88 0.00409411 0.0140062 -0.00596573
3.89 -0.00470815 -0.0103365 -0.00427067
3.9 -0.00373248 0.0145433 -0.00642831
3.91 0.00964322 -0.0197909 0.0207375
3.92 0.00235315 0.0143204 -0.00837179
3.93 -0.0123916 -0.0115868 0.00378294
3.94 0.0160517 0.0122449 -0.00828874
3.95 -0.014152 -0.0145986 0.0174245
3.96 0.0236074 0.00414552 0.00649596
3.97 -0.00745252 -0.0111508 0.0147467
3.98 0.00613254 0.00541154 -0.00322273
3.99 -0.00135468 -0.00375851 0.00257995
4 0.00403464 -0.00196471 0.00838718
4.01 0.00175898 -0.00154754 0.00469878
4.02 0.00328472 -0.00121434 -0.0017211
4.03 -0.00692592 0.00151544 0.00515338
4.04 0.0169958 -0.00816645 0.00813578
4.05 -0.0117248 0.00542187 0.00232369
4.06 0.00812874 -0.00678281 -0.00162559
4.07 -0.00443586 0.00971162 -0.00359043
4.08 0.000153017 -0.0127399 0.00953002
4.09 0.0125693 0.00741537 0.00586417
4.1 -0.00719023 -0.0135692 0.00854355
4.11 0.00582752 0.0139301 -0.00820638
4.12 -0.000479508 -0.0166541 0.0144724
4.13 0.00199066 0.0143186 -0.00828507
4.14 -0.00597584 -0.0105679 -0.00100365
4.15 0.00420682 0.0118003 -0.00304427
4.16 -0.00857497 -0.00827372 -0.00484228
4.17 0.00323613 0.0130109 -0.0090521
4.18 -0.00545946 -0.0126588 0.0103144
4.19 0.00825638 0.0126934 -0.0131441
4.2 -0.0191021 -0.00528181 -0.00298192
4.21 0.0158311 0.00658789 -0.0034597
4.22 -0.012253 -0.00565119 0.00409372
4.23 0.00437981 0.00744115 -0.0119692
4.24 -0.00350723 -0.00453935 0.00805715
4.25 0.00956496 -0.00306458 0.0078167
4.26 -0.000856808 -0.00190856 0.0089124
4.27 0.00139612 0.000838396 -0.0101816
4.28 -0.00735889 0.00363604 0.00274673
4.29 0.00680205 -0.00329383 -0.0076468
4.3 -0.0109667 0.00842897 -0.00196141
4.31 0.0113486 -0.0133174 0.0115517
4.32 0.00391249 0.00743119 0.0061271
4.33 -0.00215091 -0.0150201 0.0114823
4.34 0.00771113 0.0153504 -0.010761
4.35 -0.0153996 -0.0112862 -0.000983962
4.36 0.0104463 0.0139474 -0.00488754
4.37 -0.00272409 -0.0169825 0.0121557
4.38 0.00050701 0.0161441 -0.0101348
4.39 0.00733742 -0.0226598 0.0281746
4.4 0.00643661 0.0148541 -0.0102551
4.41 -0.0127678 -0.0138321 0.0106244
4.42 0.0168702 0.0129231 -0.0116856
4.43 -0.0216837 -0.00813463 0.0028589
4.44 0.0186925 0.00562997 0.000131856
4.45 -0.00632013 -0.00834882 0.0104067
4.46 0.00349682 0.00382028 -0.0024451
4.47 -0.00153998 -0.000699511 -0.00159212
4.48 0.00218375 -0.00202328 0.00442662
4.49 -0.00146676 0.00123852 0.00190779
4.5 0.00526198 -0.00233118 -0.00341024
4.51 -0.00816723 0.00226282 0.00781859
4.52 0.0163997 -0.00819724 0.00367225
4.53 -0.0110245 0.00635623 0.00435496
4.54 0.015124 -0.0159011 0.0178478
4.55 0.000445467 0.01226 -0.00674309
4.56 -0.00393625 -0.0185625 0.0220132
4.57 0.0180252 0.0135025 -0.00827928
4.58 -0.0163126 -0.01623 0.0148479
4.59 0.0205838 0.00841294 0.00588939
4.6 -0.00375315 -0.0137186 0.00736963
4.61 -0.00489549 0.0127133 -0.0047573
4.62 0.0113763 -0.0142855 0.00968124
4.63 -0.00571129 0.0119391 -0.00547046
4.64 -0.00153217 -0.0131223 0.0112755
4.65 0.011876 0.0138569 -0.016574
4.66 -0.0261175 -0.00955641 0.00911695
4.67 0.0347769 0.00360962 0.00288007
4.68 -0.028124 -0.00205826 -0.00413265
4.69 0.0123428 0.00230624 0.00120385
4.7 0.00299659 -0.00174705 -0.000361127
4.71 -0.0120921 0.000650771 0.000453037
4.72 0.0111871 0.00146434 -0.0025277
4.73 -0.0039499 -0.00221056 0.000506258
4.74 -0.00918852 0.00449981 -0.00226882
4.75 0.0208969 -0.00712557 0.00520353
4.76 -0.0241081 0.00833932 -0.00523226
4.77 0.0166192 -0.00745025 0.000694799
4.78 -0.00994705 0.0123212 -0.0118521
4.79 -0.0124793 -0.00566322 -0.00637888
4.8 0.0162251 0.0107158 -0.00566983
4.81 -0.0196008 -0.0103738 0.00358291
4.82 0.012419 0.0132584 -0.009786
4.83 -0.00315016 -0.015125 0.0136323
4.84 0.00301589 0.00965602 0.000969052
4.85 0.00916362 -0.0165318 0.0171332
4.86 -0.00702433 0.0168092 -0.0192655
4.87 -0.00891533 -0.00993128 0.00388006
4.88 0.016539 0.0100784 -0.00718107
4.89 -0.0259567 -0.00559851 -0.001414
4.9 0.0228145 0.00628436 -0.00317874
4.91 -0.0169585 -0.00480167 0.0019981
4.92 0.0121565 2.19087e-05 0.00779172
4.93 0.000733544 -0.00212315 0.000306582
4.94 -0.00223659 -0.00181879 0.00693684
4.95 0.00412579 0.000998516 -0.00150537
4.96 -0.00197846 0.000943085 -0.00718574
4.97 -0.00984955 0.00251981 0.00207728
4.98 0.0234968 -0.00931335 0.0120121
4.99 -0.0127835 0.000905737 0.0125557
5 0.015976 -0.00812826 0.00394712
5.01 -0.00660396 0.0087504 -0.00401971
5.02 0.000684397 -0.0139981 0.0166973
5.03 0.0100934 0.0145762 -0.0178205
5.04 -0.0195168 -0.0124835 0.0123064
5.05 0.02163 0.0102699 -0.00645959
5.06 -0.0115036 -0.012505 0.0121042
5.07 -5.02397e-05 0.0139809 -0.0161279
5.08 0.00776346 -0.0146893 0.0189485
5.09 2.65265e-05 0.00706598 -0.00107669
5.1 -0.000981908 -0.00860392 0.00756119
5.11 0.00672968 0.00877569 -0.0110187
5.12 -0.0179005 -0.0048797 0.00421577
5.13 0.0219367 0.004271 -0.00582641
5.14 -0.0271483 0.00183951 -0.00721328
5.15 0.0202615 -0.00313856 0.0084161
5.16 -0.0100934 0.00472011 -0.0108728
5.17 8.19695e-05 -0.00590399 0.0125559
5.18 0.0057195 0.00684933 -0.0136264
5.19 -0.00777018 -0.00538525 0.00829141
5.2 -0.00296045 0.00956417 -0.0174616
5.21 0.00857362 -0.00780274 0.0114625
5.22 -0.00849311 0.00198818 0.00471755
5.23 0.0193523 -0.00776032 0.00949329
5.24 -0.0185158 0.00924113 -0.0133126
5.25 0.00244428 -0.00294175 -0.0023631
5.26 0.00145668 0.0080833 -0.0118557
5.27 -0.0216991 0.00208112 -0.0136625
5.28 0.00962073 0.0096537 -0.0171241
5.29 -0.0129487 -0.00551386 0.00667826
5.3 0.00830726 0.00571965 -0.00746246
5.31 -0.00821281 -0.00126832 -0.00379604
5.32 0.000831921 0.00338159 -0.00203522
5.33 -0.00256763 -0.000348587 -0.00521588
5.34 0.0029061 0.00116995 0.00223211
5.35 -0.00719466 -0.00105532 -0.001438
5.36 0.012495 0.00108649 0.000125017
5.37 -0.01714 -0.000832498 0.000445772
5.38 0.0210423 -0.00134602 0.00414186
5.39 -0.0126861 -0.00365741 0.00968624
5.4 0.0145827 -0.00146621 0.00273958
5.41 -0.00402047 -0.00293176 0.00952997
5.42 0.00355398 0.000214291 -0.00361071
5.43 -0.00378213 0.00147431 0.000572749
5.44 0.00411792 -0.00207131 -0.000457986
5.45 -0.0123372 0.00928073 -0.0169399
5.46 0.000201064 -0.000896941 -0.00570531
5.47 -0.00180329 0.00357039 -0.000403926
5.48 0.00146873 -0.00449727 0.00214131
5.49 0.00188872 0.00300681 0.00216947
5.5 0.00012623 -0.0060046 0.0053782
5.51 0.00407925 0.0042808 -0.00101078
5.52 -0.00153143 -0.00848756 0.0123557
5.53 0.0103332 0.00362066 -0.000571703
5.54 -0.0104462 -0.00489553 0.00487616
5.55 0.00916207 0.00628588 -0.00965983
5.56 -0.0113308 -0.00420988 0.00568772
5.57 0.0104391 0.00404749 -0.00683588
5.58 -0.0100121 -0.00325295 0.00649199
5.59 0.0109072 0.00136729 -0.00342296
5.6 -0.00439202 -0.00615862 0.0177873
5.61 0.00462308 0.00728899 -0.0230267
5.62 -0.0168793 0.000501637 0.00538361
5.63 0.015525 0.0012907 -0.0123712
5.64 -0.0219402 0.00618243 -0.00506681
5.65 0.0131816 -0.00467269 -0.000116966
5.66 -0.00509662 0.00522595 -0.000535602
5.67 -0.00685428 -0.00102761 -0.0109627
5.68 0.00466665 0.00449143 0.00274693
5.69 -0.00150397 -0.00530161 -0.00144496
5.7 -0.00537703 0.00771369 -0.00419997
5.71 0.00583551 -0.00564119 -0.00136068
5.72 -0.00938301 0.00834702 -0.0059648
5.73 0.00655502 -0.00909436 0.00885121
5.74 0.00257891 0.00717943 -0.00539141
5.75 -0.0122633 -0.00478223 0.000898607
5.76 0.0119594 0.00846983 -0.0121371
5.77 -0.0108971 -0.0106597 0.0195486
5.78 0.0179652 0.0040058 -0.00408712
5.79 -0.0113004 -0.00612622 0.0112181
5.8 0.00202067 0.0101071 -0.0232832
5.81 -0.00478887 -0.00624574 0.0154368
5.82 0.00982844 0.00227513 -0.00757409
5.83 -0.011957 -0.00114446 0.00708628
5.84 0.0116935 0.00172973 -0.0109691
5.85 -0.0156749 0.00193833 0.00370209
5.86 0.0109723 0.000301861 -0.0115334
5.87 -0.0101922 0.00127378 0.00937526
5.88 0.00706558 -0.000996682 -0.0119707
5.89 -0.013562 0.00893468 -0.00685144
5.9 0.00847644 -0.00865818 0.00479391
5.91 0.00158506 0.00433322 0.00749203
5.92 0.000128736 -0.00793521 0.000760732
5.93 -0.00840684 0.0162158 -0.0213777
5.94 0.00387519 -0.0151326 0.0183724
5.95 0.00963957 0.00659273 0.00350334
5.96 -0.00649497 -0.00944474 0.00417942
5.97 0.00586527 0.00838627 -0.00182463
5.98 -0.00801683 -0.00387714 -0.00936543
5.99 -0.00249169 0.00978385 -0.00659874
6 0.000632258 -0.00791157 0.00291659
6.01 0.0016552 0.00852971 -0.00625797
6.02 -0.00418551 -0.011295 0.015749
6.03 0.017062 0.00623263 -0.00543781
6.04 -0.0197228 -0.00734696 0.0112644
6.05 0.021256 0.00584167 -0.0103134
6.06 -0.0218777 -0.00113515 0.000967344
6.07 0.013282 0.000793087 -0.00276275
6.08 -0.00326534 -0.00121325 0.00658784
6.09 0.00753641 -0.00832448 0.0152368
6.1 0.00739206 -0.000790915 0.011366
6.11 -0.00117384 -0.00258972 -0.00600729
6.12 -0.0131463 0.00987604 -0.00936934
6.13 0.0119425 -0.00530981 -0.00555707
6.14 -0.0152283 0.00675861 0.00440953
6.15 0.0139282 -0.00773787 -0.00387198
6.16 -0.01324 0.0128562 -0.00813385
6.17 -0.00468181 -0.00593104 -0.0103845
6.18 0.00329172 0.013832 -0.00985187
6.19 -0.0125306 -0.0107299 0.00194209
6.2 0.0143986 0.00991923 -0.000156902
6.21 -0.00827397 -0.0121245 0.00636908
6.22 0.00211649 0.0131426 -0.00995633
6.23 -0.00127277 -0.0108723 0.00568521
6.24 0.00480326 0.00680059 0.00264526
6.25 -0.0118852 -0.000674892 -0.0159897
6.26 0.00660645 0.00477658 0.00276355
6.27 -0.00315646 -0.00873148 0.0103691
6.28 0.0090517 0.0070076 -0.00923525
6.29 -0.0180543 -0.00293497 0.00222157
6.3 0.0147806 0.00727451 -0.0169583
6.31 -0.0260256 0.00299353 -0.00632503
6.32 0.0202969 -0.00362238 0.0052111
6.33 -0.00977028 0.00316854 -0.00181878
6.34 0.00160229 -0.00432182 0.00282565
6.35 -3.87474e-05 0.00830145 -0.0112462
6.36 -0.00370605 -0.00701903 0.00612697
6.37 -0.00070193 0.00895716 -0.00943718
6.38 0.00799482 -0.0117122 0.0151715
6.39 -0.00838506 0.00964152 -0.00896164
6.4 0.00456625 -0.00571782 -0.00153548
6.41 -0.00734461 0.00893283 -0.00687467
6.42 0.0064163 -0.0116509 0.0145488
6.43 0.00739461 0.00549737 0.000285718
6.44 -0.0130325 -0.00482303 -0.000887055
6.45 0.0143304 0.00485546 -0.000159756
6.46 -0.0175632 -2.27765e-05 -0.0116853
6.47 0.00627991 0.00470891 -0.000849842
6.48 -0.00344972 -0.00293279 -0.00329845
6.49 -0.00185197 0.00586024 -0.0050319
6.5 -0.0117488 0.00383596 -0.019058
6.51 0.0134388 -0.00330209 0.0167896
6.52 -0.0102901 -0.00088472 -0.00524855
6.53 0.00669915 0.00601983 -0.00884834
6.54 -0.0194477 0.00207515 -0.0111652
6.55 0.0230313 -0.00535003 0.0189786
6.56 -0.0113066 -0.00070067 -0.00301707
6.57 0.0100233 -0.00296295 0.0123013
6.58 -0.00279635 0.0014596 -0.00817046
6.59 0.0015279 -0.00320352 0.0122978
6.6 0.00894862 -0.00557504 0.0111814
6.61 0.000821081 0.00145067 -0.00181767
6.62 -0.00916832 0.000560546 -0.00181889
6.63 0.0165088 -0.00444696 0.0105365
6.64 -0.0112415 0.00276907 -0.0053693
6.65 0.0021912 -0.00177446 0.00240701
6.66 0.00723134 0.00162567 -0.0018165
6.67 -0.010823 -0.00501212 0.0104017
6.68 0.0187994 0.00188232 -0.00204677
6.69 -0.0249155 0.00463915 -0.0154528
6.7 0.0101962 0.00121989 0.0013315
6.71 0.00293309 -0.00547577 0.00875443
6.72 -0.0030318 0.00276563 -0.00140386
6.73 0.00318501 -0.00497887 0.0075045
6.74 0.00299756 0.0064623 -0.0124229
6.75 -0.0206842 -3.76533e-06 -0.00282948
6.76 0.0242688 0.00221151 -0.0042192
6.77 -0.031852 0.00441988 -0.0121114
6.78 0.019113 -0.00051729 0.00182625
6.79 -0.00764951 0.000598223 -0.00221581
6.8 -0.00198815 -0.00113549 0.0037881
6.81 0.00507435 0.00321292 -0.00916054
6.82 -0.00435824 -0.00373037 0.0103091
6.83 0.00114557 0.0023285 -0.00639172
6.84 0.00991836 -0.00573948 0.0150729
6.85 -0.0129285 0.00426933 -0.011605
6.86 0.00753736 0.000996747 -0.00116258
6.87 -0.00544005 -0.00100263 -1.59121e-05
6.88 0.00694539 -0.00443773 0.0156236
6.89 0.00536997 0.000487841 -0.00725072
6.9 -0.00754733 -0.00463087 0.0199485
6.91 0.0139711 0.0036686 -0.0194408
6.92 -0.025913 0.00562555 -0.00296616
6.93 0.0136747 -4.3935e-05 -0.0125264
6.94 -0.00304523 -0.00253811 0.019994
6.95 0.00551264 -0.00419545 -0.00336213
6.96 0.00338001 -0.00119536 0.0181838
6.97 0.00257397 -0.00149758 -0.0122777
6.98 -0.0138922 0.00619512 0.00114623
6.99 0.0186531 -0.00628482 -0.00149069
7 -0.017231 0.00369421 0.00817738
7.01 0.0218267 -0.00902607 0.00629155
7.02 -0.0159173 0.00914954 -0.0080389
7.03 0.00943188 -0.0108306 0.0145005
7.04 -0.00771646 0.016821 -0.0327413
7.05 -0.0103078 -0.00757959 0.0119611
7.06 0.0171648 0.00157696 0.000671402
7.07 -0.00524345 -0.00425404 0.00863564
7.08 -0.00084784 -0.00131454 0.00373861
7.09 0.013466 0.00104275 -0.00109671
7.1 -0.0206542 -0.000364954 -0.00283771
7.11 0.0208471 -0.00232613 0.0125353
7.12 -0.0109872 0.00452333 -0.0216066
7.13 -0.0186066 0.00627596 -0.00279016
7.14 0.0282964 -0.00484707 -0.00379476
7.15 -0.0300901 0.00468782 0.00605177
7.16 0.0180592 -0.000311358 -0.0183496
7.17 -0.0172105 0.00935713 -0.00470367
7.18 -0.000750366 -0.00546646 -0.00533347
7.19 0.00757801 0.00703082 0.00130483
7.2 -0.0133364 -0.00247225 -0.0135802
7.21 0.0015785 0.00478418 0.00865824
7.22 0.0119225 -0.00451851 -0.0106989
7.23 -0.0254194 0.00529466 0.00986792
7.24 0.0286726 -0.00290707 -0.0167005
7.25 -0.0287244 0.00490595 0.011512
7.26 0.0167126 -0.00326972 -0.0151259
7.27 -0.0103486 0.00964341 -0.00242812
7.28 -0.0091779 -0.00482154 -0.00882027
7.29 0.0129462 0.00804641 -0.000556642
7.3 -0.0119811 -0.00877664 0.00320656
7.31 0.0137466 0.0011925 0.0159353
7.32 0.0102096 -0.0113344 0.0107904
7.33 -0.00986496 0.00358427 0.0082462
7.34 0.0208146 -0.0102818 0.0109888
7.35 -0.0146745 0.0102982 -0.0140957
7.36 -0.00896322 -0.000814982 -0.00650414
7.37 0.010877 0.00896687 -0.0188755
7.38 -0.0236034 -0.00526481 0.0136887
7.39 0.0258404 0.00457297 -0.0161455
7.4 -0.0264261 0.0012913 0.0048282
7.41 0.0153494 -0.00286575 -0.0041561
7.42 3.85785e-05 0.00201826 0.00956257
7.43 -0.00691274 -0.00441707 -0.00675377
7.44 0.00177805 0.0108668 -0.00633427
7.45 -0.00172799 -0.00791796 -0.00490614
7.46 -0.00387475 0.00529102 0.015244
7.47 0.0202581 -0.0102928 -0.00549205
7.48 -0.0239629 0.00806261 0.0136532
7.49 0.0243677 -0.00845272 -0.0140248
7.5 -0.0231652 0.0133759 0.0015551
7.51 0.000279055 -0.00418155 -0.0247451
7.52 0.000975889 0.0118514 0.00388262
7.53 -0.0114636 -0.00872648 -0.0107562
7.54 0.00950534 0.0110233 0.00352788
7.55 -0.0051366 -0.0112451 -0.00154497
7.56 -0.0014072 0.0114808 -0.000799416
7.57 -0.00071631 -0.00488209 -0.0141582
7.58 -0.000657953 0.00217876 0.0187959
7.59 0.00804764 -0.00691481 -0.00389241
7.6 0.00215664 0.000822783 0.0166615
7.61 -0.000343779 -0.00717458 0.00302345
7.62 0.00860349 0.00710147 -0.00633019
7.63 -0.0221343 -0.00188345 -0.00368461
7.64 0.0243374 0.00186493 0.00065187
7.65 -0.0207963 -0.00173835 0.00158796
7.66 0.0140586 0.00086966 -0.00153174
7.67 -0.0053733 -0.000861694 0.00357244
7.68 -0.00533098 0.00512023 -0.0169118
7.69 -0.00225887 0.00107065 0.00367686
7.7 0.00428252 0.000619928 -0.011163
7.71 -0.0132083 0.00207695 0.0074038
7.72 0.0120193 0.00261117 -0.0227261
7.73 -0.0219563 0.00443648 0.00749053
7.74 0.0201206 -0.00661081 -0.00436783
7.75 -0.0106836 0.0070165 0.00524427
7.76 -0.00597747 -0.00263616 -0.0182718
7.77 0.00489031 0.0104624 -0.000231946
7.78 -0.0139198 -0.00636736 -0.0122203
7.79 0.0150445 0.00375757 0.0210971
7.8 -0.00345084 -0.00752853 -0.0136708
7.81 -0.00984958 0.0128802 0.00182958
7.82 0.00806936 -0.00988508 -0.0107889
7.83 0.00141798 0.00462352 0.0248775
7.84 -0.00408583 -0.00712364 -0.0183996
7.85 0.0105564 0.00723801 0.0177228
7.86 -0.0108786 -0.0118862 -0.00494041
7.87 0.0187533 0.00880749 0.0118055
7.88 -0.0129728 -0.0145358 0.00446329
7.89 0.0162051 0.0110057 0.00279545
7.9 -0.00892659 -0.0147718 0.00933995
7.91 0.00807172 0.0133779 -0.00877804
7.92 -0.00727922 -0.0127396 0.0108729
7.93 0.00956582 0.0102862 -0.00887772
7.94 -0.00790577 -0.0113653 0.0165268
7.95 0.017509 0.00251651 0.00125946
7.96 -0.0119034 -0.00388189 0.00731795
7.97 0.012757 -0.00214814 0.00346719
7.98 -0.00147318 -0.000648152 0.00836057
7.99 0.00140126 -0.00498543 0.00177851
8 0.00326373 0.00531605 0.00162269
8.01 -0.00196123 -0.00864058 0.00298155
8.02 0.00715894 0.00470742 0.0109374
8.03 -0.00136663 -0.00801521 -0.00586875
8.04 -0.00450249 0.0116279 -0.000476321
8.05 -0.0029496 -0.00593017 -0.0166691
8.06 -0.0041409 0.013842 -0.00200665
8.07 -0.00458296 -0.0110357 -0.00637129
8.08 0.00928456 0.0123626 0.00350151
8.09 -0.021414 -0.00606406 -0.0201603
8.1 0.0133863 0.0131031 0.00230272
8.11 -0.00864884 -0.0158779 0.00476532
8.12 0.0121759 0.0116516 0.00587484
8.13 -0.0117334 -0.010249 -0.00891601
8.14 0.00844371 0.0110495 0.00600498
8.15 -0.00873822 -0.00946845 -0.00896162
8.16 0.00654453 0.0107841 0.00409458
8.17 -0.0121423 -0.00628773 -0.0139992
8.18 0.00472876 0.0125417 -0.00417791
8.19 -0.0137923 -0.00532185 -0.0122382
8.2 0.00757899 0.00954438 -0.00113952
8.21 -0.0114416 -0.00433975 -0.00971956
8.22 0.00301362 0.00806263 -0.00271268
8.23 -0.0015198 -0.00612189 0.000822712
8.24 -0.0018863 0.00646063 -0.00526598
8.25 0.00360203 -0.00657536 0.00962575
8.26 0.00151363 0.00177532 -0.00167998
8.27 -0.00233301 0.000356183 0.000797642
8.28 2.19661e-05 -0.00153015 -0.0023807
8.29 0.00382368 0.00271105 0.00390154
8.3 -0.00827061 -0.00370591 -0.00588799
8.31 0.0170547 -0.000193828 0.0206848
8.32 -0.00616834 -0.0100619 0.00104544
8.33 0.00442431 0.012993 -0.00415602
8.34 -0.0071384 -0.0134472 0.00147936
8.35 0.0107598 0.013707 0.00106707
8.36 -0.0114091 -0.0160875 0.00249669
8.37 0.0157 0.0144237 0.00380221
8.38 -0.0126473 -0.0171068 0.00173738
8.39 0.0126459 0.0159158 0.00209987
8.4 -0.00694469 -0.0186853 0.00506439
8.41 0.00905505 0.0151329 0.00331556
8.42 -0.00596558 -0.015949 0.000380851
8.43 0.00163048 0.0185451 -0.00951952
8.44 -0.00752252 -0.0136635 0.000128839
8.45 0.00472744 0.0157729 -0.00948762
8.46 -0.00901994 -0.0112873 0.0022852
8.47 0.00901782 0.00840136 0.000515457
8.48 -0.00605805 -0.00561525 -0.00300092
8.49 0.00537354 -0.00110338 0.0157867
8.5 0.0026073 0.00317625 -0.0168201
8.51 -0.0138973 -0.00146219 0.00819455
8.52 0.0157985 0.0037879 -0.00994319
8.53 -0.0152201 -0.00388952 0.00582211
8.54 0.00709129 0.00719935 -0.0100565
8.55 -0.000523984 -0.00905714 0.0109105
8.56 -0.00297047 0.0108361 -0.0122378
8.57 -0.000859074 -0.010126 0.00790557
8.58 0.00691526 0.0101755 -0.00619772
8.59 -0.014888 -0.00911239 0.00201427
8.6 0.0160783 0.0120188 -0.00830199
8.61 -0.0188164 -0.0110728 0.00473202
8.62 0.0219371 0.00628205 0.00885276
8.63 -0.00676095 -0.0136416 0.00897651
8.64 0.00449169 0.0106145 -0.000226612
8.65 -0.00254555 -0.00898144 -0.00450245
8.66 0.00457987 0.00585605 0.0127733
8.67 -0.00146613 -0.00842958 -0.00603076
8.68 0.0102459 0.00197346 0.0225026
8.69 -0.000150249 -0.010685 0.000387053
8.7 0.0103643 0.00244009 0.0204513
8.71 -0.00289954 -0.00718091 -0.00761572
8.72 -9.41685e-05 0.00742248 0.00622348
8.73 -0.00164745 -0.00334832 -0.0157247
8.74 -0.00575779 0.0064229 0.0064403
8.75 0.00390595 -0.00229444 -0.015441
8.76 -0.00527726 0.000962482 0.0169172
8.77 0.0113284 -0.00395861 -0.00687747
8.78 -0.00949589 0.00171252 0.00999098
8.79 0.0106818 -0.00291576 -0.00378454
8.8 -0.00462772 -0.00164421 0.012241
8.81 0.00704939 0.000260571 -0.00525214
8.82 -0.00922805 6.29467e-05 0.000963842
8.83 0.0107748 0.00035367 0.00149435
8.84 -0.0119995 -0.00071852 -0.00417448
8.85 0.000810838 0.0116733 -0.0207387
8.86 -0.0132687 -0.00448863 -0.000856084
8.87 0.0117447 0.00814188 -0.00590451
8.88 -0.0114299 -0.00949728 0.00702278
8.89 0.015513 0.00540891 0.0056609
8.9 -0.0142212 -0.00290788 -0.0141337
8.91 0.00335333 0.00621967 0.00742656
8.92 0.00410603 -0.00739716 -0.00579698
8.93 -0.00454381 0.00533595 0.0119139
8.94 0.00382115 -0.00488633 -0.0132747
8.95 -0.00195374 0.00526398 0.0120264
8.96 -9.09273e-05 -0.0061071 -0.00921927
8.97 -0.000806784 0.00899499 0.000819523
8.98 -0.00614843 -0.0039226 -0.0128582
8.99 0.006579 0.000814603 0.0199767
9 0.00529308 -0.00468115 -0.00927378
9.01 -0.0121646 0.00408385 0.010083
9.02 0.0122639 0.00055839 -0.0212124
9.03 -0.0201332 0.00366024 0.00923002
9.04 0.0170702 -0.002464 -0.010961
9.05 -0.0146235 0.00470851 0.00349064
9.06 0.00723337 -0.00419553 -0.00296708
9.07 -0.000246598 0.00279548 0.00476819
9.08 -0.00348299 -0.000526267 -0.00910205
9.09 -0.00314666 0.00272774 0.00219538
9.1 0.0117451 -0.00465914 0.00396117
9.11 -0.0155287 0.00355076 -0.00253181
9.12 0.0119491 0.0014308 -0.00857271
9.13 -0.0182319 0.0043041 -0.00844108
9.14 0.0127486 -0.00386509 0.0100314
9.15 0.00214108 -0.00268103 0.00382683
9.16 -0.00684742 0.00274194 -0.000993174
9.17 0.00969632 -0.0048877 0.00389549
9.18 -0.00642936 0.00567712 -0.00369244
9.19 0.00385104 -0.00938478 0.0114287
9.2 0.010402 0.00313787 0.00644636
9.21 -0.00745938 -0.00727983 0.00239529
9.22 0.0108673 0.00138645 0.0150384
9.23 0.00281527 -0.00514022 -0.00777286
9.24 -0.0187016 0.0101813 -0.00303084
9.25 0.0212674 -0.00785358 -0.00451892
9.26 -0.0231604 0.00996374 -0.000321281
9.27 0.0118392 -0.00537061 -0.011378
9.28 -0.0104235 0.0104353 -0.0025068
9.29 -0.00176422 -0.00577125 -0.00840384
9.3 0.00134981 0.00788262 0.001649
9.31 0.000175936 -0.0068114 -0.00306093
9.32 -0.00201361 0.00253911 0.012698
9.33 0.00943068 -0.000830982 -0.0156465
9.34 -0.020437 0.00309634 0.00804475
9.35 0.0215658 -0.00146083 -0.00999465
9.36 -0.00933929 -0.00687651 0.0288959
9.37 0.0135953 -0.000897612 -0.00596312
9.38 0.000470679 -0.00471884 0.0176511
9.39 -0.00514642 0.00371701 -0.0124735
9.4 0.0115145 -0.00725254 0.0195908
9.41 0.000770444 -0.00144003 0.00443892
9.42 0.00361568 -0.0044496 0.00951656
9.43 -0.00401559 0.00764136 -0.0168005
9.44 -0.00945808 0.00145888 -0.00755497
9.45 -0.000588927 0.00564262 -0.00992985
9.46 -0.000399547 -0.00133036 -0.00215377
9.47 -0.00360195 -0.000745759 0.0084984
9.48 0.0101029 0.00147082 -0.0114006
9.49 -0.0227321 0.00476093 -0.00392579
9.5 0.0178235 -0.00084516 -0.00652018
9.51 -0.0157755 0.00290782 0.00106656
9.52 -0.00197504 0.00692968 -0.0263726
9.53 -0.0051891 0.00149575 0.00474106
9.54 0.0037184 -0.00084358 -0.00684397
9.55 -0.0111385 0.00641784 -0.00715576
9.56 0.00711603 -0.00268825 -0.00277122
9.57 -0.00730318 0.00234054 0.00383698
9.58 0.00572003 -0.00034826 -0.00912937
9.59 -0.00164362 -0.0042962 0.0214002
9.6 0.0106391 -0.00148847 -0.00679224
9.61 -0.016594 0.00703349 -0.00748643
9.62 0.00836489 -0.0045218 0.00147819
9.63 0.00563564 -0.00148728 0.013304
9.64 -0.0105691 0.00230802 -0.0148517
9.65 0.0108966 -0.00309726 0.0167243
9.66 -0.00282895 -0.000137164 -0.00847984
9.67 -0.00279898 0.00117268 0.00589782
9.68 0.010682 -0.0067505 0.0088678
9.69 -0.00306435 0.0039018 -0.00248655
9.7 -0.00424449 -0.00411515 0.0045484
9.71 0.0150751 0.0014528 0.000637599
9.72 -0.0214086 0.000591516 -0.00440638
9.73 0.0241046 -0.00474258 0.0141384
9.74 -0.0196711 0.00840234 -0.0233137
9.75 0.00497633 -0.00655583 0.0188419
9.76 0.0147657 -0.00196162 0.00289613
9.77 -0.0147411 0.00182518 -0.00288158
9.78 0.00332876 7.70352e-05 -0.00101588
9.79 0.010586 -0.000394967 0.000538559
9.8 -0.0277569 0.00532323 -0.0123259
9.81 0.0227363 0.00179856 -0.00634939
9.82 -0.0184661 -0.00222176 0.00708401
9.83 0.013654 -0.00159956 0.00361808
9.84 0.00127764 -0.000687786 0.00122374
9.85 -0.0123097 0.00178077 -0.00312513
9.86 0.0126252 0.00100686 -0.00458666
9.87 -0.0148336 0.00324466 -0.00642623
9.88 0.00841072 -0.00525026 0.012183
9.89 0.00722055 0.00126398 -0.00273477
9.9 -0.00610951 -0.00854413 0.0224348
9.91 0.0176039 0.000640333 -0.00262968
9.92 -0.00882223 -0.00273335 0.00826584
9.93 -0.00231352 0.00204552 -0.00641316
9.94 0.0133174 -0.000283594 0.00181201
9.95 -0.0255719 0.00262146 -0.00820897
9.96 0.0294313 -0.00459144 0.014415
9.97 -0.0174647 0.000293232 -0.00517847
9.98 0.00675452 -0.000277654 0.00741384
9.99 -0.000775024 0.0036888 -0.0185722
10 -0.013833 0.00388051 0.00101211
10.01 0.00477161 0.00161971 -0.0166959
10.02 -0.00237698 0.00336146 0.00475805
10.03 -0.00636733 -0.00594972 0.00138348
10.04 0.0166113 0.00680789 -0.00326832
10.05 -0.0204214 -0.00904074 0.00870481
10.06 0.027245 0.00244653 0.00896865
10.07 -0.0160969 -0.00342413 -0.00749302
10.08 -0.00369102 0.00790718 -0.00295057
10.09 0.0140288 -0.00659967 -0.00111257
10.1 -0.0237618 0.0107996 -0.00999227
10.11 0.0145576 -0.0068267 0.00099555
10.12 -0.00689549 0.00898955 -0.00868043
10.13 -0.00399209 -0.00964875 0.0129474
10.14 0.0180744 0.00423044 -0.00149116
10.15 -0.018973 -0.00211554 -0.00192632
10.16 0.00547424 0.00430211 -0.00520494
10.17 0.00890444 -0.0036767 0.00484858
10.18 -0.0193193 0.00100298 0.000622161
10.19 0.0254737 0.000381162 -0.00232627
10.2 -0.0303825 0.00430476 -0.0123355
10.21 0.0200607 -0.00380296 0.0143378
10.22 0.000318656 -0.0016562 -0.00388216
10.23 -0.00966748 0.00066874 0.00985524
10.24 0.0177653 -0.00530323 -0.000573667
10.25 -0.0116571 0.00647751 -0.000688598
10.26 0.00296417 -0.0118677 0.0137621
10.27 0.0274424 0.000242637 0.016858
10.28 -0.0252211 -0.00925168 0.00555561
10.29 0.0272961 0.00661275 0.00269473
10.3 -0.0167711 -0.00667472 -0.00440863
10.31 -0.00120608 0.00882997 0.000832751
10.32 0.0169957 -0.010893 0.00296725
10.33 -0.0242454 0.0124916 -0.00655494
10.34 0.0170907 -0.0102417 0.00132681
10.35 -0.00786907 0.0119035 -0.00715213
10.36 -0.00434784 -0.012671 0.0112635
10.37 0.0136671 0.0128786 -0.0141685
10.38 -0.0199849 -0.00888928 0.00608716
10.39 0.0161656 0.00476655 0.00275373
10.4 -0.00318439 -0.00123985 -0.010491
10.41 -0.0215492 0.00574805 -0.00257412
10.42 0.0269238 0.000824736 -0.0124663
10.43 -0.035699 0.00367671 -0.00202622
10.44 0.0228387 0.000533294 -0.00509777
10.45 -0.00868044 -0.000433319 0.000500102
10.46 -0.00889307 0.00338526 -0.00381158
10.47 0.0140741 -0.00153529 -0.00480479
10.48 -0.0204508 0.0088098 -0.0110329
10.49 0.0110792 -0.0118286 0.0169243
10.5 0.0139739 0.0063112 -0.00145667
10.51 -0.0282339 -0.00645621 0.000612271
10.52 0.0252051 0.0130333 -0.0160214
10.53 -0.0268513 -0.0072798 -0.000873302
10.54 0.0144878 0.00539339 0.00815127
10.55 0.0213262 -0.0209573 0.030009
10.56 -0.0132656 0.00587519 0.0101117
10.57 0.0183899 -0.007821 -0.00518776
10.58 -0.012089 0.00621832 0.0086239
10.59 -0.00054383 -0.00262743 -0.0166747
10.6 0.00179513 0.00805581 0.00117385
10.61 -0.00650524 -0.00840819 0.00132446
10.62 0.0062789 0.0091952 -0.00503912
10.63 -0.0103708 -0.00190427 -0.0122226
10.64 -0.010081 0.0112461 -0.0135749
10.65 0.00995899 -0.00401918 -0.00312263
10.66 -0.0139192 0.00202416 0.0058467
10.67 0.022469 -0.00727591 0.0107217
10.68 -0.00865889 -0.00177645 0.00918277
10.69 0.00219843 0.00375563 -0.010684
10.7 0.00179534 -0.00526824 0.011274
10.71 -0.00261601 0.00699977 -0.0129227
10.72 -0.00297497 -0.00604093 0.00811976
10.73 0.0117502 0.00289682 0.00206921
10.74 -0.0101563 -0.00648542 0.00521194
10.75 0.00667163 0.00974215 -0.0117634
10.76 -0.00894714 -0.00673483 0.0023233
10.77 -0.0026871 0.0142621 -0.0204991
10.78 -0.00122352 -0.00975158 0.00807967
10.79 0.0048585 0.00547177 0.003341
10.8 0.00334911 -0.0104616 0.00951825
10.81 -0.0004989 0.00681447 -0.000400306
10.82 -0.000588657 -0.00457587 -0.00480744
10.83 -0.00289167 0.00571124 0.00112073
10.84 0.00203079 -0.00319835 -0.00672316
10.85 -0.00877934 0.00729167 -0.00498173
10.86 0.00641686 -0.00511686 0.000786558
10.87 -0.00701359 0.00633176 -0.00568023
10.88 0.00351731 -0.00455918 0.00309167
10.89 0.0049252 -0.00259946 0.0134614
10.9 0.000953641 0.000817781 -0.00717099
10.91 -0.00641132 -0.00102423 0.00623645
10.92 0.00372604 0.00833236 -0.0238603
10.93 -0.0115056 -0.00685667 0.0189976
10.94 0.014726 0.00709465 -0.0186781
10.95 -0.0168275 -0.00478977 0.0116968
10.96 0.0167753 9.92381e-05 0.00173293
10.97 0.00502101 -0.0110823 0.0253291
10.98 0.000114059 0.00168082 4.11239e-05
10.99 0.00234187 -0.000641537 -0.00352482
11 -0.0086649 0.00553773 -0.00860917
11.01 -0.0018346 0.000458804 -0.00716597
11.02 -0.00174732 0.00629086 -0.0101973
11.03 -0.00188876 -0.00767883 0.0138977
11.04 0.0132192 0.00130371 0.00244272
11.05 -0.0109198 -0.0020147 -0.000729187
11.06 0.00662284 0.000188828 0.00592777
11.07 0.00651985 -0.0035519 0.0021836
11.08 -0.011431 0.00135085 0.00388633
11.09 0.0159562 -0.00210505 -0.0018848
11.1 -0.0160319 0.00350599 -0.00233933
11.11 0.00853184 -0.00229433 0.000323172
11.12 0.00258874 -0.00117293 0.00732186
11.13 -0.0069903 0.00180917 -0.00782726
11.14 0.00048647 0.00272713 -0.0047895
11.15 -0.00132341 0.00161976 -0.00573798
11.16 -0.0117014 0.00409039 -0.00977587
11.17 0.0048125 0.00584214 -0.0150719
11.18 -0.0110441 -0.00417863 0.00992164
11.19 0.0139994 0.00309087 -0.00621867
11.2 -0.00940508 -0.00541181 0.011243
11.21 0.00329445 0.00741404 -0.0155425
11.22 -0.00285972 -0.00462516 0.00771108
11.23 0.000754434 0.00358071 -0.00466525
11.24 0.00458334 -0.00634991 0.0118316
11.25 -0.00217674 0.00467066 -0.00792761
11.26 0.00219775 -0.00645081 0.0134003
11.27 0.00203937 0.00533517 -0.0117305
11.28 -0.0118585 0.00190707 -0.00575147
11.29 0.00371537 0.00230316 -0.00618112
11.3 0.00552692 -0.00586818 0.0164411
11.31 -0.0017171 -0.00101169 0.000159881
11.32 0.00858621 -0.00142426 0.00745745
11.33 -0.0156269 0.00624039 -0.021541
11.34 -0.000794468 0.00590465 -0.00801908
11.35 -0.00577226 0.000649579 -0.0107172
11.36 -0.00392839 0.00708801 -0.00779968
11.37 -0.0011405 -0.00482895 0.000890685
11.38 0.00407304 0.0057562 -0.00265266
11.39 -0.0118228 -0.00247632 -0.00625421
11.4 0.00915673 0.00594866 -0.0023766
11.41 -0.00564726 -0.00867959 0.00925742
11.42 0.00662569 0.00701145 -0.00504393
11.43 -0.00217528 -0.0094509 0.0117972
11.44 -0.00153663 0.012037 -0.0194236
11.45 -0.0100559 -0.00255299 -0.003793
11.46 0.00434838 0.00600243 -0.00655313
11.47 0.00449565 -0.0119009 0.0234829
11.48 -0.00119073 0.00932312 -0.018979
11.49 -0.00242874 -0.00724998 0.0161796
11.5 0.0103322 0.000447906 -0.00118539
11.51 -0.00728566 0.000353672 0.00142247
11.52 0.00336883 -0.00309705 0.00375593
11.53 0.00672794 0.00159819 0.00178264
11.54 -0.0243705 0.00915612 -0.0315399
11.55 0.0140993 -0.00308086 0.0184555
11.56 -0.00532705 0.00217116 -0.0192417
11.57 -0.00145636 -0.00344415 0.0258335
11.58 0.0140069 -0.00289814 -0.0125118
11.59 -0.0148948 0.00580542 0.00743617
11.6 0.00436718 -0.0054519 -0.0100591
11.61 0.00732343 0.00694095 0.00744866
11.62 -0.0161741 -0.00951809 -0.00187338
11.63 0.0200093 0.0119227 -0.00321999
11.64 -0.0151873 -0.0161863 0.0131307
11.65 0.00870106 0.0179026 -0.0167073
11.66 -0.00639414 -0.014101 0.0064445
11.67 -0.00138442 0.0143214 -0.00711355
11.68 0.00696801 -0.0145129 0.00840395
11.69 -0.00413155 0.0108103 -0.00038117
11.7 0.00868887 -0.0162397 0.0167706
11.71 0.00628374 0.00775699 0.00218353
11.72 -0.00468789 -0.0120968 0.0123953
11.73 0.00761064 0.0108069 -0.0126559
11.74 -0.0104792 -0.00661964 0.0055494
11.75 -0.00156803 0.0119627 -0.0232528
11.76 0.005232 -0.0102086 0.0230254
11.77 -0.00140003 0.00305634 -0.00927914
11.78 0.00840993 -0.00555337 0.0208364
11.79 -0.00614113 0.00202357 -0.0171475
11.8 0.00400384 0.000197523 0.0170884
11.81 -0.00496503 0.000704229 -0.0252365
11.82 -0.00557776 0.00835209 0.0075101
11.83 0.00463541 -0.0105834 -0.00694014
11.84 -0.00448691 0.0165203 -0.00398997
11.85 -0.0124002 -0.00996992 -0.0167372
11.86 0.0144022 0.0131442 0.0120125
11.87 -0.00968303 -0.0182912 -0.00191464
11.88 0.00340559 0.0225852 -0.00657518
11.89 0.00384735 -0.0277926 0.0184482
11.9 -0.00351825 0.028658 -0.0204272
11.91 -0.00494519 -0.0241632 0.00982469
11.92 0.00912871 0.0221988 -0.00672945
11.93 -0.00648854 -0.0236046 0.0131276
11.94 0.00817934 0.0192282 -0.00527164
11.95 0.00219327 -0.0232723 0.0199555
11.96 0.00516728 0.0124951 0.00298058
11.97 0.00107855 -0.0122891 0.00194926
11.98 -0.00310214 0.00897171 0.000740303
11.99 0.0117221 -0.0129752 0.016078
12 -0.00372906 0.00622314 -0.00567153
12.01 -0.000433359 -0.00381537 0.00683748
12.02 0.00419666 0.00105088 -0.00709549
12.03 -0.00822333 0.00418871 0.0006802
12.04 0.00586295 -0.00737209 0.000929085
12.05 0.00495041 0.0055521 0.00994004
12.06 -0.00789038 -0.00949766 -0.00563323
12.07 0.00744711 0.0143133 -0.00117905
12.08 -0.00985828 -0.0145756 -0.00344897
12.09 0.0127356 0.0115431 0.0163431
12.1 0.00590261 -0.0244289 0.0124264
12.11 -0.00572901 0.0238178 -0.00728094
12.12 -0.00391566 -0.0175554 -0.0114554
12.13 -0.00385698 0.0264703 -0.00998483
12.14 -0.00668201 -0.0211363 -0.0045205
12.15 0.00450744 0.0254645 -0.0068029
12.16 -0.00946042 -0.0223894 -0.000284376
12.17 0.00668909 0.0234119 -0.00391797
12.18 -0.00801888 -0.0188976 -0.00557935
12.19 -0.00490757 0.0250411 -0.0132558
12.2 0.000840552 -0.0183093 -0.000278693
12.21 -0.0036669 0.0184771 -0.00495079
12.22 -0.00214003 -0.0124625 -0.00506735
12.23 0.00414444 0.00914829 0.00761378
12.24 -0.00445462 -0.00589897 -0.00974157
12.25 0.00327849 0.00238134 0.0124543
12.26 0.00403875 -0.00328503 -0.00360466
12.27 -0.00303291 -0.00185893 0.0102251
12.28 0.00465944 0.00373035 -0.00827199
12.29 -0.00554117 -0.00483128 0.00428431
12.3 0.0014878 0.00882372 -0.00784439
12.31 -0.00390585 -0.00699385 -0.00348201
12.32 2.65218e-05 0.0100677 0.00187588
12.33 0.00877987 -0.0185273 0.0142244
12.34 -0.00172449 0.016707 -0.00458901
12.35 -0.00690113 -0.0145894 -0.00508738
12.36 0.00284964 0.0220503 -0.0106414
12.37 -0.0112736 -0.0178891 -0.00305455
12.38 0.0106035 0.0183874 0.00416663
12.39 -0.00385729 -0.0213674 0.00171982
12.4 -0.00400362 0.0249809 -0.0101539
12.41 0.00130352 -0.0214153 0.00114034
12.42 0.00150929 0.0188819 0.00417348
12.43 -0.0073201 -0.0136565 -0.0157094
12.44 0.00658525 0.0122324 0.0169378
12.45 -0.00240432 -0.0122272 -0.0140883
12.46 -0.00903394 0.0187507 -0.00632634
12.47 6.57141e-05 -0.0107399 -0.0100314
12.48 0.00359282 0.00770493 0.0129651
12.49 -0.00594583 -0.00471356 -0.0155749
12.5 0.00184226 0.00558224 0.00810169
12.51 -0.00302514 -0.00115616 -0.014268
12.52 0.000110223 -0.000647547 0.0136747
12.53 0.00501784 0.000420979 -0.00784256
12.54 -0.001014 -0.0067215 0.0189484
12.55 0.0042363 0.00639895 -0.0131049
12.56 -0.00665041 -0.00549562 0.00593146
12.57 0.00433807 0.00687979 -0.00480539
12.58 0.00157197 -0.0106589 0.0101612
12.59 0.00125413 0.00790295 0.000963233
12.6 0.00188935 -0.0108753 0.00319487
12.61 -0.00103111 0.0118459 -0.00270878
12.62 -0.00267857 -0.0114424 -0.000793488
12.63 0.00518018 0.0119417 0.00151761
12.64 -0.00509215 -0.0137332 0.00150141
12.65 0.00491305 0.0146275 -0.00263508
12.66 -0.0024039 -0.0167262 0.00740973
12.67 0.00390128 0.0151731 -0.00331781
12.68 -0.00294266 -0.0151725 0.00380755
12.69 0.00623194 0.0109539 0.00615373
12.7 0.00113111 -0.0148048 0.00521058
12.71 0.00490841 0.00763149 0.0115109
12.72 -0.00203473 -0.00718094 -0.010553
12.73 -0.000951702 0.00666918 0.00950812
12.74 0.00459609 -0.00760328 -0.00436713
12.75 -0.00133884 0.00427716 0.00986964
12.76 0.000363288 -0.0035563 -0.0083644
12.77 0.00791952 -0.00378706 0.0239941
12.78 -0.00283271 0.00216421 -0.0166645
12.79 0.00544246 -0.0086883 0.0307649
12.8 0.0025748 0.00781912 -0.0261275
12.81 -0.0100328 -0.006571 0.0207224
12.82 0.0164477 0.00275508 -0.00854661
12.83 -0.0136332 -0.00170821 0.00316682
12.84 0.00415737 0.00260541 -0.00250976
12.85 0.00670636 -0.00449492 0.00445123
12.86 -0.0135397 0.00657588 -0.00732959
12.87 0.00946787 -0.00496095 0.00128828
12.88 -0.00339311 0.0059376 -0.00251642
12.89 -0.00443311 -0.00735853 0.00528181
12.9 0.0135981 0.0065506 -0.00243664
12.91 -0.0178403 -0.00575092 -0.000491636
12.92 0.0104637 0.00966844 -0.00865984
12.93 -0.00823918 -0.00597738 -0.00184129
12.94 -0.00330966 0.00861175 -0.00426215
12.95 0.00856119 -0.00777392 0.00190549
12.96 -0.00897449 0.00645041 0.00102404
12.97 0.0026443 -0.00276496 -0.00949614
12.98 0.00166201 0.00207073 0.00992373
12.99 -0.000732787 -0.00564903 0.000887485
13 0.0120089 -0.00217869 0.0178088
13.01 -0.00417083 -0.00266413 -0.00391653
13.02 0.00396741 -0.000952447 0.0120778
13.03 0.00289683 0.00016896 -0.00893622
13.04 -0.0107473 0.00249263 0.00081321
13.05 0.0046867 0.00383153 -0.0157362
13.06 -0.00586379 -0.00251498 0.0108392
13.07 0.00543704 0.00109424 -0.00567087
13.08 0.00328943 -0.00605577 0.01714
13.09 0.00222426 0.000271605 -0.00105299
13.1 0.00402422 -0.00518193 0.0129013
13.11 -0.00512012 0.00798824 -0.0197469
13.12 -0.00451373 -0.0037572 0.00883179
13.13 0.00742518 0.00457354 -0.0111699
13.14 -0.00765912 -0.00585007 0.01476
13.15 0.0135662 -0.000121682 0.000486699
13.16 -0.00578872 -0.00207165 0.00518194
13.17 -0.000608011 0.00193059 -0.00473774
13.18 0.00969511 -0.0054782 0.0140723
13.19 -0.00869619 0.00433989 -0.0117538
13.2 0.000356261 -0.00019518 0.00202179
13.21 0.00389616 8.33389e-05 -0.00277718
13.22 -0.00200933 -0.00431758 0.0147251
13.23 0.00765875 0.00106974 -0.00724499
13.24 -0.0132007 0.0051182 -0.00817827
13.25 0.00577783 -0.004536 0.00663935
13.26 0.0021943 0.00545039 -0.00940974
13.27 -0.0146756 -0.00131351 -0.000814654
13.28 0.0156327 0.00219063 -0.00165275
13.29 -0.0116422 -0.00221895 0.00155891
13.3 -0.00469591 0.00999943 -0.0214979
13.31 0.00286966 -0.00407325 0.00632312
13.32 -0.00532057 0.00387872 -0.00636474
13.33 0.00953125 -0.00825043 0.0186764
13.34 0.000801078 0.00382765 -0.00870008
13.35 -0.00375182 -0.00642532 0.0171472
13.36 0.0102953 0.00509002 -0.015484
13.37 -0.0119299 -0.00505467 0.0170927
13.38 0.0120213 0.00277598 -0.0126898
13.39 -0.00481652 -0.00356695 0.0160484
13.4 -0.00050502 0.00191044 -0.0130537
13.41 -0.000265223 0.00417111 -0.0013815
13.42 -0.0100617 0.00061289 -0.0123609
13.43 0.00987292 -0.00051458 0.0137656
13.44 0.000238094 -0.00450442 -0.00267722
13.45 -0.00601096 0.00556156 0.00172454
13.46 0.00519583 -0.00271672 -0.0105688
13.47 -5.29395e-06 -0.00236463 0.0250564
13.48 0.011939 -0.00817771 0.00105632
13.49 -0.00539207 0.0067102 0.00345897
13.5 0.00627765 -0.01404 0.015377
13.51 0.0113913 0.006896 0.00280252
13.52 -0.00932608 -0.0133582 0.0143826
13.53 0.0142419 0.0103979 -0.00726091
13.54 -0.0123988 -0.00868877 0.00338022
13.55 -0.0019903 0.0146203 -0.0194519
13.56 0.00274464 -0.0100001 0.00874278
13.57 -0.00435167 0.00805573 -0.0055475
13.58 0.00532571 -0.00813427 0.00815167
13.59 -0.00147708 0.00675038 -0.00750524
13.6 -0.00275705 -0.00638055 0.00989
13.61 0.0109047 0.00216931 -0.00249206
13.62 -0.00835832 -0.00437115 0.011643
13.63 0.0114112 -0.000707107 -0.0018185
13.64 -0.00495538 0.000512103 0.00544558
13.65 -0.00329699 0.000576399 -0.011344
13.66 0.0073036 -6.78771e-05 0.0133163
13.67 -0.00312159 -0.00441206 -0.00523465
13.68 -0.00133949 0.0075214 0.000676988
13.69 0.000505176 -0.00590649 -0.00812664
13.7 -0.00415973 0.00821236 0.00512622
13.71 0.00101196 -0.00571106 -0.014218
13.72 -0.00817744 0.0128783 -0.00217424
13.73 0.00114281 -0.0102936 -0.00605405
13.74 -0.00244378 0.0156726 -0.00696973
13.75 -0.00682936 -0.0124889 -0.00157201
13.76 0.00231116 0.0194366 -0.0166689
13.77 -0.0109856 -0.0139495 0.00328879
13.78 0.0120291 0.0116228 0.00157378
13.79 0.00216614 -0.0194932 0.0203691
13.8 0.00527054 0.00955851 0.00315161
13.81 0.0017709 -0.0116438 0.00495642
13.82 -0.00907956 0.015907 -0.0193898
13.83 0.00011005 -0.00987218 0.0079801
13.84 0.0106659 0.00297531 0.00526612
13.85 -0.0116392 -0.0018785 -0.00359242
13.86 0.00669931 0.00300753 -0.00364193
13.87 -0.00764998 0.00246291 -0.00638775
13.88 -0.00291711 0.000915062 -0.00635231
13.89 0.00252956 0.00324551 -0.000393468
13.9 -0.00443457 -0.00336639 -0.00335841
13.91 -0.00455681 0.0108914 -0.0122027
13.92 -0.00111802 -0.00614066 -0.00366179
13.93 -0.00270303 0.00887268 -0.000169184
13.94 0.00507238 -0.0109434 0.0027162
13.95 -0.00363398 0.0111658 -0.00102954
13.96 0.00486312 -0.0149814 0.0092646
13.97 0.000213177 0.0148224 -0.00788125
13.98 -0.0104214 -0.00980366 -0.00563236
13.99 0.0124732 0.0083661 0.00979766
14 0.00184486 -0.0177849 0.0143103
14.01 0.00132832 0.0129445 -0.00204792
14.02 -0.00163921 -0.010925 -0.00238911
14.03 -0.00393205 0.0146485 -0.0085692
14.04 -0.00424837 -0.00843016 -0.00565372
14.05 0.00488667 0.00843109 0.00343702
14.06 -0.00376132 -0.00944149 0.00166252
14.07 0.00331633 0.0097224 -0.00521223
14.08 -0.00486283 -0.00821633 0.00449042
14.09 0.0102772 0.00255484 0.00679966
14.1 -0.00873725 -0.000559924 -0.00865642
14.11 -0.000763123 0.00396875 -0.0034687
14.12 -0.00668911 0.00638007 -0.0199772
14.13 0.00663508 -0.0113806 0.0298806
14.14 0.0138575 -0.00110496 0.00529613
14.15 -0.00498539 -0.0065766 0.011482
14.16 0.00494124 0.00380887 -0.00103742
14.17 0.00373123 -0.00655192 0.00487228
14.18 -0.00451384 0.00335953 0.00646304
14.19 0.0179962 -0.0133982 0.0169455
14.2 -0.00966671 0.0105241 -0.00778186
14.21 -0.0020544 -0.00795025 7.59672e-05
14.22 0.010243 0.00773082 0.00126215
14.23 -0.0183136 -0.00396608 -0.0118553
14.24 0.00866406 0.0100389 -0.00285256
14.25 -0.00439325 -0.00907924 -0.000517927
14.26 -0.00563806 0.0128916 -0.00893041
14.27 0.00536209 -0.0107605 0.00374068
14.28 -0.00422175 0.0110093 -0.00550848
14.29 -0.00633739 -0.00538737 -0.00732248
14.3 0.00920446 0.00544065 0.0052124
14.31 -0.0066261 -0.00834205 0.00442161
14.32 0.00945868 0.00524643 0.0012902
14.33 -0.0140414 0.00171577 -0.0170571
14.34 0.00285878 0.00183487 0.00579881
14.35 0.00326859 -0.00143262 -0.00471995
14.36 -0.00329337 -0.00186028 0.0109254
14.37 0.00255075 0.00343052 -0.0125578
14.38 -0.00236705 -0.00249104 0.00766412
14.39 -0.00455646 0.00598227 -0.0143403
14.4 0.00467636 -0.00444233 0.00829188
14.41 -0.0034982 0.0029437 -0.00267348
14.42 0.00821254 -0.00783073 0.0139637
14.43 -0.003742 0.0073679 -0.0119257
14.44 -0.00141925 -0.00755175 0.0120229
14.45 0.00748436 0.00642391 -0.00899803
14.46 -0.0110733 -0.00499944 0.00526417
14.47 0.0114245 0.00294407 0.000214745
14.48 6.76289e-05 -0.00837585 0.0136751
14.49 0.000281106 0.00437485 -0.00339949
14.5 0.00152841 -0.00344353 0.00135052
14.51 -0.00213244 0.00338624 -0.00182898
14.52 -0.000739428 -0.0023898 0.000117168
14.53 0.00402716 0.00213308 -0.000457475
14.54 -0.0151904 0.00545369 -0.018335
14.55 0.00126171 0.00555993 -0.0107466
14.56 -0.00395892 -0.00280623 0.00423421
14.57 0.0106762 -0.00377579 0.0122221
14.58 -0.00134276 -0.00160648 0.00211039
14.59 0.00618393 -0.00490956 0.0144689
14.6 -0.000472564 0.00297865 -0.00934468
14.61 -0.000142584 -0.00462852 0.0136015
14.62 0.00175777 0.00436826 -0.0129811
14.63 -0.00508728 -0.00109887 0.00454037
14.64 0.00309759 0.00023331 -0.00215642
14.65 0.00572651 -0.00434447 0.0126064
14.66 -0.0110001 0.00761474 -0.0211992
14.67 -0.000838763 0.000405948 0.000941129
14.68 0.00373768 -0.000526992 -0.00115702
14.69 0.00186447 -0.0062942 0.0193363
14.7 0.00882573 -0.000224955 -0.00305081
14.71 -0.0107896 0.00144104 0.000298347
14.72 0.00465006 0.00183806 -0.00893113
14.73 0.000541907 -0.00398765 0.01466
14.74 0.00244893 0.000349992 -0.00558753
14.75 -0.00195162 -0.00036066 0.00607848
14.76 0.002414 0.000302307 -0.00648455
14.77 -0.00594578 0.00194843 0.00125447
14.78 0.00112743 0.00269095 -0.0138977
14.79 -0.00912593 0.00321595 -0.000716674
14.8 0.00237516 0.00221201 -0.0139762
14.81 -0.003817 -0.000806771 0.0110575
14.82 0.00874787 -0.00404444 0.000798078
14.83 -0.00505754 0.00324947 0.00175239
14.84 0.00261829 -0.00433461 0.000770573
14.85 0.00293126 0.00257413 0.00396849
14.86 -0.00423399 -0.00274258 -0.00374209
14.87 0.00374556 0.00245188 0.00477179
14.88 0.000139548 -0.00364482 -0.00194985
14.89 -0.00802248 0.00865699 -0.0110406
14.9 0.0065052 -0.00842072 0.0110311
14.91 -0.00114625 0.00733375 -0.00942219
14.92 0.00179616 -0.0125073 0.0245819
14.93 0.00960593 0.007921 -0.0149741
14.94 -0.0154057 -0.00531967 0.0106556
14.95 0.00987077 0.00821484 -0.0205394
14.96 -0.0122452 -0.00153786 0.00562176
14.97 0.00352568 0.0018093 -0.00861808
14.98 0.00961184 -0.00669062 0.0237584
14.99 -0.00769284 0.00338467 -0.0182585
15 0.00170693 -0.000798128 0.0150862
15.01 0.00594839 -0.00122173 -0.0135269
15.02 -0.0133896 0.00387729 0.0101056
15.03 0.0157831 -0.0055259 -0.00875876
15.04 -0.0106795 0.00468076 0.013238
15.05 0.00224222 -0.00309016 -0.0191998
15.06 0.00152896 0.00497091 0.0159671
15.07 -0.00195129 -0.00800296 -0.00959978
15.08 -0.00370525 0.0148009 -0.00686969
15.09 -0.00282078 -0.0110376 -0.00347611
15.1 -0.00477278 0.0182631 -0.015201
15.11 0.00454417 -0.0198191 0.0200272
15.12 0.00294681 0.0160653 -0.0119488
15.13 -0.00802525 -0.0131209 0.00650283
15.14 0.00804 0.0119083 -0.00582043
15.15 -0.00515268 -0.0108981 0.00587426
15.16 0.00311741 0.00809375 -0.00150345
15.17 0.00237338 -0.00845662 0.00560116
15.18 -0.00260013 0.00636048 -0.00369027
15.19 0.00072394 -0.00480218 0.00350167
15.2 0.000861045 0.00535983 -0.00904875
15.21 -0.0109401 0.000529478 -0.00202398
15.22 0.00976796 0.00133947 -0.00679504
15.23 -0.00945188 -0.000709673 0.0089328
15.24 0.0120967 -0.0042512 0.000397968
15.25 -0.0066728 0.00446159 0.00222646
15.26 0.00160889 -0.00538864 -0.00275592
15.27 0.00538215 0.00312851 0.0115218
15.28 -0.00268158 -0.00583442 -0.00757986
15.29 -0.00389266 0.00966536 0.000721738
15.3 0.00160972 -0.00567603 -0.0139332
15.31 -0.0109608 0.0117924 0.000696348
15.32 0.00865067 -0.0106936 -0.00560783
15.33 -0.0059217 0.0116709 0.00456734
15.34 -0.00515076 -0.00664029 -0.018698
15.35 0.00483784 0.00960116 0.0120116
15.36 -0.00189004 -0.0132718 -0.0032778
15.37 0.00422966 0.0117812 0.00752576
15.38 4.92766e-05 -0.0152714 0.00160494
15.39 -0.00113995 0.0167707 -0.00627642
15.4 -0.0071214 -0.0111067 -0.00689885
15.41 0.00405449 0.0141261 -0.00294826
15.42 -0.00483348 -0.0135955 0.0041981
15.43 0.0095929 0.00912204 0.00422315
15.44 -0.00869465 -0.00782842 -0.00406326
15.45 0.00703368 0.00588732 0.0053053
15.46 -0.00663918 -0.00218581 -0.0108878
15.47 0.000724718 0.00315142 0.0041875
15.48 0.00195653 -0.00314463 0.0003166
15.49 -0.00162922 0.0032083 -0.00540047
15.5 -0.00283706 -0.00197713 0.00746111
15.51 0.00339797 0.00490356 -0.0205073
15.52 -0.0166921 0.0035705 0.00401379
15.53 0.0246239 -0.0123306 0.01389
15.54 -0.00174594 0.000832813 0.0198151
15.55 0.00604265 -0.0130194 0.00829077
15.56 0.00519027 0.0123265 -0.00358745
15.57 -0.0162134 -0.00869604 -0.00841236
15.58 0.013436 0.0108303 0.00546813
15.59 -0.00584388 -0.0123018 -0.00410868
15.6 0.00195871 0.00859941 0.0158021
15.61 0.0141165 -0.0160158 0.00193309
15.62 -0.0195277 0.0202117 -0.0125469
15.63 0.00668401 -0.0160403 0.0028939
15.64 0.00430675 0.0167739 -0.00696574
15.65 -0.0198012 -0.0127132 -0.00085709
15.66 0.0248182 0.0118943 0.000279971
15.67 -0.022567 -0.0100611 -0.00257155
15.68 0.0171418 0.0047457 0.0141813
15.69 -0.000171846 -0.00599405 -0.00894918
15.7 -0.01274 0.00632087 0.00579139
15.71 0.017235 -0.00642513 -0.00248785
15.72 -0.0125133 0.00689717 -0.00262569
15.73 -0.00907009 0.00151278 -0.014751
15.74 0.0136633 0.00355765 -0.00268865
15.75 -0.0268237 0.00272043 -0.0096961
15.76 0.0258917 -0.00488281 0.0122497
15.77 -0.0163268 0.00724926 -0.016244
15.78 -0.00873436 0.000203888 -0.00473271
15.79 0.00972168 0.00927322 -0.0179961
15.8 -0.0210204 -0.00475089 0.00417053
15.81 0.0168315 0.00569404 -0.00399215
15.82 -0.00415719 -0.00813518 0.00734147
15.83 -0.00597776 0.00731519 -0.0023224
15.84 0.0157467 -0.0092771 0.00498491
15.85 -0.0210457 0.0141706 -0.0161383
15.86 0.00267182 -0.00636271 -0.00464733
15.87 0.00867638 0.00664028 0.00407659
15.88 -0.0173495 -0.00721477 -0.00273051
15.89 0.0206495 0.00758911 0.00209482
15.9 -0.0161572 -0.0091074 0.00131581
15.91 0.00887585 0.00926214 -0.00122581
15.92 0.000727478 -0.0105601 0.00445203
15.93 -0.00314591 0.00799506 0.00168816
15.94 0.00839128 -0.0114573 0.00858676
15.95 0.00108747 0.0068026 0.00130281
15.96 -0.00963675 -0.00429991 -0.00510072
15.97 0.0165927 0.00130814 0.0100642
15.98 -0.0216003 0.00449485 -0.0226097
15.99 0.00760084 0.000680873 0.00714866
16 0.00313883 -0.002062 -0.001531
16.01 -0.00354612 -0.00318807 0.0128373
16.02 0.00600196 0.00409823 -0.0127293
16.03 -0.00109079 -0.00858761 0.0218741
16.04 0.000678441 0.00809921 -0.0183499
16.05 -0.00216144 -0.00533007 0.00919848
16.06 -0.0083382 0.0127626 -0.0268829
16.07 -0.00403922 -0.00294791 0.000472751
16.08 0.00275557 0.00441736 -0.00356855
16.09 0.00840893 -0.0149543 0.030608
16.1 0.0106523 0.00236873 0.00159267
16.11 -0.0102466 -0.00448296 0.00444395
16.12 0.00785376 0.00630287 -0.00979456
16.13 -0.00470962 -0.00782945 0.0146246
16.14 0.0156474 -0.0032239 0.0129987
16.15 -0.00224056 -0.00411594 0.00690031
16.16 0.0089093 -0.00506183 0.0159899
16.17 0.00465774 -0.00320928 0.00629565
16.18 -0.000564463 -0.000191483 0.00140498
16.19 -0.00647705 0.00395438 -0.00994936
16.2 0.00758725 -0.00272729 0.00576606
16.21 -0.0114763 0.0048821 -0.0106784
16.22 0.00687828 -0.0017869 0.00239119
16.23 -0.00394355 0.000998859 -0.000330855
16.24 -0.000835986 0.00147708 -0.00603516
16.25 -0.00499829 0.0042657 -0.0089135
16.26 0.00164349 -0.00283034 0.00547041
16.27 -0.00805964 0.0103763 -0.0256291
16.28 -0.0081563 -0.000109216 7.07728e-06
16.29 0.00415458 0.00496303 -0.0135394
16.3 -0.00650757 -0.00303182 0.00947978
16.31 0.000250063 0.00729989 -0.0215451
16.32 -0.00501817 -0.00263477 0.0106495
16.33 0.00486088 0.0018511 -0.00984892
16.34 -0.00551818 -0.000187733 0.00672002
16.35 0.00384089 0.000512353 -0.0086662
16.36 -0.00381311 -6.20839e-05 0.00856709
16.37 0.00756527 -0.00302065 -0.00155924
16.38 -0.00857408 0.00414295 -0.000616403
16.39 0.00253808 0.000442806 -0.0117861
16.4 -0.00700999 0.00292932 0.00352374
16.41 0.00774555 -0.00322944 -0.00307206
16.42 -0.0021221 -0.0017334 0.0161608
16.43 0.00776271 -0.00209453 -0.00652726
16.44 -0.00855549 0.0025565 0.00551882
16.45 0.00858306 -0.00371877 -0.00250252
16.46 -0.0100611 0.00781607 -0.00841518
16.47 -0.00208837 -0.00180055 -0.00659609
16.48 0.00267475 0.00413217 2.64323e-05
16.49 0.000525614 -0.00814947 0.0109035
16.5 -0.0002408 0.00877464 -0.0132509
16.51 -0.00843625 -0.001586 -0.00451182
16.52 7.88099e-05 0.00682787 -0.00988656
16.53 0.00192729 -0.00703562 0.0114591
16.54 -0.00421277 0.00913512 -0.0183641
16.55 -0.0031826 -0.0051098 0.0098721
16.56 0.00314795 0.00788508 -0.019323
16.57 -0.0156902 0.000424847 0.000209415
16.58 0.0135458 0.000409642 -0.00456685
16.59 -0.00728851 -0.00220637 0.0112399
16.6 0.00257915 0.00239396 -0.0138226
16.61 -0.000193232 -0.00207857 0.0153613
16.62 0.0095216 -0.00649049 0.00433073
16.63 -0.00396892 0.00266258 0.00795595
16.64 0.00602098 -0.00455027 -0.00534811
16.65 -0.00882512 0.00695832 0.00121316
16.66 0.00142072 -0.000980966 -0.0186049
16.67 -0.0101454 0.00791842 0.00242552
16.68 0.00688509 -0.0059101 -0.00907345
16.69 0.00101758 0.00030385 0.0248192
16.7 0.00899761 -0.00905006 -0.00326355
16.71 -0.00733878 0.0095458 0.00260306
16.72 0.00935867 -0.0151484 0.0119847
16.73 0.00221945 0.0111207 -0.00237958
16.74 -0.00736955 -0.0114169 0.00444498
16.75 0.0137997 0.00761051 0.00390812
16.76 -0.00972991 -0.00848512 -9.92809e-05
16.77 0.004757 0.00748699 0.00101108
16.78 0.00299934 -0.00860502 0.00389466
16.79 -0.00901389 0.0109981 -0.0127388
16.8 0.00662175 -0.0109806 0.0161944
16.81 0.00911051 0.00305243 0.000209684
16.82 -0.0091611 -0.0078077 0.0164193
16.83 0.0170251 0.00431666 -0.0117278
16.84 -0.0191061 -0.00201391 0.00990556
16.85 0.0181501 -0.00206246 -0.00307264
16.86 -0.00760108 0.00130493 0.00833733
16.87 -0.0022626 -0.000855294 -0.0126736
16.88 0.00416042 0.00379343 0.00835172
16.89 -0.0014931 -0.00665164 -0.00431593
16.9 5.10859e-05 0.00540998 0.0108448
16.91 0.00804103 -0.00804328 -0.0071403
16.92 -0.00994696 0.00626517 0.0144462
16.93 0.0151113 -0.00956264 -0.00803987
16.94 -0.0118104 0.00949139 0.0096395
16.95 0.0128004 -0.0165562 0.00805531
16.96 0.000927796 0.0140618 -0.00183097
16.97 -0.00912076 -0.01532 0.0058515
16.98 0.0195367 0.0106909 0.00521107
16.99 -0.0113077 -0.0158172 0.00896318
17 0.00950128 0.0117579 0.000505062
17.01 -0.00214027 -0.0103984 -0.0027356
17.02 -0.00892625 0.0133846 -0.00678741
17.03 0.0109485 -0.0135622 0.0099032
17.04 -0.00303433 0.0108006 -0.00632763
17.05 -0.0130595 -0.0036399 -0.00813075
17.06 0.0103917 0.0107822 -0.0145591
17.07 -0.0189995 -0.00635386 0.0073632
17.08 0.0209833 0.00331565 -0.00361976
17.09 -0.0133474 -0.00402253 0.0093378
17.1 0.00410187 0.00433312 -0.0140319
17.11 -0.00333718 0.00154699 0.00288078
17.12 -0.00500639 0.00109776 -0.014043
17.13 -0.00333341 0.00681328 -0.00188521
17.14 0.00938389 -0.0116861 0.0101004
17.15 -0.00366187 0.00717113 0.00559665
17.16 0.010178 -0.0131084 0.0061789
17.17 -0.00389429 0.00962676 0.00591389
17.18 0.00511715 -0.0129566 0.00011805
17.19 -0.00725248 0.0180986 -0.011485
17.2 0.00444856 -0.0208171 0.0174605
17.21 0.00547141 0.0182269 -0.0105528
17.22 -0.0139541 -0.0146394 0.00159758
17.23 0.0106651 0.0168793 -0.00804175
17.24 -0.0107244 -0.0130893 -0.000788505
17.25 0.000793872 0.0158195 -0.00771785
17.26 -0.0004722 -0.0114723 -0.00144111
17.27 -0.00506699 0.0138171 -0.00748812
17.28 -0.00379484 -0.00733334 -0.00569032
17.29 0.00483193 0.00890151 -0.00249979
17.3 -0.0105999 -0.00703155 0.0021629
17.31 0.0182071 0.00218662 0.00576537
17.32 -0.0161745 -0.00213477 -0.00144934
17.33 0.0120608 0.00107125 -6.43122e-05
17.34 -0.00936578 0.00261825 -0.00536145
17.35 0.000730258 -0.00124909 -0.00224434
17.36 -0.00311657 0.00711881 -0.00888583
17.37 -0.00101917 -0.00553246 0.000779354
17.38 -0.0101323 0.0150231 -0.0216139
17.39 0.0104567 -0.0165116 0.022429
17.4 0.00244758 0.00783404 0.00240189
17.41 0.00590184 -0.0158568 0.0164573
17.42 -0.00219297 0.0141813 -0.0108246
17.43 -0.00114408 -0.0128424 0.00666828
17.44 0.00260256 0.0124468 -0.00544048
17.45 0.000353247 -0.0152966 0.0131292
17.46 0.00614681 0.010314 -0.0010683
17.47 -0.00703735 -0.00905139 -0.00102228
17.48 0.0031006 0.0110867 -0.00573323
17.49 -0.00315782 -0.0103107 0.00564406
17.5 0.00399291 0.00985109 -0.00684518
17.51 -0.00779872 -0.00764231 0.00391986
17.52 0.0127132 0.00412594 0.00218588
17.53 -0.0135577 -0.00241278 -0.00363926
17.54 0.0172394 -0.00385334 0.0171052
17.55 -0.0076233 0.00116473 -0.00770158
17.56 0.0050136 -0.0041065 0.0130186
17.57 0.00641336 -0.00256649 0.0066799
17.58 0.0079558 -0.00856511 0.0195083
17.59 -0.00711213 0.00619167 -0.0108873
17.6 0.0123337 -0.00926499 0.0167251
17.61 -0.0145286 0.0118637 -0.0219004
17.62 0.00802752 -0.00978553 0.0156195
17.63 0.00478196 0.00286722 0.00286536
17.64 0.00087082 -0.00934425 0.0133653
17.65 -0.00310993 0.0122606 -0.0206265
17.66 -0.00971499 -0.00203248 -0.00591178
17.67 -0.00411797 0.0122446 -0.0205667
17.68 -0.00142577 -0.00708548 0.00760788
17.69 0.000348985 0.00817055 -0.0111907
17.7 -0.00729645 -0.00310722 -0.000881862
17.71 0.00720053 0.00331644 -0.000779468
17.72 -0.0075175 -0.00261189 0.000117128
17.73 0.0013222 0.00756099 -0.0142824
17.74 -0.0137925 0.002202 -0.00943151
17.75 0.0133304 -0.00264 0.0091403
17.76 -0.00991259 0.00208586 -0.00650575
17.77 0.00445797 0.000111664 -0.000337466
17.78 -0.00706134 0.00318808 -0.00697152
17.79 0.015148 -0.0108643 0.0257746
17.8 -0.00124538 0.000875868 0.000879041
17.81 0.00166792 -0.000856709 -0.00181204
17.82 -0.00987125 0.00569672 -0.00974555
17.83 0.0110724 -0.00537132 0.00814256
17.84 -0.0106442 0.00532502 -0.00760853
17.85 0.00625743 -0.00355063 0.00291755
17.86 -0.0111766 0.010859 -0.0221186
17.87 -0.000163569 -0.00625555 0.0109587
17.88 0.00537788 0.00596014 -0.0111989
17.89 -0.0115689 -0.00218414 0.00240666
17.9 0.00473657 0.00596532 -0.0130855
17.91 -0.00199155 -0.00504843 0.0117171
17.92 0.00407163 0.000113065 -0.000125811
17.93 -0.00346291 0.00237589 -0.00508
17.94 -0.00522938 0.00331828 -0.0110458
17.95 -0.00488345 0.00366697 -0.00538558
17.96 0.0102502 -0.00575708 0.00917699
17.97 -0.0067937 0.000739665 0.00525032
17.98 0.00936791 -0.000500903 -0.00724879
17.99 -0.0198903 0.00784085 -0.0105968
18 0.0141443 -0.00454044 0.0013982
18.01 -0.00981801 0.00410363 -1.26932e-05
18.02 0.0108517 -0.00861359 0.0117562
18.03 -0.00783865 0.0100365 -0.0159259
18.04 -0.00720358 0.000107281 -0.00966878
18.05 -0.00579348 0.00929058 -0.015253
18.06 0.00329156 -0.00428904 0.00304112
18.07 -0.00568816 0.00253274 0.000602026
18.08 0.00839328 -0.00129827 -0.00274006
18.09 -0.0103795 0.00110581 0.00195559
18.1 0.00521558 0.00279055 -0.0105617
18.11 -0.003888 -0.00198243 0.00693195
18.12 -0.0075636 0.00919913 -0.0242557
18.13 0.00124505 -0.00290396 0.00697752
18.14 0.00144034 -0.000633161 0.00302702
18.15 0.00640533 -0.00366512 0.00725518
18.16 -0.00478993 0.000279529 0.00225058
18.17 0.00532382 0.00141606 -0.00735349
18.18 -0.00857645 -0.000941906 0.00687336
18.19 0.0087246 0.00264128 -0.0120415
18.2 -0.0158719 0.00247597 -0.000515968
18.21 0.0093825 0.00189765 -0.0113162
18.22 -0.0101372 0.000394809 0.00582008
18.23 0.00996936 -0.00227245 -0.00131893
18.24 -0.00447799 -0.000466988 0.00871582
18.25 0.00457051 -1.54705e-05 -0.00785495
18.26 -0.010076 0.0038959 -0.00179
18.27 0.0017433 0.00414791 -0.0194194
18.28 -0.0109114 0.00138008 0.00557296
18.29 0.00980949 0.00076123 -0.0114939
18.3 -0.00941517 -0.000933876 0.0121767
18.31 0.0103111 -0.00163067 -0.00559458
18.32 -0.0104751 0.00580152 -0.00548581
18.33 -0.00421647 0.00102094 -0.0116224
18.34 0.00450395 0.00251904 0.0019495
18.35 -0.0147377 0.00512867 -0.0215177
18.36 0.00136871 0.00323246 -1.2699e-05
18.37 0.00651134 -0.0070981 0.0100347
18.38 -0.00206959 0.00332627 -0.000742058
18.39 -0.00297226 -0.00103954 -0.00438663
18.4 0.0024046 0.00445421 -0.00543468
18.41 -0.00568631 -0.00560116 0.00962145
18.42 0.0177713 -0.00115114 0.00659166
18.43 -0.0166411 5.72687e-05 -0.00279218
18.44 0.0116039 0.00145621 -0.00179112
18.45 -0.00146344 -0.0066739 0.0159813
18.46 0.00315599 0.00406001 -0.0102226
18.47 -0.0105867 0.00177286 -0.00367456
18.48 0.00777801 0.0009303 -0.00447682
18.49 -0.0114807 0.00190338 -0.00181183
18.5 0.00958657 -0.000869716 -0.00173468
18.51 -0.00848891 0.00112924 0.00176603
18.52 0.00324953 0.00199944 -0.0105135
18.53 -0.00180072 -0.00300707 0.0138992
18.54 0.00693559 -0.000623114 -0.00539962
18.55 -0.00440088 -0.00171669 0.0123459
18.56 0.00431267 0.00153104 -0.0127567
18.57 -0.0086229 0.00344913 0.000655308
18.58 0.00509545 -0.00411501 0.000578843
18.59 0.00267815 0.00257435 0.00364244
18.6 -0.00722381 -0.00307645 -0.00251887
18.61 0.0107928 0.00238749 0.00456569
18.62 -0.012075 -0.000836184 -0.00903737
18.63 0.00656659 0.00258667 0.00513322
18.64 0.000560744 -0.0055475 0.001992
18.65 -0.00470707 0.00850638 -0.00955565
18.66 -0.00833503 -8.35986e-05 -0.0118979
18.67 0.00813177 0.00306463 0.003706
18.68 -0.0139847 -0.000411163 -0.010128
18.69 0.0128419 0.00185598 0.00606791
18.7 -0.0128235 -0.000671329 -0.00895171
18.71 0.00813305 0.00217686 0.00494636
18.72 -0.0054544 -0.00209374 -0.0049924
18.73 -0.00166954 0.00717811 -0.00861861
18.74 -0.00185798 -0.00614974 0.00689138
18.75 0.0112411 0.0014874 0.00392777
18.76 -0.00692397 -0.00722417 0.0122717
18.77 0.0117551 0.0040992 -0.00562932
18.78 -0.00784588 -0.00610494 0.0123136
18.79 0.00498529 0.0056435 -0.0127047
18.8 -0.0034751 -0.00309436 0.00781156
18.81 0.000412507 0.00128168 -0.00489415
18.82 -0.000534257 0.00331908 -0.00527039
18.83 -0.00617117 -0.00201175 0.000232355
18.84 0.0127576 -0.00116305 0.0097303
18.85 -0.0105448 0.000245015 -0.00936725
18.86 0.000416478 0.00548514 -0.0033821
18.87 0.000383494 -0.00454905 -0.000833298
18.88 0.000758257 0.0040236 0.00358531
18.89 -0.00419972 -0.0033669 -0.00633809
18.9 -0.000554555 0.0110882 -0.0130039
18.91 -0.0134836 -0.00454088 -0.00416113
18.92 0.0174756 0.00449029 0.00443276
18.93 -0.0204974 -0.00156109 -0.0123694
18.94 0.0072413 0.00880552 -0.00588325
18.95 -0.00825753 -0.00360666 -0.00794451
18.96 -0.00321417 0.00964926 -0.00763898
18.97 -0.000485629 -0.00606361 -0.00119124
18.98 -0.000391274 0.00890868 -0.00713264
18.99 -0.011751 -0.00223177 -0.00888401
19 0.0158379 0.000178091 0.0130614
19.01 -0.00597242 -0.00665061 0.00460673
19.02 0.0122715 -0.00224436 0.0176439
19.03 -0.00236563 -4.32755e-05 -0.0111853
19.04 -0.00857536 0.00347578 0.00175087
19.05 0.0179153 -0.00931835 0.0144419
19.06 -0.0100767 0.00619333 -0.00820601
19.07 -0.00445806 0.00022157 -0.00611586
19.08 0.00324727 0.00468276 -0.00885835
19.09 -0.00701621 -0.00244655 0.00524671
19.1 0.0096827 -0.00325232 0.00762311
19.11 -0.00294332 0.00595813 -0.0132518
19.12 -0.0143584 -0.00194617 0.00179859
19.13 0.0236446 0.00168383 0.000146387
19.14 -0.0273875 9.55009e-05 -0.00657881
19.15 0.0215514 -0.000702917 0.0106449
19.16 -0.00312102 -0.00529648 0.00204911
19.17 -0.00399683 0.00328074 0.005787
19.18 0.0150453 -0.00952446 0.00842065
19.19 -0.00322246 0.0035152 0.00824425
19.2 -0.00209675 -0.00690449 2.19545e-05
19.21 0.0142845 0.00540159 0.00406346
19.22 -0.0171823 -0.0088088 0.00461539
19.23 0.0169801 0.0103735 -0.00852078
19.24 -0.0221255 -0.00220564 -0.0128992
19.25 0.00655388 0.00593745 0.00374072
19.26 0.00455524 -0.00465644 -0.00745095
19.27 -0.0143208 0.00489441 0.00675321
19.28 0.0206006 -0.00791411 0.00192948
19.29 -0.00932562 0.00256984 0.0102242
19.3 0.00517584 -0.00633243 0.00171583
19.31 0.00795381 0.00265768 0.00539642
19.32 -0.0151686 0.000344319 -0.0110333
19.33 0.0128085 -0.00208537 0.0140207
19.34 0.00476022 -0.0035879 0.00171735
19.35 -0.0114866 -0.000444 0.00769507
19.36 0.020597 6.37518e-05 -0.00545336
19.37 -0.026161 0.00259611 -0.00317855
19.38 0.0133894 0.00428896 -0.0124104
19.39 -0.00355998 -0.00664396 0.0162527
19.4 0.0046559 0.000731354 0.00104327
19.41 -0.00159349 0.000315852 -0.00554735
19.42 -0.00413373 0.00339233 -0.00252235
19.43 -0.00399019 0.00124584 -0.0107061
19.44 -0.000567928 0.00648491 -0.00832585
19.45 -0.00588579 -0.00665408 0.00811136
19.46 0.0203708 -0.00109781 0.0125716
19.47 -0.0156687 -0.00233187 -0.00469692
19.48 0.00682892 0.00522519 -0.00150415
19.49 -0.00283205 -0.00241921 -0.00707563
19.5 -0.0123104 0.0096095 -0.0104913
19.51 0.00534358 -0.00184812 -0.0101316
19.52 -0.000357872 -0.00243631 0.0215258
19.53 0.00266444 0.000484369 -0.0168278
19.54 -0.00594927 0.00262568 0.00911599
19.55 0.00735005 -0.00511387 -0.00281188
19.56 -0.000507662 0.00120399 0.0128756
19.57 0.00459732 -0.00538158 -0.00191859
19.58 -0.00478822 0.00561425 0.00100228
19.59 -0.00165423 0.000926674 -0.0175399
19.6 -0.00907084 0.00487546 0.00214118
19.61 0.0104317 -0.00307637 -0.00621691
19.62 -0.0161439 0.00637746 -0.00330484
19.63 0.0146514 -0.00637288 0.00482085
19.64 -0.00622341 0.00248956 0.00325055
19.65 -0.00262316 0.00258199 -0.0143495
19.66 -0.00425967 0.00285975 -0.00159187
19.67 0.00719671 -0.00399467 0.00641396
19.68 -0.00337356 -0.00060407 0.00349521
19.69 0.00417542 0.00182537 -0.00469368
19.7 -0.0048354 -0.00325464 0.00653431
19.71 0.00386679 0.00566071 -0.0110537
19.72 -0.010426 -0.000662479 -0.0035159
19.73 0.00996164 -0.00140059 0.0106689
19.74 0.00151275 -0.00323031 -0.000655481
19.75 -0.0106659 0.00657378 -0.0062662
19.76 0.0136865 -0.00804555 0.00895308
19.77 -0.0131486 0.010517 -0.0150031
19.78 -0.00247302 -0.0026621 -0.0051171
19.79 0.00475176 0.00396204 0.00147077
19.8 -0.0126554 0.00368763 -0.0213117
19.81 5.18717e-05 0.000415958 0.0112286
19.82 0.0117517 -0.00191732 -0.00806356
19.83 -0.0174957 0.000192722 0.0130556
19.84 0.0275199 -0.00656881 0.00343162
19.85 -0.0169683 0.00193351 0.00789781
19.86 0.00447081 0.00130297 -0.0152714
19.87 -0.00144488 0.00263463 0.00412435
19.88 -0.00755497 0.00123743 -0.0134435
19.89 0.00352287 0.00111507 0.00705439
19.9 -0.00233832 0.00277043 -0.0171963
19.91 -0.0104916 0.00103673 0.00762938
19.92 0.0155451 -0.000132865 -0.0100956
19.93 -0.0169133 0.000177573 0.00971193
19.94 0.0160295 -0.00316294 -0.00120465
19.95 -2.19948e-05 -0.00288429 0.0157038
19.96 -0.00682108 0.00178989 -0.0117685
19.97 0.00686944 0.00237606 9.5165e-05
19.98 -0.0109636 -0.00018669 -0.00505778
19.99 0.0060005 0.0023987 -0.00120775
20 -0.00168405 -0.00262872 0.00234944
