0.01 -1.23774e-12 3.27907e-08 0.000220936
0.02 -1.14324e-11 1.71758e-07 0.000273959
0.03 -4.88977e-11 3.46632e-07 -0.000524641
0.04 -1.24539e-10 1.48352e-07 -0.00173434
0.05 -1.82101e-10 -1.11717e-06 -0.00319567
0.06 4.28562e-12 -4.36941e-06 -0.00527531
0.07 9.68675e-10 -1.07555e-05 -0.00742698
0.08 3.71857e-09 -2.14619e-05 -0.00912179
0.09 9.90522e-09 -3.75212e-05 -0.0106787
0.1 2.1977e-08 -5.98116e-05 -0.0119983
0.11 4.33088e-08 -8.9075e-05 -0.013093
0.12 7.83119e-08 -0.00012599 -0.0145384
0.13 1.32535e-07 -0.000171328 -0.0162356
0.14 2.12776e-07 -0.000225991 -0.0180586
0.15 3.27201e-07 -0.00029098 -0.0201836
0.16 4.85491e-07 -0.000367417 -0.0225161
0.17 6.9899e-07 -0.000456507 -0.0248357
0.18 9.80868e-07 -0.000559434 -0.027016
0.19 1.34628e-06 -0.000677298 -0.0290816
0.2 1.8125e-06 -0.000811114 -0.0311488
0.21 2.39905e-06 -0.000961892 -0.033498
0.22 3.12786e-06 -0.00113079 -0.0364812
0.23 4.02338e-06 -0.00131924 -0.0401023
0.24 5.11275e-06 -0.00152903 -0.0442666
0.25 6.42607e-06 -0.00176217 -0.0486358
0.26 7.99662e-06 -0.0020207 -0.0525382
0.27 9.86112e-06 -0.00230641 -0.0558044
0.28 1.20599e-05 -0.00262076 -0.0589265
0.29 1.46372e-05 -0.00296505 -0.0621923
0.3 1.76411e-05 -0.00334044 -0.0649823
0.31 2.11237e-05 -0.00374777 -0.0665408
0.32 2.51413e-05 -0.00418719 -0.0670197
0.33 2.97541e-05 -0.00465828 -0.0673855
0.34 3.50262e-05 -0.00516045 -0.0683687
0.35 4.10254e-05 -0.00569328 -0.0697391
0.36 4.78232e-05 -0.0062565 -0.071039
0.37 5.54942e-05 -0.00684973 -0.071994
0.38 6.41163e-05 -0.00747237 -0.0722774
0.39 7.37705e-05 -0.00812342 -0.0723202
0.4 8.45405e-05 -0.00880178 -0.072806
0.41 9.65124e-05 -0.00950633 -0.0732076
0.42 0.000109774 -0.0102359 -0.0732483
0.43 0.000124417 -0.0109893 -0.0740412
0.44 0.000140531 -0.0117657 -0.0764063
0.45 0.000158209 -0.0125649 -0.0805523
0.46 0.000177547 -0.013388 -0.0864953
0.47 0.000198639 -0.0142368 -0.0941279
0.48 0.000221581 -0.0151141 -0.103083
0.49 0.000246472 -0.0160236 -0.11242
0.5 0.000273412 -0.0169688 -0.121587
0.51 0.000302502 -0.0179533 -0.130441
0.52 0.000333849 -0.0189806 -0.139059
0.53 0.00036756 -0.0200539 -0.147905
0.54 0.000403747 -0.0211763 -0.15734
0.55 0.000442526 -0.0223513 -0.167184
0.56 0.000484015 -0.0235823 -0.176458
0.57 0.000528339 -0.0248725 -0.184776
0.58 0.000575626 -0.0262242 -0.192478
0.59 0.000626009 -0.0276394 -0.199528
0.6 0.000679628 -0.0291197 -0.205812
0.61 0.000736626 -0.0306658 -0.211028
0.62 0.000797151 -0.0322778 -0.215173
0.63 0.000861356 -0.0339552 -0.218462
0.64 0.0009294 -0.0356965 -0.22073
0.65 0.00100144 -0.0375 -0.222868
0.66 0.00107765 -0.0393637 -0.226009
0.67 0.00115819 -0.0412856 -0.229657
0.68 0.00124323 -0.0432642 -0.233086
0.69 0.00133295 -0.0452976 -0.236047
0.7 0.00142752 -0.0473838 -0.238756
0.71 0.00152712 -0.0495202 -0.241118
0.72 0.00163191 -0.0517042 -0.242649
0.73 0.00174208 -0.0539324 -0.243471
0.74 0.0018578 -0.056201 -0.24357
0.75 0.00197923 -0.0585058 -0.243104
0.76 0.00210656 -0.060842 -0.242174
0.77 0.00223993 -0.0632045 -0.240314
0.78 0.00237952 -0.0655878 -0.237643
0.79 0.00252548 -0.0679856 -0.234202
0.8 0.00267796 -0.0703912 -0.229577
0.81 0.00283708 -0.0727972 -0.223874
0.82 0.003003 -0.0751958 -0.217376
0.83 0.00317581 -0.0775784 -0.209957
0.84 0.00335563 -0.0799359 -0.201128
0.85 0.00354256 -0.0822586 -0.191044
0.86 0.00373666 -0.0845363 -0.180515
0.87 0.003938 -0.0867582 -0.169819
0.88 0.00414662 -0.0889137 -0.158593
0.89 0.00436255 -0.0909921 -0.146528
0.9 0.00458578 -0.0929821 -0.13375
0.91 0.00481628 -0.0948724 -0.120467
0.92 0.00505401 -0.0966515 -0.106387
0.93 0.0052989 -0.0983075 -0.091175
0.94 0.00555083 -0.0998284 -0.0757859
0.95 0.00580968 -0.101202 -0.0609922
0.96 0.00607527 -0.102418 -0.0457622
0.97 0.00634741 -0.103463 -0.0297667
0.98 0.00662587 -0.104327 -0.0138267
0.99 0.00691037 -0.104999 0.00253511
1 0.00720061 -0.105466 0.0200751
1.01 0.00749625 -0.10572 0.0376671
1.02 0.0077969 -0.105748 0.0542228
1.03 0.00810213 -0.10554 0.0703874
1.04 0.00841149 -0.105088 0.0870513
1.05 0.00872447 -0.104383 0.104244
1.06 0.00904051 -0.103415 0.122054
1.07 0.00935903 -0.102176 0.141171
1.08 0.0096794 -0.100656 0.161306
1.09 0.0100009 -0.0988484 0.18112
1.1 0.0103229 -0.0967435 0.200047
1.11 0.0106446 -0.0943345 0.218299
1.12 0.0109651 -0.0916154 0.235569
1.13 0.0112836 -0.0885811 0.251925
1.14 0.0115993 -0.0852278 0.267772
1.15 0.0119112 -0.0815527 0.282574
1.16 0.0122183 -0.0775542 0.296076
1.17 0.0125195 -0.073232 0.308473
1.18 0.012814 -0.0685871 0.320238
1.19 0.0131004 -0.0636214 0.331852
1.2 0.0133778 -0.0583378 0.34278
1.21 0.013645 -0.05274 0.352493
1.22 0.0139008 -0.046833 0.361656
1.23 0.0141439 -0.0406229 0.370531
1.24 0.0143732 -0.0341165 0.378126
1.25 0.0145874 -0.0273219 0.384406
1.26 0.0147852 -0.0202484 0.390127
1.27 0.0149652 -0.0129063 0.395454
1.28 0.0151263 -0.00530659 0.400353
1.29 0.0152671 0.0025389 0.404679
1.3 0.0153862 0.0106175 0.408033
1.31 0.0154825 0.0189156 0.410058
1.32 0.0155544 0.0274183 0.410484
1.33 0.0156009 0.0361094 0.409523
1.34 0.0156204 0.0449717 0.407655
1.35 0.0156119 0.053987 0.404779
1.36 0.015574 0.0631361 0.400899
1.37 0.0155055 0.0723992 0.396447
1.38 0.0154052 0.0817558 0.391705
1.39 0.0152719 0.0911851 0.386409
1.4 0.0151046 0.100666 0.380396
1.41 0.0149022 0.110176 0.373707
1.42 0.0146635 0.119693 0.365717
1.43 0.0143877 0.129194 0.356168
1.44 0.0140739 0.138655 0.345418
1.45 0.0137212 0.148051 0.33378
1.46 0.0133288 0.157358 0.321455
1.47 0.0128961 0.166551 0.308186
1.48 0.0124224 0.175603 0.294248
1.49 0.0119072 0.18449 0.280375
1.5 0.0113499 0.193185 0.266072
1.51 0.0107504 0.201664 0.250842
1.52 0.0101083 0.209902 0.235235
1.53 0.00942343 0.217873 0.219644
1.54 0.00869578 0.225553 0.203998
1.55 0.00792538 0.232918 0.187589
1.56 0.0071124 0.239944 0.170554
1.57 0.00625713 0.246607 0.153997
1.58 0.00535995 0.252886 0.137797
1.59 0.00442139 0.258758 0.121149
1.6 0.00344208 0.264202 0.104023
1.61 0.00242279 0.269199 0.0876603
1.62 0.00136441 0.273728 0.072679
1.63 0.000267947 0.277773 0.0582376
1.64 -0.00086545 0.281317 0.0438391
1.65 -0.00203451 0.284344 0.0295908
1.66 -0.00323783 0.286842 0.015807
1.67 -0.00447389 0.288796 0.0021489
1.68 -0.00574104 0.290196 -0.0118642
1.69 -0.00703748 0.29103 -0.0259697
1.7 -0.00836131 0.291289 -0.0397331
1.71 -0.00971052 0.290964 -0.0529365
1.72 -0.0110829 0.290049 -0.06555
1.73 -0.0124763 0.288537 -0.0772711
1.74 -0.0138882 0.286426 -0.0885409
1.75 -0.0153162 0.283712 -0.100378
1.76 -0.0167577 0.280394 -0.11227
1.77 -0.0182099 0.276472 -0.122759
1.78 -0.01967 0.271947 -0.131715
1.79 -0.0211352 0.266823 -0.140112
1.8 -0.0226024 0.261105 -0.148041
1.81 -0.0240686 0.2548 -0.154873
1.82 -0.0255306 0.247916 -0.160366
1.83 -0.0269851 0.240463 -0.164816
1.84 -0.0284289 0.232453 -0.168253
1.85 -0.0298587 0.223901 -0.170317
1.86 -0.031271 0.21482 -0.171134
1.87 -0.0326623 0.20523 -0.170492
1.88 -0.0340292 0.195148 -0.168439
1.89 -0.0353682 0.184595 -0.166879
1.9 -0.0366757 0.173593 -0.166922
1.91 -0.0379482 0.162164 -0.166907
1.92 -0.0391822 0.150329 -0.164988
1.93 -0.0403741 0.138114 -0.161162
1.94 -0.0415204 0.125543 -0.1565
1.95 -0.0426176 0.112645 -0.1515
1.96 -0.0436623 0.0994461 -0.146509
1.97 -0.044651 0.0859761 -0.141812
1.98 -0.0455804 0.0722635 -0.137297
1.99 -0.0464473 0.0583376 -0.133334
2 -0.0472483 0.0442278 -0.129522
2.01 -0.0479804 0.0299638 -0.125444
2.02 -0.0486405 0.0155755 -0.12107
2.03 -0.0492257 0.00109362 -0.115363
2.04 -0.0497331 -0.0134504 -0.107666
2.05 -0.0501601 -0.0280239 -0.0982868
2.06 -0.050504 -0.0425931 -0.0875845
2.07 -0.0507624 -0.0571237 -0.0752799
2.08 -0.050933 -0.0715801 -0.0617414
2.09 -0.0510137 -0.0859268 -0.048425
2.1 -0.0510025 -0.100128 -0.0355746
2.11 -0.0508975 -0.114149 -0.0220844
2.12 -0.0506971 -0.127955 -0.00724129
2.13 -0.0503999 -0.141509 0.00796456
2.14 -0.0500046 -0.154778 0.0221375
2.15 -0.0495102 -0.167727 0.0358709
2.16 -0.0489158 -0.180323 0.0503168
2.17 -0.0482207 -0.192533 0.0651394
2.18 -0.0474246 -0.204326 0.0798259
2.19 -0.0465272 -0.215669 0.0944255
2.2 -0.0455286 -0.226533 0.108543
2.21 -0.044429 -0.236889 0.122108
2.22 -0.0432289 -0.246708 0.13542
2.23 -0.0419291 -0.255964 0.147999
2.24 -0.0405304 -0.264632 0.159438
2.25 -0.0390342 -0.272688 0.170596
2.26 -0.0374418 -0.280111 0.182533
2.27 -0.035755 -0.286879 0.194761
2.28 -0.0339757 -0.292973 0.206223
2.29 -0.0321061 -0.298374 0.216735
2.3 -0.0301485 -0.303067 0.226558
2.31 -0.0281057 -0.307035 0.235641
2.32 -0.0259805 -0.310268 0.243653
2.33 -0.0237761 -0.312753 0.250275
2.34 -0.0214959 -0.314484 0.255952
2.35 -0.0191433 -0.315452 0.26132
2.36 -0.0167223 -0.315655 0.266083
2.37 -0.0142368 -0.315088 0.270504
2.38 -0.011691 -0.313751 0.274677
2.39 -0.00908937 -0.311644 0.278027
2.4 -0.00643655 -0.308771 0.280482
2.41 -0.00373732 -0.305134 0.281257
2.42 -0.00099665 -0.300743 0.280238
2.43 0.00178031 -0.295605 0.278423
2.44 0.00458826 -0.289732 0.275457
2.45 0.00742176 -0.283139 0.270672
2.46 0.0102752 -0.27584 0.264808
2.47 0.0131429 -0.267854 0.258693
2.48 0.0160191 -0.259201 0.252129
2.49 0.0188977 -0.249901 0.244563
2.5 0.0217729 -0.239978 0.236076
2.51 0.0246385 -0.229455 0.226939
2.52 0.0274884 -0.21836 0.216778
2.53 0.0303164 -0.20672 0.20564
2.54 0.0331163 -0.194564 0.194144
2.55 0.0358819 -0.181924 0.182493
2.56 0.0386068 -0.16883 0.170585
2.57 0.041285 -0.155316 0.158297
2.58 0.0439101 -0.141416 0.145603
2.59 0.0464761 -0.127164 0.132618
2.6 0.0489767 -0.112596 0.119135
2.61 0.0514061 -0.0977483 0.104855
2.62 0.0537581 -0.0826585 0.0900495
2.63 0.0560271 -0.0673648 0.0751071
2.64 0.0582072 -0.0519059 0.0602315
2.65 0.0602928 -0.0363208 0.0449611
2.66 0.0622785 -0.0206491 0.0282911
2.67 0.064159 -0.00493135 0.00998746
2.68 0.0659291 0.0107912 -0.0090167
2.69 0.0675839 0.0264768 -0.0273557
2.7 0.0691187 0.0420841 -0.0446036
2.71 0.0705289 0.0575726 -0.0609542
2.72 0.0718102 0.0729024 -0.0763731
2.73 0.0729586 0.0880347 -0.0905525
2.74 0.0739701 0.102932 -0.103197
2.75 0.0748414 0.117557 -0.115358
2.76 0.0755691 0.131875 -0.128299
2.77 0.0761502 0.14585 -0.141217
2.78 0.0765819 0.159447 -0.15321
2.79 0.0768619 0.172633 -0.16503
2.8 0.0769881 0.185376 -0.177061
2.81 0.0769587 0.197644 -0.188277
2.82 0.0767722 0.209406 -0.198606
2.83 0.0764274 0.220634 -0.20936
2.84 0.0759236 0.2313 -0.221015
2.85 0.0752604 0.241376 -0.233325
2.86 0.0744375 0.250835 -0.245891
2.87 0.0734552 0.259652 -0.257953
2.88 0.0723141 0.267804 -0.269081
2.89 0.071015 0.275267 -0.279272
2.9 0.0695594 0.282022 -0.288656
2.91 0.0679487 0.28805 -0.297362
2.92 0.0661849 0.293335 -0.305535
2.93 0.0642705 0.297862 -0.313619
2.94 0.0622079 0.301617 -0.32112
2.95 0.0600004 0.30459 -0.327511
2.96 0.0576511 0.30677 -0.33378
2.97 0.0551638 0.308151 -0.340136
2.98 0.0525424 0.308726 -0.345975
2.99 0.0497914 0.308491 -0.351066
3 0.0469154 0.307444 -0.355254
3.01 0.0439193 0.305585 -0.358677
3.02 0.0408084 0.302915 -0.361168
3.03 0.0375882 0.29944 -0.362451
3.04 0.0342646 0.295165 -0.362749
3.05 0.0308436 0.290098 -0.362281
3.06 0.0273316 0.284251 -0.360734
3.07 0.0237352 0.277636 -0.357529
3.08 0.0200612 0.270268 -0.352341
3.09 0.0163167 0.262166 -0.345106
3.1 0.0125088 0.253348 -0.336041
3.11 0.00864506 0.243839 -0.32554
3.12 0.00473305 0.233663 -0.313639
3.13 0.00078052 0.222848 -0.300687
3.14 -0.00320463 0.211422 -0.287078
3.15 -0.00721437 0.199416 -0.272425
3.16 -0.0112406 0.186863 -0.256843
3.17 -0.0152751 0.173796 -0.240783
3.18 -0.0193096 0.160251 -0.224464
3.19 -0.0233358 0.146263 -0.207586
3.2 -0.0273453 0.131871 -0.189918
3.21 -0.0313297 0.117114 -0.171466
3.22 -0.0352807 0.10203 -0.151814
3.23 -0.03919 0.086662 -0.131076
3.24 -0.0430493 0.0710515 -0.109855
3.25 -0.0468504 0.0552418 -0.0886046
3.26 -0.0505851 0.0392765 -0.0672196
3.27 -0.0542455 0.0231994 -0.0455476
3.28 -0.0578235 0.00705489 -0.0239794
3.29 -0.0613115 -0.00911284 -0.00267271
3.3 -0.0647019 -0.0252594 0.0189207
3.31 -0.0679872 -0.0413405 0.0411989
3.32 -0.0711602 -0.0573116 0.0637207
3.33 -0.074214 -0.0731282 0.0862056
3.34 -0.0771417 -0.0887463 0.10811
3.35 -0.0799367 -0.104122 0.128765
3.36 -0.082593 -0.119214 0.148614
3.37 -0.0851044 -0.133981 0.167995
3.38 -0.0874653 -0.148382 0.186543
3.39 -0.0896703 -0.162379 0.203976
3.4 -0.0917144 -0.175934 0.220584
3.41 -0.0935928 -0.189011 0.236577
3.42 -0.0953012 -0.201575 0.251731
3.43 -0.0968355 -0.213592 0.26643
3.44 -0.0981921 -0.225031 0.280624
3.45 -0.0993677 -0.235861 0.293369
3.46 -0.100359 -0.246055 0.304748
3.47 -0.101165 -0.255584 0.314974
3.48 -0.101782 -0.264425 0.323744
3.49 -0.102209 -0.272556 0.331007
3.5 -0.102444 -0.279957 0.336771
3.51 -0.102487 -0.28661 0.34095
3.52 -0.102338 -0.2925 0.34372
3.53 -0.101995 -0.297614 0.346196
3.54 -0.101461 -0.301941 0.348722
3.55 -0.100734 -0.305471 0.350355
3.56 -0.0998179 -0.308196 0.350895
3.57 -0.0987126 -0.310112 0.351156
3.58 -0.0974206 -0.311214 0.351907
3.59 -0.0959445 -0.311501 0.352289
3.6 -0.0942869 -0.310972 0.350724
3.61 -0.0924512 -0.309628 0.347046
3.62 -0.090441 -0.307477 0.341794
3.63 -0.0882604 -0.304524 0.335615
3.64 -0.0859136 -0.30078 0.328761
3.65 -0.0834054 -0.296256 0.320872
3.66 -0.0807409 -0.290966 0.311626
3.67 -0.0779255 -0.284926 0.300875
3.68 -0.074965 -0.278155 0.288866
3.69 -0.0718655 -0.270673 0.275661
3.7 -0.0686332 -0.262503 0.261351
3.71 -0.0652748 -0.25367 0.246674
3.72 -0.0617972 -0.244199 0.232043
3.73 -0.0582076 -0.234119 0.216921
3.74 -0.0545134 -0.223457 0.200487
3.75 -0.0507221 -0.212245 0.182609
3.76 -0.0468415 -0.200516 0.163934
3.77 -0.0428797 -0.188304 0.144859
3.78 -0.0388447 -0.175643 0.125366
3.79 -0.0347448 -0.162571 0.105777
3.8 -0.0305885 -0.149124 0.0867412
3.81 -0.0263842 -0.13534 0.0686992
3.82 -0.0221405 -0.121258 0.0512432
3.83 -0.017866 -0.106914 0.0334076
3.84 -0.0135695 -0.0923483 0.0148407
3.85 -0.00925957 -0.0775995 -0.00373382
3.86 -0.00494499 -0.0627077 -0.021554
3.87 -0.000634428 -0.0477126 -0.0389272
3.88 0.00366347 -0.0326537 -0.055962
3.89 0.00794013 -0.0175704 -0.0716381
3.9 0.012187 -0.0025015 -0.0858699
3.91 0.0163958 0.0125151 -0.0996977
3.92 0.0205581 0.0274418 -0.113501
3.93 0.0246658 0.0422414 -0.127173
3.94 0.0287109 0.0568769 -0.140788
3.95 0.0326856 0.0713119 -0.154308
3.96 0.0365823 0.0855103 -0.167497
3.97 0.0403935 0.0994366 -0.180193
3.98 0.044112 0.113056 -0.192348
3.99 0.0477309 0.126336 -0.203851
4 0.0512435 0.139243 -0.214228
4.01 0.0546432 0.151746 -0.223626
4.02 0.0579241 0.163815 -0.23277
4.03 0.0610802 0.175422 -0.241201
4.04 0.064106 0.18654 -0.248145
4.05 0.0669962 0.197142 -0.253934
4.06 0.069746 0.207205 -0.258926
4.07 0.0723508 0.216706 -0.262804
4.08 0.0748064 0.225626 -0.265781
4.09 0.077109 0.233944 -0.268566
4.1 0.0792551 0.241644 -0.271218
4.11 0.0812416 0.24871 -0.273003
4.12 0.0830657 0.255126 -0.273283
4.13 0.0847252 0.260882 -0.272439
4.14 0.0862181 0.265965 -0.271229
4.15 0.0875429 0.270368 -0.269578
4.16 0.0886982 0.274083 -0.267242
4.17 0.0896834 0.277105 -0.264094
4.18 0.0904981 0.27943 -0.259423
4.19 0.0911422 0.281058 -0.25339
4.2 0.0916162 0.281988 -0.246755
4.21 0.0919208 0.282223 -0.239416
4.22 0.0920571 0.281769 -0.231286
4.23 0.0920267 0.28063 -0.222554
4.24 0.0918314 0.278815 -0.212855
4.25 0.0914735 0.276334 -0.201448
4.26 0.0909557 0.273198 -0.1883
4.27 0.0902808 0.269423 -0.174059
4.28 0.0894521 0.265024 -0.159269
4.29 0.0884733 0.260019 -0.144401
4.3 0.0873483 0.254428 -0.130039
4.31 0.0860812 0.248269 -0.116449
4.32 0.0846766 0.241565 -0.103133
4.33 0.0831394 0.234335 -0.0898756
4.34 0.0814745 0.226603 -0.0769865
4.35 0.0796872 0.218392 -0.0634521
4.36 0.0777831 0.209726 -0.0481177
4.37 0.075768 0.200633 -0.0319673
4.38 0.0736477 0.191139 -0.0162177
4.39 0.0714285 0.181272 -0.00101006
4.4 0.0691167 0.171063 0.0136893
4.41 0.0667186 0.160539 0.0282317
4.42 0.064241 0.14973 0.0435072
4.43 0.0616905 0.138667 0.0597861
4.44 0.059074 0.127382 0.076197
4.45 0.0563983 0.115906 0.0924237
4.46 0.0536705 0.104273 0.1085
4.47 0.0508975 0.0925133 0.124129
4.48 0.0480863 0.0806609 0.139229
4.49 0.0452442 0.0687478 0.153428
4.5 0.042378 0.056806 0.166633
4.51 0.0394948 0.0448669 0.179414
4.52 0.0366015 0.0329617 0.192148
4.53 0.0337052 0.0211214 0.204691
4.54 0.0308126 0.00937669 0.21663
4.55 0.0279305 -0.00224228 0.227585
4.56 0.0250654 -0.0137062 0.237762
4.57 0.022224 -0.0249863 0.247882
4.58 0.0194125 -0.0360545 0.258041
4.59 0.0166372 -0.0468832 0.268178
4.6 0.0139041 -0.057445 0.278713
4.61 0.011219 -0.0677129 0.289686
4.62 0.00858761 -0.0776607 0.300297
4.63 0.00601528 -0.0872625 0.310003
4.64 0.00350723 -0.0964941 0.31879
4.65 0.00106841 -0.105332 0.326385
4.66 -0.00129648 -0.113755 0.332597
4.67 -0.003583 -0.121743 0.337199
4.68 -0.00578698 -0.129277 0.339851
4.69 -0.00790454 -0.136343 0.341019
4.7 -0.00993208 -0.142924 0.341658
4.71 -0.0118663 -0.149008 0.341527
4.72 -0.0137042 -0.154584 0.340071
4.73 -0.0154432 -0.159642 0.337717
4.74 -0.0170807 -0.164173 0.334936
4.75 -0.0186148 -0.168171 0.331849
4.76 -0.0200438 -0.17163 0.32796
4.77 -0.0213662 -0.174546 0.322614
4.78 -0.022581 -0.176917 0.315643
4.79 -0.0236873 -0.178743 0.307308
4.8 -0.0246848 -0.180025 0.298222
4.81 -0.0255733 -0.180767 0.288344
4.82 -0.026353 -0.180973 0.277289
4.83 -0.0270245 -0.180651 0.265161
4.84 -0.0275886 -0.179809 0.251987
4.85 -0.0280464 -0.178456 0.237672
4.86 -0.0283994 -0.176604 0.222572
4.87 -0.0286493 -0.174267 0.207413
4.88 -0.0287981 -0.171458 0.192466
4.89 -0.0288481 -0.168192 0.177432
4.9 -0.028802 -0.164485 0.162013
4.91 -0.0286625 -0.160355 0.146162
4.92 -0.0284328 -0.155819 0.129925
4.93 -0.0281162 -0.150896 0.113265
4.94 -0.0277162 -0.145606 0.0961902
4.95 -0.0272367 -0.139972 0.0785802
4.96 -0.0266816 -0.134014 0.0601948
4.97 -0.026055 -0.127755 0.0412017
4.98 -0.0253615 -0.121221 0.0221612
4.99 -0.0246053 -0.114436 0.0036641
5 -0.0237914 -0.107424 -0.0137934
5.01 -0.0229243 -0.10021 -0.0302399
5.02 -0.0220092 -0.0928193 -0.045937
5.03 -0.021051 -0.0852755 -0.0608294
5.04 -0.0200548 -0.0776032 -0.0749024
5.05 -0.0190258 -0.0698263 -0.0880211
5.06 -0.0179694 -0.0619686 -0.100662
5.07 -0.0168907 -0.0540538 -0.114019
5.08 -0.0157952 -0.0461058 -0.127665
5.09 -0.0146881 -0.0381487 -0.14001
5.1 -0.0135749 -0.0302061 -0.150859
5.11 -0.0124608 -0.0223006 -0.160926
5.12 -0.0113511 -0.0144544 -0.17081
5.13 -0.0102512 -0.00668944 -0.180971
5.14 -0.00916605 0.000972571 -0.191234
5.15 -0.00810089 0.00850997 -0.201241
5.16 -0.0070607 0.0159015 -0.211107
5.17 -0.00605037 0.0231262 -0.220891
5.18 -0.00507468 0.0301636 -0.230516
5.19 -0.00413829 0.0369937 -0.239942
5.2 -0.00324567 0.0435971 -0.248909
5.21 -0.00240117 0.049955 -0.257246
5.22 -0.00160895 0.0560496 -0.264759
5.23 -0.00087297 0.061864 -0.271135
5.24 -0.000197019 0.0673827 -0.275997
5.25 0.000415338 0.0725916 -0.279052
5.26 0.000960753 0.0774781 -0.281129
5.27 0.0014361 0.0820309 -0.283207
5.28 0.0018385 0.0862396 -0.285036
5.29 0.00216532 0.0900944 -0.286669
5.3 0.00241415 0.0935864 -0.288327
5.31 0.00258288 0.0967076 -0.289274
5.32 0.00266964 0.0994512 -0.289046
5.33 0.00267284 0.101812 -0.28756
5.34 0.00259116 0.103785 -0.285304
5.35 0.00242357 0.105368 -0.283264
5.36 0.00216932 0.106559 -0.281183
5.37 0.00182794 0.107356 -0.278265
5.38 0.00139924 0.10776 -0.274698
5.39 0.000883347 0.107772 -0.270978
5.4 0.000280644 0.107394 -0.267334
5.41 -0.00040818 0.106628 -0.263386
5.42 -0.00118215 0.105479 -0.258424
5.43 -0.00204002 0.103952 -0.252769
5.44 -0.00298025 0.102053 -0.246848
5.45 -0.00400101 0.0997889 -0.240008
5.46 -0.00510022 0.0971689 -0.232812
5.47 -0.00627552 0.0942019 -0.2263
5.48 -0.0075243 0.0908979 -0.219892
5.49 -0.00884365 0.0872672 -0.213656
5.5 -0.0102305 0.0833208 -0.207974
5.51 -0.0116814 0.07907 -0.202125
5.52 -0.0131928 0.0745269 -0.195553
5.53 -0.0147608 0.0697045 -0.188528
5.54 -0.0163815 0.0646164 -0.181371
5.55 -0.0180505 0.0592773 -0.174339
5.56 -0.0197634 0.0537019 -0.167762
5.57 -0.0215156 0.0479054 -0.16119
5.58 -0.0233023 0.0419034 -0.154605
5.59 -0.0251185 0.0357118 -0.148368
5.6 -0.0269591 0.029347 -0.141885
5.61 -0.0288189 0.0228255 -0.135042
5.62 -0.0306924 0.0161646 -0.128127
5.63 -0.0325743 0.00938198 -0.120532
5.64 -0.0344589 0.00249579 -0.112265
5.65 -0.0363407 -0.00447522 -0.103974
5.66 -0.0382138 -0.0115119 -0.0951619
5.67 -0.0400725 -0.0185949 -0.0855774
5.68 -0.041911 -0.025704 -0.075763
5.69 -0.0437235 -0.0328192 -0.0661504
5.7 -0.0455041 -0.0399204 -0.0572924
5.71 -0.0472471 -0.046988 -0.0493216
5.72 -0.0489466 -0.0540027 -0.041561
5.73 -0.0505969 -0.0609455 -0.0335951
5.74 -0.0521923 -0.0677977 -0.0251912
5.75 -0.0537271 -0.0745402 -0.0160465
5.76 -0.0551959 -0.0811538 -0.0064456
5.77 -0.0565931 -0.0876194 0.00339262
5.78 -0.0579134 -0.0939179 0.0136552
5.79 -0.0591516 -0.10003 0.0241197
5.8 -0.0603028 -0.105938 0.0341734
5.81 -0.0613619 -0.111623 0.0437894
5.82 -0.0623242 -0.117067 0.0534042
5.83 -0.0631853 -0.122254 0.0633056
5.84 -0.0639408 -0.127168 0.0734467
5.85 -0.0645865 -0.131791 0.0834182
5.86 -0.0651185 -0.136109 0.092773
5.87 -0.0655332 -0.140106 0.101248
5.88 -0.0658271 -0.14377 0.10859
5.89 -0.0659971 -0.147089 0.115302
5.9 -0.0660403 -0.150051 0.122477
5.91 -0.0659541 -0.152645 0.130888
5.92 -0.065736 -0.154861 0.140469
5.93 -0.0653841 -0.156689 0.149949
5.94 -0.0648966 -0.158118 0.15851
5.95 -0.0642721 -0.159141 0.165727
5.96 -0.0635094 -0.159751 0.171412
5.97 -0.0626078 -0.159943 0.175984
5.98 -0.0615667 -0.159713 0.179633
5.99 -0.060386 -0.159058 0.182731
6 -0.0590659 -0.157979 0.185422
6.01 -0.0576068 -0.156474 0.187727
6.02 -0.0560097 -0.154545 0.190099
6.03 -0.0542756 -0.152195 0.192276
6.04 -0.0524062 -0.149425 0.193213
6.05 -0.0504032 -0.146241 0.192611
6.06 -0.0482687 -0.142649 0.191264
6.07 -0.0460054 -0.138655 0.189841
6.08 -0.043616 -0.134269 0.188553
6.09 -0.0411037 -0.1295 0.187029
6.1 -0.0384719 -0.124356 0.184522
6.11 -0.0357245 -0.118851 0.180991
6.12 -0.0328653 -0.112996 0.176883
6.13 -0.0298989 -0.106805 0.171936
6.14 -0.0268299 -0.100293 0.165265
6.15 -0.0236633 -0.0934757 0.157272
6.16 -0.0204041 -0.0863717 0.149397
6.17 -0.0170579 -0.0789991 0.142264
6.18 -0.0136304 -0.0713764 0.135353
6.19 -0.0101275 -0.0635225 0.127632
6.2 -0.00655535 -0.0554574 0.119099
6.21 -0.00292037 -0.0472015 0.110558
6.22 0.00077089 -0.0387762 0.102037
6.23 0.00451169 -0.0302029 0.0930203
6.24 0.0082951 -0.0215036 0.0834523
6.25 0.012114 -0.0127011 0.0735325
6.26 0.0159613 -0.00381829 0.0634201
6.27 0.0198296 0.00512135 0.0532641
6.28 0.0237114 0.0140944 0.0432902
6.29 0.0275992 0.0230773 0.0341642
6.3 0.0314855 0.0320472 0.0256705
6.31 0.0353625 0.0409811 0.0162537
6.32 0.0392225 0.0498558 0.00511361
6.33 0.0430578 0.0586472 -0.00685992
6.34 0.0468607 0.0673313 -0.0184346
6.35 0.0506234 0.0758841 -0.0289675
6.36 0.0543383 0.0842825 -0.0385711
6.37 0.0579977 0.092504 -0.0481704
6.38 0.0615939 0.100527 -0.057801
6.39 0.0651195 0.108329 -0.0670729
6.4 0.0685671 0.11589 -0.0770056
6.41 0.0719294 0.123189 -0.0877832
6.42 0.0751991 0.130205 -0.0980413
6.43 0.0783692 0.136917 -0.107356
6.44 0.081433 0.143308 -0.116107
6.45 0.0843836 0.149359 -0.124298
6.46 0.0872146 0.155053 -0.132104
6.47 0.0899197 0.160374 -0.139574
6.48 0.0924928 0.165308 -0.146208
6.49 0.0949282 0.169839 -0.152587
6.5 0.0972201 0.173956 -0.15976
6.51 0.0993633 0.177645 -0.167022
6.52 0.101353 0.180895 -0.173482
6.53 0.103184 0.183695 -0.179277
6.54 0.104852 0.186037 -0.184227
6.55 0.106353 0.187912 -0.187637
6.56 0.107683 0.189314 -0.189578
6.57 0.108838 0.19024 -0.190719
6.58 0.109816 0.190686 -0.19101
6.59 0.110613 0.190651 -0.190925
6.6 0.111228 0.190135 -0.191173
6.61 0.111657 0.189138 -0.191092
6.62 0.1119 0.187662 -0.19009
6.63 0.111954 0.18571 -0.188657
6.64 0.111819 0.183286 -0.187467
6.65 0.111494 0.180396 -0.186744
6.66 0.110979 0.177045 -0.185648
6.67 0.110275 0.173241 -0.182989
6.68 0.10938 0.168992 -0.179032
6.69 0.108297 0.164308 -0.174265
6.7 0.107026 0.159201 -0.168651
6.71 0.10557 0.153685 -0.162203
6.72 0.103929 0.147773 -0.154899
6.73 0.102107 0.14148 -0.147052
6.74 0.100106 0.134825 -0.13876
6.75 0.0979296 0.127824 -0.129927
6.76 0.0955806 0.120496 -0.120429
6.77 0.0930628 0.112861 -0.110178
6.78 0.0903806 0.104939 -0.0999145
6.79 0.0875381 0.0967512 -0.0905387
6.8 0.0845403 0.0883198 -0.0817534
6.81 0.0813921 0.079666 -0.0725106
6.82 0.0780988 0.0708121 -0.062288
6.83 0.0746662 0.0617811 -0.0517841
6.84 0.0711 0.0525965 -0.0419002
6.85 0.0674064 0.0432821 -0.0321562
6.86 0.0635919 0.0338617 -0.0222242
6.87 0.0596631 0.0243594 -0.012607
6.88 0.0556268 0.0147992 -0.00331166
6.89 0.0514902 0.00520528 0.00577501
6.9 0.0472605 -0.00439835 0.0150316
6.91 0.0429452 -0.0139875 0.0249529
6.92 0.0385519 -0.0235377 0.0352219
6.93 0.0340883 -0.0330244 0.0454146
6.94 0.0295623 -0.0424232 0.0551714
6.95 0.024982 -0.05171 0.0646785
6.96 0.0203555 -0.060861 0.0744729
6.97 0.015691 -0.0698527 0.0837872
6.98 0.0109967 -0.0786621 0.0923196
6.99 0.00628097 -0.0872671 0.100427
7 0.00155212 -0.095646 0.107722
7.01 -0.00318145 -0.103778 0.113925
7.02 -0.0079114 -0.111644 0.118819
7.03 -0.0126294 -0.119226 0.122949
7.04 -0.0173271 -0.126506 0.127763
7.05 -0.0219962 -0.133467 0.133713
7.06 -0.0266286 -0.140092 0.139929
7.07 -0.0312161 -0.146364 0.145062
7.08 -0.0357508 -0.152269 0.148415
7.09 -0.0402246 -0.157792 0.150573
7.1 -0.0446299 -0.162923 0.151805
7.11 -0.0489591 -0.167649 0.152259
7.12 -0.0532045 -0.171961 0.152471
7.13 -0.0573591 -0.175851 0.152062
7.14 -0.0614155 -0.179312 0.150749
7.15 -0.065367 -0.182337 0.14877
7.16 -0.0692068 -0.184922 0.146512
7.17 -0.0729285 -0.187062 0.144065
7.18 -0.0765257 -0.188756 0.14056
7.19 -0.0799926 -0.190001 0.135861
7.2 -0.0833234 -0.190799 0.130746
7.21 -0.0865126 -0.19115 0.125207
7.22 -0.089555 -0.191057 0.118705
7.23 -0.0924458 -0.190525 0.111159
7.24 -0.0951802 -0.189558 0.102552
7.25 -0.0977541 -0.188164 0.092915
7.26 -0.100163 -0.186351 0.0825593
7.27 -0.102404 -0.184129 0.0716903
7.28 -0.104474 -0.181508 0.0605937
7.29 -0.106368 -0.1785 0.0492278
7.3 -0.108085 -0.175118 0.0369326
7.31 -0.109623 -0.171375 0.023601
7.32 -0.110978 -0.167287 0.010061
7.33 -0.11215 -0.16287 -0.00306976
7.34 -0.113137 -0.158139 -0.0159591
7.35 -0.113938 -0.153113 -0.0289206
7.36 -0.114552 -0.147807 -0.0420804
7.37 -0.114979 -0.142242 -0.0555529
7.38 -0.115219 -0.136435 -0.0696236
7.39 -0.115272 -0.130406 -0.0847105
7.4 -0.115139 -0.124176 -0.100441
7.41 -0.11482 -0.117766 -0.115779
7.42 -0.114317 -0.111198 -0.130127
7.43 -0.113632 -0.104493 -0.143595
7.44 -0.112766 -0.0976732 -0.15689
7.45 -0.111721 -0.0907585 -0.17019
7.46 -0.110501 -0.0837707 -0.182686
7.47 -0.109107 -0.0767311 -0.194241
7.48 -0.107543 -0.0696602 -0.205642
7.49 -0.105812 -0.0625787 -0.217092
7.5 -0.103917 -0.0555073 -0.227934
7.51 -0.101863 -0.0484661 -0.237751
7.52 -0.0996541 -0.0414749 -0.246767
7.53 -0.0972938 -0.0345527 -0.255444
7.54 -0.094787 -0.0277183 -0.26412
7.55 -0.0921385 -0.0209904 -0.272885
7.56 -0.0893532 -0.0143874 -0.281605
7.57 -0.0864363 -0.00792711 -0.289404
7.58 -0.0833933 -0.00162691 -0.29544
7.59 -0.0802296 0.00449719 -0.300175
7.6 -0.0769509 0.0104303 -0.304176
7.61 -0.0735631 0.0161583 -0.307433
7.62 -0.0700722 0.021668 -0.30952
7.63 -0.0664843 0.0269476 -0.309769
7.64 -0.0628057 0.0319863 -0.308612
7.65 -0.0590427 0.0367747 -0.306759
7.66 -0.0552017 0.0413047 -0.303906
7.67 -0.0512892 0.045569 -0.299648
7.68 -0.0473119 0.0495616 -0.294162
7.69 -0.0432763 0.053278 -0.287621
7.7 -0.0391891 0.0567146 -0.2801
7.71 -0.0350571 0.059869 -0.27189
7.72 -0.030887 0.0627398 -0.263076
7.73 -0.0266855 0.0653267 -0.253643
7.74 -0.0224594 0.06763 -0.243285
7.75 -0.0182154 0.0696513 -0.231925
7.76 -0.0139602 0.0713933 -0.220457
7.77 -0.0097005 0.0728592 -0.209288
7.78 -0.00544292 0.0740528 -0.197551
7.79 -0.00119403 0.0749789 -0.18434
7.8 0.00303967 0.0756434 -0.169433
7.81 0.00725174 0.0760539 -0.152881
7.82 0.0114359 0.0762191 -0.135421
7.83 0.0155857 0.0761491 -0.117835
7.84 0.0196953 0.0758543 -0.0996767
7.85 0.0237584 0.0753462 -0.0809345
7.86 0.0277692 0.0746368 -0.0623155
7.87 0.0317219 0.0737384 -0.0439608
7.88 0.0356109 0.0726638 -0.0258399
7.89 0.0394306 0.0714258 -0.00790749
7.9 0.0431757 0.0700375 0.00980887
7.91 0.0468409 0.0685122 0.0273219
7.92 0.0504214 0.0668634 0.0451987
7.93 0.0539121 0.0651051 0.0634231
7.94 0.0573085 0.0632514 0.081166
7.95 0.0606059 0.0613166 0.0982609
7.96 0.0638001 0.0593147 0.114714
7.97 0.0668869 0.0572595 0.130826
7.98 0.0698625 0.0551649 0.146883
7.99 0.072723 0.0530446 0.162767
8 0.0754649 0.0509123 0.178443
8.01 0.078085 0.0487817 0.193665
8.02 0.08058 0.0466662 0.208719
8.03 0.0829472 0.0445792 0.224054
8.04 0.0851837 0.0425341 0.23978
8.05 0.0872872 0.0405444 0.255639
8.06 0.0892553 0.0386237 0.27089
8.07 0.091086 0.0367849 0.28519
8.08 0.0927776 0.0350406 0.299403
8.09 0.0943284 0.033403 0.31429
8.1 0.095737 0.0318845 0.329541
8.11 0.0970023 0.0304974 0.344405
8.12 0.0981233 0.0292533 0.358156
8.13 0.0990993 0.0281634 0.370974
8.14 0.0999299 0.0272378 0.383459
8.15 0.100615 0.0264862 0.395937
8.16 0.101154 0.025918 0.408183
8.17 0.101547 0.0255417 0.419694
8.18 0.101795 0.0253655 0.430347
8.19 0.101898 0.0253964 0.439815
8.2 0.101857 0.0256405 0.44809
8.21 0.101672 0.0261027 0.455493
8.22 0.101346 0.0267869 0.461593
8.23 0.100879 0.027696 0.466288
8.24 0.100273 0.0288315 0.469901
8.25 0.0995298 0.0301938 0.472156
8.26 0.0986509 0.0317822 0.472815
8.27 0.0976384 0.0335944 0.471965
8.28 0.0964947 0.0356271 0.469553
8.29 0.0952221 0.0378753 0.465569
8.3 0.0938233 0.0403329 0.460516
8.31 0.0923009 0.0429928 0.454891
8.32 0.0906578 0.0458469 0.448355
8.33 0.088897 0.0488865 0.441079
8.34 0.0870217 0.0521021 0.434147
8.35 0.0850352 0.0554837 0.427144
8.36 0.0829408 0.059021 0.419026
8.37 0.0807423 0.0627029 0.410386
8.38 0.0784432 0.0665179 0.401755
8.39 0.0760473 0.0704538 0.392258
8.4 0.0735585 0.0744978 0.381832
8.41 0.0709809 0.0786365 0.371027
8.42 0.0683185 0.0828559 0.359382
8.43 0.0655756 0.0871413 0.346445
8.44 0.0627564 0.0914773 0.332283
8.45 0.0598652 0.0958475 0.31744
8.46 0.0569066 0.100235 0.302853
8.47 0.0538849 0.104624 0.28873
8.48 0.0508048 0.108997 0.27372
8.49 0.0476709 0.113337 0.256732
8.5 0.0444879 0.117627 0.238193
8.51 0.0412603 0.121846 0.218797
8.52 0.0379931 0.125977 0.199047
8.53 0.034691 0.129999 0.179235
8.54 0.0313587 0.133894 0.15893
8.55 0.0280011 0.137642 0.137522
8.56 0.024623 0.141224 0.115217
8.57 0.0212293 0.144619 0.0924979
8.58 0.0178248 0.147808 0.0693454
8.59 0.0144143 0.150771 0.0456632
8.6 0.0110026 0.153489 0.0219755
8.61 0.00759468 0.155942 -0.00102277
8.62 0.00419518 0.158112 -0.023551
8.63 0.000808896 0.159983 -0.0460267
8.64 -0.00255943 0.161536 -0.0684593
8.65 -0.00590511 0.162757 -0.0909747
8.66 -0.0092235 0.163628 -0.114059
8.67 -0.01251 0.164134 -0.138647
8.68 -0.01576 0.164261 -0.16454
8.69 -0.0189691 0.163993 -0.190106
8.7 -0.0221329 0.163314 -0.2155
8.71 -0.0252469 0.162211 -0.241468
8.72 -0.028307 0.160671 -0.266485
8.73 -0.0313088 0.158682 -0.289739
8.74 -0.0342483 0.156234 -0.312245
8.75 -0.0371215 0.153318 -0.334491
8.76 -0.0399243 0.149925 -0.35623
8.77 -0.0426531 0.146051 -0.377242
8.78 -0.0453039 0.141689 -0.397318
8.79 -0.0478733 0.136835 -0.416288
8.8 -0.0503576 0.131488 -0.434085
8.81 -0.0527534 0.125647 -0.450627
8.82 -0.0550576 0.119313 -0.466245
8.83 -0.0572668 0.112488 -0.480909
8.84 -0.059378 0.105177 -0.494341
8.85 -0.0613885 0.0973858 -0.506588
8.86 -0.0632953 0.0891212 -0.517046
8.87 -0.0650958 0.0803929 -0.525631
8.88 -0.0667876 0.0712118 -0.532703
8.89 -0.0683684 0.0615912 -0.538232
8.9 -0.0698359 0.0515456 -0.542385
8.91 -0.0711881 0.0410915 -0.545217
8.92 -0.0724231 0.0302468 -0.546559
8.93 -0.0735393 0.019031 -0.545992
8.94 -0.0745352 0.0074656 -0.543324
8.95 -0.0754092 -0.00442628 -0.539106
8.96 -0.0761604 -0.01662 -0.534059
8.97 -0.0767875 -0.0290896 -0.528353
8.98 -0.0772899 -0.0418085 -0.521627
8.99 -0.0776669 -0.0547487 -0.513978
9 -0.077918 -0.0678817 -0.505705
9.01 -0.0780429 -0.0811778 -0.496411
9.02 -0.0780416 -0.0946065 -0.485713
9.03 -0.0779142 -0.108137 -0.47406
9.04 -0.077661 -0.121736 -0.462297
9.05 -0.0772824 -0.135372 -0.450448
9.06 -0.0767793 -0.149012 -0.438176
9.07 -0.0761526 -0.162624 -0.425442
9.08 -0.0754032 -0.176174 -0.411805
9.09 -0.0745326 -0.18963 -0.396576
9.1 -0.0735422 -0.202956 -0.379844
9.11 -0.0724338 -0.216118 -0.362003
9.12 -0.0712093 -0.229082 -0.342746
9.13 -0.0698708 -0.241811 -0.322343
9.14 -0.0684205 -0.254271 -0.301344
9.15 -0.0668611 -0.266424 -0.279473
9.16 -0.0651951 -0.278236 -0.256625
9.17 -0.0634256 -0.289672 -0.233248
9.18 -0.0615555 -0.300697 -0.209755
9.19 -0.0595882 -0.311275 -0.185718
9.2 -0.0575271 -0.321374 -0.160578
9.21 -0.0553759 -0.33096 -0.135175
9.22 -0.0531384 -0.34 -0.110616
9.23 -0.0508186 -0.348464 -0.0871219
9.24 -0.0484206 -0.356322 -0.06481
9.25 -0.0459489 -0.363546 -0.0435792
9.26 -0.0434078 -0.370112 -0.0227989
9.27 -0.0408021 -0.375994 -0.00255637
9.28 -0.0381366 -0.38117 0.0164342
9.29 -0.0354161 -0.385621 0.0342606
9.3 -0.0326458 -0.389327 0.051404
9.31 -0.0298309 -0.392272 0.0681233
9.32 -0.0269767 -0.394442 0.0842772
9.33 -0.0240886 -0.395823 0.100041
9.34 -0.0211721 -0.396404 0.11601
9.35 -0.018233 -0.396175 0.131934
9.36 -0.0152767 -0.395128 0.147182
9.37 -0.0123093 -0.393257 0.16157
9.38 -0.00933646 -0.390558 0.174921
9.39 -0.00636411 -0.387028 0.187424
9.4 -0.00339819 -0.382668 0.199553
9.41 -0.000444664 -0.377479 0.211007
9.42 0.00249047 -0.371465 0.221396
9.43 0.00540123 -0.364633 0.230509
9.44 0.00828162 -0.35699 0.238216
9.45 0.0111256 -0.348548 0.2448
9.46 0.0139274 -0.339318 0.250561
9.47 0.0166809 -0.329316 0.255848
9.48 0.0193803 -0.318559 0.260689
9.49 0.0220199 -0.307064 0.265077
9.5 0.0245938 -0.294852 0.26889
9.51 0.0270965 -0.281943 0.271686
9.52 0.0295224 -0.268363 0.27361
9.53 0.0318661 -0.254135 0.274997
9.54 0.0341223 -0.239287 0.276289
9.55 0.0362859 -0.223846 0.277486
9.56 0.0383517 -0.207842 0.277872
9.57 0.0403151 -0.191306 0.277308
9.58 0.0421712 -0.174269 0.275698
9.59 0.0439155 -0.156767 0.272583
9.6 0.0455439 -0.138833 0.268397
9.61 0.0470521 -0.120505 0.263831
9.62 0.0484364 -0.101821 0.258911
9.63 0.0496929 -0.0828191 0.253864
9.64 0.0508184 -0.0635395 0.248443
9.65 0.0518096 -0.044022 0.241531
9.66 0.0526636 -0.0243081 0.233294
9.67 0.0533778 -0.00444011 0.224694
9.68 0.0539498 0.0155389 0.215545
9.69 0.0543775 0.0355855 0.205644
9.7 0.0546591 0.0556557 0.195352
9.71 0.054793 0.0757053 0.184753
9.72 0.0547781 0.0956898 0.173407
9.73 0.0546134 0.115565 0.161264
9.74 0.0542984 0.135285 0.149031
9.75 0.0538328 0.154807 0.136814
9.76 0.0532166 0.174085 0.124216
9.77 0.0524503 0.193077 0.111245
9.78 0.0515345 0.211738 0.0986268
9.79 0.0504703 0.230026 0.0865804
9.8 0.0492591 0.2479 0.0742255
9.81 0.0479025 0.265319 0.0613385
9.82 0.0464026 0.282243 0.0485639
9.83 0.0447618 0.298631 0.0364108
9.84 0.0429827 0.314448 0.0248991
9.85 0.0410685 0.329656 0.0134579
9.86 0.0390225 0.344221 0.00153598
9.87 0.0368484 0.358108 -0.0103261
9.88 0.0345501 0.371285 -0.0212737
9.89 0.0321321 0.383722 -0.031484
9.9 0.0295989 0.395389 -0.0417312
9.91 0.0269554 0.406259 -0.0523903
9.92 0.0242069 0.416306 -0.0631328
9.93 0.0213589 0.425506 -0.0734925
9.94 0.0184172 0.433836 -0.0835141
9.95 0.0153878 0.441276 -0.0930008
9.96 0.012277 0.447807 -0.101546
9.97 0.00909137 0.453412 -0.109816
9.98 0.00583773 0.458078 -0.118559
9.99 0.00252305 0.461791 -0.127481
10 -0.000845434 0.46454 -0.136151
10.01 -0.00426031 0.466318 -0.144315
10.02 -0.00771399 0.467115 -0.151451
10.03 -0.0111987 0.466929 -0.157396
10.04 -0.0147065 0.465758 -0.162976
10.05 -0.0182295 0.463601 -0.168057
10.06 -0.0217593 0.460462 -0.171751
10.07 -0.0252877 0.456345 -0.174335
10.08 -0.0288064 0.451259 -0.176023
10.09 -0.0323069 0.445213 -0.176394
10.1 -0.0357807 0.438221 -0.175507
10.11 -0.0392193 0.430298 -0.17418
10.12 -0.0426143 0.42146 -0.172614
10.13 -0.0459569 0.411727 -0.170559
10.14 -0.0492388 0.401121 -0.167882
10.15 -0.0524515 0.389665 -0.164029
10.16 -0.0555865 0.377384 -0.158837
10.17 -0.0586355 0.364306 -0.152771
10.18 -0.0615903 0.350462 -0.146499
10.19 -0.0644428 0.335882 -0.140823
10.2 -0.067185 0.320599 -0.135325
10.21 -0.0698091 0.304646 -0.128785
10.22 -0.0723074 0.288061 -0.12148
10.23 -0.0746724 0.270879 -0.113436
10.24 -0.076897 0.25314 -0.104458
10.25 -0.0789742 0.234884 -0.0953594
10.26 -0.0808971 0.216152 -0.086276
10.27 -0.0826592 0.196987 -0.0771545
10.28 -0.0842544 0.177431 -0.067544
10.29 -0.0856768 0.157529 -0.0574149
10.3 -0.0869207 0.137325 -0.0477922
10.31 -0.0879808 0.116865 -0.0381093
10.32 -0.0888524 0.0961951 -0.0270316
10.33 -0.0895307 0.0753615 -0.0147302
10.34 -0.0900116 0.054412 -0.00233959
10.35 -0.0902912 0.0333946 0.00979549
10.36 -0.0903663 0.0123575 0.0223011
10.37 -0.0902338 -0.0086512 0.0352129
10.38 -0.0898912 -0.0295833 0.0481
10.39 -0.0893362 -0.0503906 0.0609944
10.4 -0.0885672 -0.0710254 0.0744471
10.41 -0.087583 -0.0914399 0.0884518
10.42 -0.0863828 -0.111587 0.102235
10.43 -0.0849662 -0.131419 0.115902
10.44 -0.0833333 -0.15089 0.129448
10.45 -0.0814849 -0.169956 0.142077
10.46 -0.0794219 -0.188572 0.153788
10.47 -0.077146 -0.206695 0.164804
10.48 -0.0746592 -0.224285 0.174709
10.49 -0.071964 -0.241303 0.183401
10.5 -0.0690635 -0.257711 0.191072
10.51 -0.0659611 -0.273474 0.197304
10.52 -0.0626608 -0.288558 0.201949
10.53 -0.059167 -0.302932 0.206149
10.54 -0.0554847 -0.316567 0.210666
10.55 -0.0516192 -0.329434 0.215114
10.56 -0.0475762 -0.341507 0.218741
10.57 -0.0433621 -0.352762 0.221016
10.58 -0.0389835 -0.363176 0.222443
10.59 -0.0344475 -0.37273 0.223348
10.6 -0.0297617 -0.381406 0.223471
10.61 -0.0249339 -0.389188 0.222575
10.62 -0.0199725 -0.396063 0.219909
10.63 -0.014886 -0.40202 0.215304
10.64 -0.00968362 -0.407052 0.210141
10.65 -0.00437459 -0.411154 0.205543
10.66 0.0010314 -0.414321 0.201046
10.67 0.00652439 -0.416551 0.195941
10.68 0.0120941 -0.417845 0.190625
10.69 0.0177301 -0.418205 0.185518
10.7 0.0234215 -0.417634 0.179877
10.71 0.0291574 -0.416138 0.172932
10.72 0.0349267 -0.413726 0.165211
10.73 0.040718 -0.410408 0.157392
10.74 0.0465198 -0.406198 0.148977
10.75 0.0523206 -0.401108 0.13961
10.76 0.0581084 -0.395157 0.129482
10.77 0.0638717 -0.388364 0.118646
10.78 0.0695984 -0.380748 0.107547
10.79 0.0752768 -0.372334 0.0968042
10.8 0.0808948 -0.363144 0.0865605
10.81 0.0864408 -0.353204 0.0762812
10.82 0.0919027 -0.342542 0.0653177
10.83 0.0972689 -0.331185 0.0538248
10.84 0.102528 -0.319164 0.042094
10.85 0.107668 -0.30651 0.0295843
10.86 0.112677 -0.293257 0.0161858
10.87 0.117545 -0.279439 0.00246297
10.88 0.122261 -0.265092 -0.011879
10.89 0.126813 -0.250254 -0.0268135
10.9 0.131191 -0.234964 -0.0419536
10.91 0.135385 -0.219261 -0.0574272
10.92 0.139385 -0.203186 -0.0728729
10.93 0.143181 -0.18678 -0.0877516
10.94 0.146764 -0.170085 -0.101741
10.95 0.150125 -0.153142 -0.114587
10.96 0.153256 -0.135992 -0.126391
10.97 0.156147 -0.118677 -0.137958
10.98 0.158792 -0.101238 -0.150173
10.99 0.161183 -0.0837168 -0.163139
11 0.163313 -0.0661556 -0.176245
11.01 0.165176 -0.0485968 -0.189012
11.02 0.166767 -0.0310826 -0.201426
11.03 0.168079 -0.0136546 -0.21326
11.04 0.169107 0.00364595 -0.223928
11.05 0.169849 0.0207788 -0.233198
11.06 0.170299 0.0377049 -0.241539
11.07 0.170455 0.054386 -0.249334
11.08 0.170314 0.0707852 -0.256341
11.09 0.169874 0.0868663 -0.262218
11.1 0.169134 0.102595 -0.267314
11.11 0.168092 0.117936 -0.27213
11.12 0.166749 0.132859 -0.276816
11.13 0.165105 0.147331 -0.281304
11.14 0.16316 0.161321 -0.285361
11.15 0.160917 0.174801 -0.288368
11.16 0.158377 0.187743 -0.289436
11.17 0.155543 0.200121 -0.288048
11.18 0.152419 0.211913 -0.284629
11.19 0.149009 0.223098 -0.280513
11.2 0.145316 0.233657 -0.276014
11.21 0.141347 0.243573 -0.27052
11.22 0.137106 0.252831 -0.2639
11.23 0.1326 0.261417 -0.256459
11.24 0.127837 0.269319 -0.248165
11.25 0.122822 0.276527 -0.238803
11.26 0.117565 0.283035 -0.228307
11.27 0.112073 0.288837 -0.216046
11.28 0.106355 0.293929 -0.202109
11.29 0.100421 0.29831 -0.187289
11.3 0.0942802 0.301982 -0.171502
11.31 0.0879433 0.304948 -0.154767
11.32 0.0814207 0.307213 -0.137502
11.33 0.0747235 0.308783 -0.119485
11.34 0.0678632 0.309668 -0.100147
11.35 0.0608516 0.309878 -0.0792772
11.36 0.0537008 0.309426 -0.0571948
11.37 0.0464232 0.308328 -0.0341484
11.38 0.0390315 0.306599 -0.0104227
11.39 0.0315387 0.304259 0.0135969
11.4 0.0239581 0.301328 0.0382106
11.41 0.0163029 0.297826 0.0637683
11.42 0.00858676 0.293777 0.0896636
11.43 0.000823423 0.289205 0.114782
11.44 -0.00697332 0.284135 0.138978
11.45 -0.0147896 0.278593 0.162834
11.46 -0.0226113 0.272604 0.186278
11.47 -0.0304246 0.266194 0.20885
11.48 -0.0382153 0.259392 0.230474
11.49 -0.0459697 0.252224 0.251003
11.5 -0.0536736 0.244716 0.270592
11.51 -0.0613134 0.236897 0.29019
11.52 -0.0688752 0.228795 0.310042
11.53 -0.0763455 0.220438 0.329698
11.54 -0.083711 0.211854 0.348852
11.55 -0.0909584 0.203073 0.367493
11.56 -0.0980747 0.194124 0.385168
11.57 -0.105047 0.185035 0.401052
11.58 -0.111864 0.175835 0.415291
11.59 -0.118511 0.166551 0.428589
11.6 -0.124979 0.157209 0.441591
11.61 -0.131255 0.147836 0.455284
11.62 -0.137328 0.13846 0.469736
11.63 -0.143188 0.129108 0.482937
11.64 -0.148824 0.119806 0.494067
11.65 -0.154227 0.11058 0.504421
11.66 -0.159386 0.101455 0.514334
11.67 -0.164294 0.0924544 0.523423
11.68 -0.168941 0.0836019 0.531627
11.69 -0.17332 0.0749199 0.538387
11.7 -0.177424 0.0664298 0.543429
11.71 -0.181245 0.0581515 0.546852
11.72 -0.184777 0.0501034 0.548029
11.73 -0.188015 0.042302 0.546888
11.74 -0.190953 0.0347622 0.543806
11.75 -0.193587 0.0274971 0.538948
11.76 -0.195913 0.0205181 0.532634
11.77 -0.197927 0.0138351 0.524849
11.78 -0.199627 0.00745664 0.515629
11.79 -0.20101 0.0013897 0.5057
11.8 -0.202075 -0.00435978 0.495169
11.81 -0.202821 -0.0097871 0.483
11.82 -0.203247 -0.014889 0.469273
11.83 -0.203355 -0.0196638 0.455
11.84 -0.203143 -0.0241108 0.440299
11.85 -0.202615 -0.0282304 0.424328
11.86 -0.201772 -0.0320246 0.406181
11.87 -0.200616 -0.035497 0.385932
11.88 -0.199151 -0.0386533 0.363788
11.89 -0.197381 -0.0415009 0.339627
11.9 -0.195309 -0.0440489 0.313887
11.91 -0.192941 -0.0463082 0.287244
11.92 -0.190282 -0.0482905 0.259955
11.93 -0.187338 -0.0500088 0.231817
11.94 -0.184115 -0.051477 0.2026
11.95 -0.18062 -0.0527104 0.172575
11.96 -0.17686 -0.0537247 0.142322
11.97 -0.172844 -0.0545369 0.111548
11.98 -0.168579 -0.0551642 0.0800856
11.99 -0.164074 -0.0556247 0.0486966
12 -0.159338 -0.055937 0.0174041
12.01 -0.154381 -0.0561198 -0.0141304
12.02 -0.149211 -0.0561922 -0.0458631
12.03 -0.14384 -0.0561739 -0.077538
12.04 -0.138277 -0.0560843 -0.108473
12.05 -0.132533 -0.0559428 -0.138287
12.06 -0.126618 -0.0557683 -0.16759
12.07 -0.120545 -0.0555795 -0.1972
12.08 -0.114323 -0.0553953 -0.227313
12.09 -0.107966 -0.0552348 -0.257563
12.1 -0.101483 -0.0551171 -0.287449
12.11 -0.0948871 -0.055061 -0.316987
12.12 -0.08819 -0.0550852 -0.346928
12.13 -0.0814035 -0.0552084 -0.377423
12.14 -0.0745395 -0.0554493 -0.407629
12.15 -0.0676099 -0.055826 -0.436919
12.16 -0.0606268 -0.0563561 -0.464891
12.17 -0.053602 -0.057056 -0.49113
12.18 -0.0465475 -0.0579408 -0.515581
12.19 -0.039475 -0.0590241 -0.538417
12.2 -0.0323963 -0.0603184 -0.559661
12.21 -0.0253229 -0.0618343 -0.57879
12.22 -0.0182662 -0.0635813 -0.595729
12.23 -0.0112377 -0.0655668 -0.611237
12.24 -0.00424825 -0.067797 -0.625558
12.25 0.00269117 -0.0702769 -0.638668
12.26 0.00956992 -0.0730101 -0.650641
12.27 0.0163776 -0.0759991 -0.660938
12.28 0.0231041 -0.0792449 -0.668986
12.29 0.0297395 -0.0827465 -0.675144
12.3 0.0362744 -0.0865016 -0.679803
12.31 0.0426993 -0.0905062 -0.682915
12.32 0.0490056 -0.0947551 -0.684609
12.33 0.0551845 -0.0992414 -0.685037
12.34 0.0612278 -0.103957 -0.684025
12.35 0.0671278 -0.108893 -0.681524
12.36 0.0728769 -0.114039 -0.677941
12.37 0.0784681 -0.119383 -0.673791
12.38 0.0838947 -0.124912 -0.669399
12.39 0.0891505 -0.130614 -0.664656
12.4 0.0942294 -0.136474 -0.65939
12.41 0.0991262 -0.14248 -0.653547
12.42 0.103836 -0.148615 -0.646722
12.43 0.108353 -0.154864 -0.638341
12.44 0.112675 -0.161209 -0.628082
12.45 0.116797 -0.167633 -0.615822
12.46 0.120716 -0.174116 -0.601875
12.47 0.124429 -0.180637 -0.586648
12.48 0.127933 -0.187174 -0.57018
12.49 0.131227 -0.193704 -0.552877
12.5 0.134309 -0.200206 -0.535193
12.51 0.137178 -0.206654 -0.51673
12.52 0.139833 -0.213027 -0.496941
12.53 0.142273 -0.219299 -0.475816
12.54 0.144498 -0.225445 -0.453677
12.55 0.14651 -0.23144 -0.430718
12.56 0.148309 -0.237259 -0.406838
12.57 0.149895 -0.242875 -0.382402
12.58 0.151271 -0.248263 -0.357903
12.59 0.152438 -0.253398 -0.332779
12.6 0.153399 -0.258253 -0.306486
12.61 0.154156 -0.262804 -0.27987
12.62 0.154711 -0.267026 -0.253973
12.63 0.155069 -0.270894 -0.228495
12.64 0.155232 -0.274385 -0.202502
12.65 0.155204 -0.277476 -0.175904
12.66 0.154989 -0.280144 -0.149072
12.67 0.154592 -0.282369 -0.122096
12.68 0.154016 -0.284129 -0.0950019
12.69 0.153266 -0.285404 -0.0679348
12.7 0.152347 -0.286174 -0.0409045
12.71 0.151265 -0.286421 -0.0138998
12.72 0.150023 -0.286129 0.0125391
12.73 0.148628 -0.285281 0.0385542
12.74 0.147085 -0.283862 0.0646209
12.75 0.145399 -0.28186 0.0905061
12.76 0.143576 -0.279261 0.116269
12.77 0.141621 -0.276055 0.141754
12.78 0.139541 -0.272233 0.166076
12.79 0.137341 -0.267785 0.188736
12.8 0.135026 -0.262708 0.209665
12.81 0.132604 -0.256997 0.228663
12.82 0.130078 -0.250652 0.246266
12.83 0.127456 -0.243672 0.262949
12.84 0.124743 -0.236063 0.278299
12.85 0.121944 -0.227827 0.292767
12.86 0.119066 -0.218972 0.306939
12.87 0.116113 -0.209506 0.320513
12.88 0.113092 -0.199437 0.333576
12.89 0.110008 -0.188778 0.34634
12.9 0.106865 -0.177541 0.358727
12.91 0.103669 -0.165739 0.370703
12.92 0.100425 -0.153388 0.381705
12.93 0.0971383 -0.140504 0.390967
12.94 0.0938131 -0.127106 0.398407
12.95 0.090454 -0.113216 0.404437
12.96 0.0870655 -0.0988548 0.409622
12.97 0.0836518 -0.0840481 0.414405
12.98 0.080217 -0.0688207 0.41917
12.99 0.0767649 -0.0531987 0.423857
13 0.0732992 -0.0372093 0.428198
13.01 0.0698234 -0.0208803 0.432553
13.02 0.0663408 -0.00424039 0.436936
13.03 0.0628546 0.012681 0.440426
13.04 0.0593675 0.0298534 0.442218
13.05 0.0558824 0.0472449 0.442646
13.06 0.0524018 0.0648225 0.442535
13.07 0.048928 0.0825523 0.442084
13.08 0.0454631 0.1004 0.441225
13.09 0.042009 0.11833 0.43986
13.1 0.0385676 0.136308 0.437557
13.11 0.0351403 0.154297 0.433551
13.12 0.0317284 0.172261 0.42768
13.13 0.0283333 0.190159 0.420242
13.14 0.024956 0.207955 0.410704
13.15 0.0215972 0.225607 0.399334
13.16 0.0182576 0.243075 0.387714
13.17 0.0149379 0.260317 0.376318
13.18 0.0116384 0.277294 0.364865
13.19 0.00835929 0.293966 0.353609
13.2 0.00510077 0.310294 0.342345
13.21 0.00186282 0.326238 0.330895
13.22 -0.00135465 0.341762 0.319851
13.23 -0.00455186 0.356828 0.309111
13.24 -0.00772911 0.3714 0.29827
13.25 -0.0108868 0.385443 0.287337
13.26 -0.0140253 0.398923 0.276433
13.27 -0.0171451 0.411808 0.265287
13.28 -0.0202469 0.424064 0.253055
13.29 -0.0233313 0.435662 0.239826
13.3 -0.0263987 0.446569 0.226857
13.31 -0.0294499 0.456756 0.214754
13.32 -0.0324856 0.466197 0.202871
13.33 -0.0355062 0.474865 0.190382
13.34 -0.0385126 0.482736 0.177114
13.35 -0.0415052 0.489785 0.163515
13.36 -0.0444847 0.495991 0.149902
13.37 -0.0474515 0.501333 0.136793
13.38 -0.050406 0.505791 0.124882
13.39 -0.0533487 0.509351 0.114234
13.4 -0.0562798 0.511998 0.104281
13.41 -0.0591996 0.513719 0.0944948
13.42 -0.0621082 0.514507 0.0851622
13.43 -0.0650055 0.514352 0.0766676
13.44 -0.0678915 0.513249 0.0687613
13.45 -0.070766 0.511195 0.0609169
13.46 -0.0736285 0.508189 0.0525817
13.47 -0.0764786 0.50423 0.0434887
13.48 -0.0793156 0.499321 0.0340697
13.49 -0.0821389 0.493464 0.0252418
13.5 -0.0849473 0.486666 0.0174534
13.51 -0.0877399 0.478933 0.00992333
13.52 -0.0905154 0.470277 0.00261051
13.53 -0.0932723 0.460708 -0.00352352
13.54 -0.0960091 0.450241 -0.00925918
13.55 -0.0987241 0.438892 -0.0156727
13.56 -0.101415 0.426679 -0.0220394
13.57 -0.10408 0.413621 -0.0272886
13.58 -0.106718 0.399739 -0.0316357
13.59 -0.109324 0.385057 -0.0361022
13.6 -0.111897 0.369601 -0.0405392
13.61 -0.114435 0.353397 -0.044198
13.62 -0.116933 0.336474 -0.0473605
13.63 -0.119389 0.318863 -0.0502986
13.64 -0.1218 0.300594 -0.0528962
13.65 -0.124162 0.281702 -0.0550249
13.66 -0.126472 0.262221 -0.0565068
13.67 -0.128726 0.242189 -0.0575792
13.68 -0.13092 0.221642 -0.0579057
13.69 -0.13305 0.200619 -0.0568703
13.7 -0.135112 0.179163 -0.0545383
13.71 -0.137102 0.157315 -0.0509965
13.72 -0.139016 0.13512 -0.0467883
13.73 -0.140848 0.112622 -0.0425557
13.74 -0.142596 0.0898682 -0.0381257
13.75 -0.144253 0.0669041 -0.0335273
13.76 -0.145815 0.0437769 -0.0286258
13.77 -0.147279 0.0205342 -0.0228052
13.78 -0.148638 -0.0027755 -0.0163629
13.79 -0.149889 -0.0261036 -0.00985081
13.8 -0.151026 -0.0494012 -0.00337225
13.81 -0.152045 -0.0726193 0.00298646
13.82 -0.152941 -0.0957093 0.00903413
13.83 -0.15371 -0.118623 0.0146013
13.84 -0.154346 -0.141312 0.019505
13.85 -0.154845 -0.163731 0.0233797
13.86 -0.155202 -0.185833 0.026213
13.87 -0.155414 -0.207574 0.0284155
13.88 -0.155475 -0.22891 0.0301267
13.89 -0.155382 -0.249798 0.0312114
13.9 -0.15513 -0.270198 0.0319516
13.91 -0.154715 -0.290069 0.0329742
13.92 -0.154134 -0.309372 0.0338235
13.93 -0.153382 -0.328069 0.0337247
13.94 -0.152457 -0.346123 0.033378
13.95 -0.151355 -0.3635 0.0334873
13.96 -0.150073 -0.380164 0.033762
13.97 -0.148608 -0.396085 0.0335483
13.98 -0.146958 -0.41123 0.0326307
13.99 -0.14512 -0.42557 0.0313454
14 -0.143092 -0.439078 0.0297362
14.01 -0.140871 -0.451729 0.0276425
14.02 -0.138458 -0.463499 0.0250153
14.03 -0.13585 -0.474365 0.0224037
14.04 -0.133046 -0.484309 0.0201663
14.05 -0.130046 -0.493311 0.017454
14.06 -0.126849 -0.501356 0.0135078
14.07 -0.123455 -0.508429 0.00896222
14.08 -0.119865 -0.51452 0.00452458
14.09 -0.116079 -0.519618 -0.000277602
14.1 -0.112098 -0.523716 -0.00535028
14.11 -0.107923 -0.526809 -0.0102208
14.12 -0.103557 -0.528893 -0.0153834
14.13 -0.0990007 -0.529966 -0.0213703
14.14 -0.094257 -0.530029 -0.02818
14.15 -0.0893285 -0.529086 -0.0359464
14.16 -0.0842186 -0.527143 -0.0449979
14.17 -0.0789305 -0.524209 -0.0549979
14.18 -0.0734683 -0.520293 -0.0659188
14.19 -0.067836 -0.515411 -0.0781827
14.2 -0.0620384 -0.509577 -0.0912776
14.21 -0.0560803 -0.502811 -0.104015
14.22 -0.0499671 -0.495132 -0.115787
14.23 -0.0437044 -0.486562 -0.12743
14.24 -0.0372983 -0.477124 -0.139608
14.25 -0.030755 -0.466842 -0.151764
14.26 -0.0240813 -0.455744 -0.163642
14.27 -0.0172841 -0.443857 -0.175122
14.28 -0.0103709 -0.43121 -0.185539
14.29 -0.00334922 -0.417834 -0.195098
14.3 0.00377296 -0.40376 -0.204504
14.31 0.0109874 -0.38902 -0.213996
14.32 0.0182856 -0.373648 -0.223662
14.33 0.0256588 -0.357679 -0.233434
14.34 0.033098 -0.341149 -0.243298
14.35 0.0405938 -0.324095 -0.253236
14.36 0.0481367 -0.306557 -0.263115
14.37 0.0557171 -0.288573 -0.272478
14.38 0.0633249 -0.270183 -0.281087
14.39 0.0709501 -0.251428 -0.289645
14.4 0.0785824 -0.232349 -0.298514
14.41 0.0862114 -0.212987 -0.306933
14.42 0.0938264 -0.193385 -0.314832
14.43 0.101417 -0.173585 -0.322873
14.44 0.108972 -0.15363 -0.331139
14.45 0.11648 -0.133562 -0.339517
14.46 0.123932 -0.113426 -0.347876
14.47 0.131315 -0.0932658 -0.356114
14.48 0.138619 -0.073124 -0.364256
14.49 0.145833 -0.0530446 -0.37202
14.5 0.152945 -0.0330708 -0.37853
14.51 0.159945 -0.0132448 -0.383466
14.52 0.166822 0.00639223 -0.387425
14.53 0.173564 0.0257999 -0.390774
14.54 0.180162 0.044939 -0.393739
14.55 0.186604 0.0637705 -0.396651
14.56 0.19288 0.0822565 -0.399929
14.57 0.198979 0.100359 -0.403665
14.58 0.204891 0.118042 -0.406836
14.59 0.210606 0.135268 -0.408939
14.6 0.216115 0.152004 -0.410272
14.61 0.221407 0.168215 -0.410853
14.62 0.226473 0.183871 -0.41157
14.63 0.231304 0.19894 -0.413012
14.64 0.235891 0.213393 -0.414193
14.65 0.240226 0.227201 -0.41371
14.66 0.2443 0.240337 -0.410689
14.67 0.248105 0.252778 -0.405579
14.68 0.251634 0.264503 -0.399396
14.69 0.254879 0.275492 -0.392438
14.7 0.257834 0.285729 -0.384272
14.71 0.260492 0.295197 -0.374511
14.72 0.262846 0.303886 -0.363639
14.73 0.264892 0.311783 -0.352387
14.74 0.266623 0.31888 -0.34132
14.75 0.268036 0.32517 -0.330418
14.76 0.269125 0.330646 -0.318533
14.77 0.269886 0.335306 -0.304744
14.78 0.270317 0.339149 -0.289573
14.79 0.270414 0.342174 -0.274235
14.8 0.270174 0.344386 -0.259401
14.81 0.269596 0.345789 -0.245102
14.82 0.268678 0.346388 -0.230486
14.83 0.267418 0.346191 -0.214233
14.84 0.265816 0.345207 -0.196616
14.85 0.263872 0.343448 -0.178754
14.86 0.261587 0.340928 -0.160488
14.87 0.258961 0.337664 -0.141324
14.88 0.255995 0.333671 -0.121322
14.89 0.252692 0.328969 -0.100696
14.9 0.249053 0.323579 -0.0796473
14.91 0.245083 0.317524 -0.0584079
14.92 0.240783 0.310828 -0.0374047
14.93 0.236158 0.303516 -0.0168003
14.94 0.231213 0.295614 0.00355561
14.95 0.225951 0.287148 0.0236927
14.96 0.220379 0.278148 0.044002
14.97 0.214502 0.268641 0.064854
14.98 0.208326 0.258659 0.085981
14.99 0.201858 0.248233 0.10696
15 0.195106 0.237395 0.127865
15.01 0.188075 0.226178 0.149011
15.02 0.180776 0.214617 0.170474
15.03 0.173215 0.202745 0.19224
15.04 0.165402 0.190599 0.214169
15.05 0.157345 0.178214 0.235723
15.06 0.149055 0.165626 0.255927
15.07 0.140541 0.152873 0.274639
15.08 0.131813 0.139988 0.292577
15.09 0.122881 0.127008 0.309851
15.1 0.113757 0.113967 0.326147
15.11 0.104452 0.1009 0.341276
15.12 0.094977 0.0878408 0.355581
15.13 0.0853434 0.0748226 0.370215
15.14 0.0755633 0.0618793 0.385569
15.15 0.0656489 0.0490445 0.401003
15.16 0.0556123 0.0363518 0.416538
15.17 0.0454661 0.0238345 0.431876
15.18 0.0352231 0.0115255 0.445955
15.19 0.0248958 -0.000543462 0.458646
15.2 0.0144975 -0.0123418 0.470383
15.21 0.00404096 -0.0238401 0.481244
15.22 -0.0064605 -0.0350101 0.491289
15.23 -0.0169937 -0.0458243 0.501283
15.24 -0.0275454 -0.0562563 0.511541
15.25 -0.0381021 -0.0662803 0.520915
15.26 -0.0486507 -0.0758719 0.52875
15.27 -0.0591777 -0.0850081 0.535429
15.28 -0.0696699 -0.0936676 0.540711
15.29 -0.080114 -0.101831 0.544391
15.3 -0.0904967 -0.10948 0.546754
15.31 -0.100805 -0.1166 0.547744
15.32 -0.111026 -0.123176 0.547221
15.33 -0.121146 -0.129197 0.544867
15.34 -0.131153 -0.134652 0.540849
15.35 -0.141034 -0.139533 0.535311
15.36 -0.150776 -0.143834 0.52822
15.37 -0.160368 -0.147553 0.519911
15.38 -0.169797 -0.150686 0.510011
15.39 -0.179051 -0.153235 0.498387
15.4 -0.188119 -0.1552 0.485534
15.41 -0.196989 -0.156587 0.471582
15.42 -0.20565 -0.157401 0.456226
15.43 -0.214091 -0.15765 0.439327
15.44 -0.222302 -0.157344 0.421412
15.45 -0.230272 -0.156494 0.402812
15.46 -0.23799 -0.155113 0.383692
15.47 -0.245448 -0.153215 0.363983
15.48 -0.252637 -0.150816 0.343015
15.49 -0.259546 -0.147934 0.320128
15.5 -0.266167 -0.144588 0.295104
15.51 -0.272493 -0.140799 0.268871
15.52 -0.278515 -0.13659 0.242425
15.53 -0.284225 -0.131986 0.215977
15.54 -0.289616 -0.12701 0.190107
15.55 -0.294682 -0.121688 0.165115
15.56 -0.299416 -0.116046 0.140672
15.57 -0.303812 -0.110108 0.117033
15.58 -0.307864 -0.103901 0.0944568
15.59 -0.311568 -0.0974504 0.072762
15.6 -0.314918 -0.090781 0.0516642
15.61 -0.31791 -0.0839187 0.0308148
15.62 -0.32054 -0.0768893 0.0106267
15.63 -0.322806 -0.0697184 -0.00853757
15.64 -0.324702 -0.0624312 -0.0271325
15.65 -0.326228 -0.0550532 -0.0455704
15.66 -0.327381 -0.0476096 -0.0645204
15.67 -0.328159 -0.0401262 -0.0843443
15.68 -0.32856 -0.0326291 -0.104378
15.69 -0.328584 -0.0251447 -0.124099
15.7 -0.328231 -0.0176992 -0.143308
15.71 -0.3275 -0.0103184 -0.162042
15.72 -0.326392 -0.00302757 -0.180636
15.73 -0.324907 0.0041481 -0.198633
15.74 -0.323048 0.0111841 -0.215979
15.75 -0.320815 0.0180566 -0.233493
15.76 -0.31821 0.0247418 -0.251047
15.77 -0.315237 0.0312166 -0.268705
15.78 -0.311898 0.037458 -0.286578
15.79 -0.308197 0.0434434 -0.304215
15.8 -0.304137 0.049151 -0.321721
15.81 -0.299723 0.0545594 -0.338929
15.82 -0.294958 0.0596483 -0.355005
15.83 -0.289849 0.0643986 -0.369243
15.84 -0.2844 0.0687927 -0.381589
15.85 -0.278617 0.072815 -0.392071
15.86 -0.272507 0.0764516 -0.400736
15.87 -0.266074 0.0796907 -0.407903
15.88 -0.259328 0.0825218 -0.413413
15.89 -0.252273 0.0849366 -0.416792
15.9 -0.244919 0.0869286 -0.418171
15.91 -0.237273 0.0884932 -0.418151
15.92 -0.229342 0.0896276 -0.417013
15.93 -0.221136 0.0903307 -0.415114
15.94 -0.212663 0.0906022 -0.413073
15.95 -0.203931 0.0904433 -0.410929
15.96 -0.194952 0.0898557 -0.408551
15.97 -0.185733 0.0888424 -0.405926
15.98 -0.176285 0.0874073 -0.402455
15.99 -0.166617 0.0855556 -0.397626
16 -0.156742 0.083294 -0.391367
16.01 -0.146668 0.0806312 -0.383306
16.02 -0.136406 0.0775774 -0.373416
16.03 -0.125969 0.0741446 -0.362631
16.04 -0.115366 0.0703461 -0.351494
16.05 -0.10461 0.0661964 -0.339242
16.06 -0.0937114 0.0617112 -0.325535
16.07 -0.0826828 0.0569077 -0.311022
16.08 -0.0715359 0.051804 -0.29597
16.09 -0.0602829 0.0464194 -0.280612
16.1 -0.0489358 0.0407737 -0.265535
16.11 -0.0375072 0.0348872 -0.250429
16.12 -0.0260094 0.0287809 -0.234692
16.13 -0.0144551 0.0224761 -0.219145
16.14 -0.00285685 0.0159947 -0.203828
16.15 0.0087725 0.00935907 -0.187343
16.16 0.0204202 0.0025922 -0.169252
16.17 0.0320732 -0.0042817 -0.150273
16.18 0.0437189 -0.0112378 -0.131383
16.19 0.055344 -0.018251 -0.113222
16.2 0.0669358 -0.0252966 -0.0957706
16.21 0.0784812 -0.03235 -0.0781063
16.22 0.0899673 -0.0393865 -0.059742
16.23 0.101381 -0.0463812 -0.0408432
16.24 0.11271 -0.0533088 -0.020757
16.25 0.12394 -0.0601435 0.000504436
16.26 0.13506 -0.0668593 0.0217833
16.27 0.146055 -0.07343 0.0428109
16.28 0.156915 -0.0798299 0.0642296
16.29 0.167626 -0.0860335 0.0862486
16.3 0.178175 -0.0920154 0.108139
16.31 0.188551 -0.0977505 0.129678
16.32 0.198741 -0.103215 0.151117
16.33 0.208732 -0.108384 0.172349
16.34 0.218514 -0.113235 0.193156
16.35 0.228075 -0.117747 0.213402
16.36 0.237402 -0.121897 0.233537
16.37 0.246485 -0.125665 0.253929
16.38 0.255312 -0.129033 0.27403
16.39 0.263873 -0.13198 0.292724
16.4 0.272156 -0.134489 0.309711
16.41 0.280152 -0.136546 0.325579
16.42 0.287849 -0.138137 0.340648
16.43 0.295239 -0.139248 0.354819
16.44 0.302312 -0.13987 0.368077
16.45 0.309058 -0.139992 0.380352
16.46 0.315468 -0.139607 0.391516
16.47 0.321534 -0.138709 0.401677
16.48 0.327246 -0.137292 0.41097
16.49 0.332598 -0.135353 0.419903
16.5 0.337582 -0.132892 0.428491
16.51 0.342189 -0.129906 0.435711
16.52 0.346414 -0.126398 0.440757
16.53 0.350249 -0.122371 0.443493
16.54 0.353689 -0.117831 0.444784
16.55 0.356728 -0.112784 0.445069
16.56 0.359359 -0.107241 0.443875
16.57 0.36158 -0.101213 0.441512
16.58 0.363384 -0.0947122 0.438237
16.59 0.364769 -0.087753 0.433732
16.6 0.36573 -0.0803513 0.42805
16.61 0.366264 -0.0725244 0.421636
16.62 0.366369 -0.0642911 0.414473
16.63 0.366043 -0.0556713 0.406561
16.64 0.365284 -0.046686 0.398795
16.65 0.36409 -0.0373568 0.391621
16.66 0.362462 -0.0277059 0.384528
16.67 0.360399 -0.0177561 0.376868
16.68 0.357901 -0.00753102 0.368082
16.69 0.35497 0.00294442 0.35779
16.7 0.351606 0.0136441 0.346457
16.71 0.347811 0.0245409 0.334716
16.72 0.343589 0.0356069 0.322179
16.73 0.338942 0.0468134 0.308955
16.74 0.333873 0.058131 0.295373
16.75 0.328387 0.0695298 0.281188
16.76 0.322489 0.0809796 0.266467
16.77 0.316182 0.0924496 0.251069
16.78 0.309474 0.103908 0.234791
16.79 0.302369 0.115324 0.217196
16.8 0.294876 0.126664 0.197689
16.81 0.287 0.137896 0.176453
16.82 0.27875 0.148984 0.154153
16.83 0.270134 0.159895 0.131337
16.84 0.261161 0.170593 0.10828
16.85 0.25184 0.181044 0.0853749
16.86 0.242181 0.191216 0.0630554
16.87 0.232194 0.201073 0.040952
16.88 0.22189 0.210585 0.0183666
16.89 0.211279 0.21972 -0.0050459
16.9 0.200374 0.228445 -0.0291528
16.91 0.189188 0.236729 -0.05356
16.92 0.177731 0.244543 -0.0780225
16.93 0.166018 0.251856 -0.102188
16.94 0.154061 0.258639 -0.126274
16.95 0.141876 0.264865 -0.150776
16.96 0.129475 0.270507 -0.175467
16.97 0.116873 0.27554 -0.200149
16.98 0.104085 0.279939 -0.224507
16.99 0.0911276 0.28368 -0.247945
17 0.0780149 0.286743 -0.270487
17.01 0.0647633 0.289108 -0.292513
17.02 0.051389 0.290756 -0.314269
17.03 0.0379084 0.291672 -0.33587
17.04 0.0243382 0.29184 -0.35752
17.05 0.0106955 0.291247 -0.379325
17.06 -0.00300265 0.289881 -0.401326
17.07 -0.0167389 0.28773 -0.423439
17.08 -0.0304958 0.284787 -0.44463
17.09 -0.0442557 0.281043 -0.46427
17.1 -0.0580007 0.276493 -0.482683
17.11 -0.0717131 0.271136 -0.500039
17.12 -0.0853748 0.26497 -0.516223
17.13 -0.098968 0.257997 -0.531555
17.14 -0.112475 0.250222 -0.546888
17.15 -0.125877 0.241649 -0.562034
17.16 -0.139156 0.232285 -0.576201
17.17 -0.152295 0.222141 -0.589194
17.18 -0.165276 0.211226 -0.601033
17.19 -0.178081 0.199555 -0.612077
17.2 -0.190692 0.187142 -0.622726
17.21 -0.203092 0.174006 -0.632555
17.22 -0.215263 0.160164 -0.640753
17.23 -0.22719 0.145638 -0.646996
17.24 -0.238854 0.130451 -0.651493
17.25 -0.250239 0.114631 -0.654759
17.26 -0.26133 0.098203 -0.657114
17.27 -0.272109 0.0811984 -0.657987
17.28 -0.282562 0.0636484 -0.656821
17.29 -0.292673 0.0455866 -0.654325
17.3 -0.302428 0.0270484 -0.651628
17.31 -0.311811 0.00807042 -0.648804
17.32 -0.320809 -0.0113098 -0.644813
17.33 -0.329409 -0.0310531 -0.638386
17.34 -0.337598 -0.0511183 -0.62908
17.35 -0.345362 -0.0714623 -0.617759
17.36 -0.35269 -0.0920401 -0.60536
17.37 -0.359571 -0.112806 -0.592136
17.38 -0.365993 -0.133712 -0.578375
17.39 -0.371946 -0.154711 -0.564603
17.4 -0.377422 -0.175756 -0.550391
17.41 -0.38241 -0.196798 -0.534764
17.42 -0.386903 -0.217788 -0.517639
17.43 -0.390892 -0.238677 -0.498869
17.44 -0.394371 -0.259414 -0.478122
17.45 -0.397334 -0.279947 -0.455328
17.46 -0.399775 -0.300225 -0.430616
17.47 -0.401689 -0.320195 -0.404939
17.48 -0.403072 -0.339805 -0.379116
17.49 -0.403921 -0.359001 -0.353095
17.5 -0.404233 -0.377734 -0.326602
17.51 -0.404007 -0.395951 -0.299392
17.52 -0.403242 -0.413602 -0.271591
17.53 -0.401936 -0.430639 -0.243473
17.54 -0.400092 -0.447012 -0.215426
17.55 -0.39771 -0.462675 -0.187792
17.56 -0.394793 -0.477581 -0.160147
17.57 -0.391344 -0.491687 -0.13222
17.58 -0.387366 -0.50495 -0.104371
17.59 -0.382864 -0.517329 -0.0767861
17.6 -0.377844 -0.528784 -0.0491161
17.61 -0.372312 -0.539278 -0.0204142
17.62 -0.366274 -0.548775 0.00944344
17.63 -0.359739 -0.557239 0.0397935
17.64 -0.352716 -0.564637 0.0704874
17.65 -0.345213 -0.570938 0.101482
17.66 -0.337241 -0.576112 0.132457
17.67 -0.32881 -0.580131 0.162402
17.68 -0.319932 -0.582971 0.19076
17.69 -0.31062 -0.584611 0.218136
17.7 -0.300887 -0.585031 0.244286
17.71 -0.290745 -0.584217 0.268426
17.72 -0.28021 -0.582157 0.290883
17.73 -0.269296 -0.578841 0.312341
17.74 -0.258019 -0.574263 0.333
17.75 -0.246396 -0.568423 0.352407
17.76 -0.234442 -0.561318 0.37027
17.77 -0.222175 -0.552954 0.386582
17.78 -0.209614 -0.543338 0.400955
17.79 -0.196775 -0.532479 0.413471
17.8 -0.183679 -0.520391 0.424694
17.81 -0.170344 -0.507093 0.434791
17.82 -0.15679 -0.492603 0.443885
17.83 -0.143037 -0.476944 0.452298
17.84 -0.129105 -0.460142 0.459842
17.85 -0.115014 -0.442226 0.46596
17.86 -0.100787 -0.423225 0.470231
17.87 -0.0864423 -0.403175 0.472555
17.88 -0.0720029 -0.382113 0.473282
17.89 -0.0574899 -0.360078 0.473022
17.9 -0.0429247 -0.337113 0.471966
17.91 -0.0283291 -0.313264 0.470235
17.92 -0.0137248 -0.288576 0.468325
17.93 0.00086658 -0.263098 0.46593
17.94 0.0154233 -0.23688 0.46181
17.95 0.0299238 -0.209976 0.45547
17.96 0.0443466 -0.18244 0.44717
17.97 0.0586702 -0.15433 0.43679
17.98 0.0728736 -0.125705 0.424214
17.99 0.0869356 -0.0966275 0.409958
18 0.100836 -0.067161 0.395359
18.01 0.114553 -0.0373698 0.381245
18.02 0.128068 -0.0073192 0.366813
18.03 0.141361 0.0229253 0.351004
18.04 0.154412 0.0532969 0.333433
18.05 0.167202 0.0837279 0.314417
18.06 0.179714 0.114149 0.294311
18.07 0.191928 0.144492 0.272793
18.08 0.203828 0.174686 0.250267
18.09 0.215397 0.204662 0.227508
18.1 0.226618 0.234349 0.204179
18.11 0.237476 0.263677 0.179987
18.12 0.247956 0.292579 0.155173
18.13 0.258044 0.320984 0.129716
18.14 0.267726 0.348824 0.103445
18.15 0.276988 0.376033 0.0762512
18.16 0.28582 0.402543 0.0479533
18.17 0.294209 0.428288 0.0187625
18.18 0.302145 0.453204 -0.0106806
18.19 0.309618 0.477226 -0.0396962
18.2 0.31662 0.500295 -0.0679399
18.21 0.323143 0.52235 -0.0957144
18.22 0.329178 0.543335 -0.123275
18.23 0.33472 0.563194 -0.150222
18.24 0.339764 0.581877 -0.176156
18.25 0.344304 0.599335 -0.200862
18.26 0.348337 0.61552 -0.22444
18.27 0.351861 0.63039 -0.247209
18.28 0.354874 0.643906 -0.268548
18.29 0.357374 0.656032 -0.287868
18.3 0.359361 0.666735 -0.30519
18.31 0.360837 0.675986 -0.320591
18.32 0.361803 0.683761 -0.33473
18.33 0.362263 0.69004 -0.348136
18.34 0.362218 0.694804 -0.360967
18.35 0.361674 0.698039 -0.373535
18.36 0.360637 0.699735 -0.385609
18.37 0.359112 0.699883 -0.396714
18.38 0.357106 0.698479 -0.406802
18.39 0.354627 0.695522 -0.415757
18.4 0.351684 0.691015 -0.423331
18.41 0.348285 0.684966 -0.429426
18.42 0.344442 0.677384 -0.433832
18.43 0.340165 0.668284 -0.436202
18.44 0.335465 0.657685 -0.436408
18.45 0.330355 0.645609 -0.434791
18.46 0.324848 0.632083 -0.43167
18.47 0.318957 0.617138 -0.426727
18.48 0.312696 0.600806 -0.419713
18.49 0.30608 0.583127 -0.41143
18.5 0.299124 0.56414 -0.402675
18.51 0.291843 0.54389 -0.393355
18.52 0.284255 0.522424 -0.383422
18.53 0.276375 0.499791 -0.372916
18.54 0.26822 0.476043 -0.361007
18.55 0.259808 0.451234 -0.346839
18.56 0.251157 0.425422 -0.330919
18.57 0.242283 0.398669 -0.313825
18.58 0.233205 0.371037 -0.295652
18.59 0.223942 0.342592 -0.276852
18.6 0.214511 0.313401 -0.25774
18.61 0.204932 0.283534 -0.238344
18.62 0.195222 0.25306 -0.219275
18.63 0.185401 0.22205 -0.200941
18.64 0.175488 0.190577 -0.182757
18.65 0.165499 0.158712 -0.164112
18.66 0.155455 0.126529 -0.144811
18.67 0.145373 0.0941019 -0.12537
18.68 0.135272 0.0615053 -0.106255
18.69 0.125169 0.028814 -0.0868373
18.7 0.115082 -0.00389738 -0.0663617
18.71 0.105028 -0.0365533 -0.04533
18.72 0.0950254 -0.0690787 -0.024978
18.73 0.0850897 -0.101399 -0.00552508
18.74 0.0752376 -0.13344 0.013749
18.75 0.0654849 -0.165129 0.0334414
18.76 0.0558472 -0.196394 0.0534545
18.77 0.0463392 -0.227163 0.0729088
18.78 0.0369756 -0.257366 0.0910158
18.79 0.0277702 -0.286936 0.107675
18.8 0.0187362 -0.315806 0.123283
18.81 0.00988647 -0.343913 0.138449
18.82 0.00123303 -0.371194 0.153704
18.83 -0.00721264 -0.397589 0.169287
18.84 -0.0154398 -0.42304 0.184922
18.85 -0.0234382 -0.44749 0.200108
18.86 -0.0311986 -0.470884 0.214917
18.87 -0.0387121 -0.493172 0.229423
18.88 -0.045971 -0.514302 0.242904
18.89 -0.0529678 -0.534229 0.254625
18.9 -0.0596962 -0.552909 0.264858
18.91 -0.0661504 -0.570304 0.273839
18.92 -0.0723255 -0.586376 0.281407
18.93 -0.0782173 -0.601092 0.287945
18.94 -0.0838223 -0.614423 0.293546
18.95 -0.089138 -0.626343 0.298022
18.96 -0.0941623 -0.636829 0.301559
18.97 -0.0988943 -0.645862 0.30439
18.98 -0.103334 -0.653425 0.306328
18.99 -0.107481 -0.659506 0.307034
19 -0.111336 -0.664097 0.306101
19.01 -0.114903 -0.667192 0.303763
19.02 -0.118183 -0.66879 0.301071
19.03 -0.121179 -0.668893 0.297882
19.04 -0.123896 -0.667506 0.293028
19.05 -0.126338 -0.664639 0.286085
19.06 -0.128511 -0.660305 0.277717
19.07 -0.13042 -0.654521 0.2679
19.08 -0.132072 -0.647307 0.255662
19.09 -0.133475 -0.638689 0.241155
19.1 -0.134635 -0.628695 0.225187
19.11 -0.135562 -0.617358 0.207873
19.12 -0.136263 -0.604715 0.189036
19.13 -0.136749 -0.590803 0.16867
19.14 -0.137028 -0.575667 0.147057
19.15 -0.13711 -0.559352 0.124584
19.16 -0.137007 -0.541906 0.101883
19.17 -0.136729 -0.52338 0.0791922
19.18 -0.136286 -0.503828 0.0558511
19.19 -0.135691 -0.483305 0.0315915
19.2 -0.134955 -0.461868 0.00692636
19.21 -0.134089 -0.439577 -0.0175632
19.22 -0.133105 -0.416494 -0.0421173
19.23 -0.132016 -0.39268 -0.0672856
19.24 -0.130834 -0.368201 -0.0930245
19.25 -0.129571 -0.343123 -0.118984
19.26 -0.128238 -0.317511 -0.144551
19.27 -0.126848 -0.291435 -0.169021
19.28 -0.125414 -0.264963 -0.192598
19.29 -0.123947 -0.238162 -0.216323
19.3 -0.122459 -0.211102 -0.240824
19.31 -0.120962 -0.183852 -0.266046
19.32 -0.119466 -0.156483 -0.291091
19.33 -0.117984 -0.129066 -0.314924
19.34 -0.116527 -0.101668 -0.338143
19.35 -0.115104 -0.0743615 -0.361932
19.36 -0.113726 -0.0472139 -0.385719
19.37 -0.112404 -0.0202942 -0.407892
19.38 -0.111146 0.00633053 -0.427486
19.39 -0.109962 0.0325951 -0.445118
19.4 -0.10886 0.0584363 -0.461886
19.41 -0.107848 0.0837925 -0.477841
19.42 -0.106934 0.108604 -0.492994
19.43 -0.106125 0.132812 -0.507275
19.44 -0.105427 0.15636 -0.520326
19.45 -0.104846 0.179194 -0.532362
19.46 -0.104388 0.201261 -0.54361
19.47 -0.104058 0.222512 -0.553584
19.48 -0.103858 0.242898 -0.561491
19.49 -0.103793 0.262376 -0.567359
19.5 -0.103866 0.280903 -0.571771
19.51 -0.104078 0.298442 -0.574966
19.52 -0.104431 0.314955 -0.57717
19.53 -0.104925 0.33041 -0.578142
19.54 -0.105561 0.344778 -0.576813
19.55 -0.106338 0.35803 -0.572421
19.56 -0.107254 0.370146 -0.565478
19.57 -0.108308 0.381105 -0.556812
19.58 -0.109497 0.390894 -0.546707
19.59 -0.110817 0.399499 -0.535615
19.6 -0.112264 0.406913 -0.523859
19.61 -0.113835 0.413128 -0.511321
19.62 -0.115522 0.418142 -0.497754
19.63 -0.117321 0.421956 -0.482438
19.64 -0.119224 0.424571 -0.464719
19.65 -0.121225 0.425996 -0.444727
19.66 -0.123315 0.426242 -0.422863
19.67 -0.125487 0.425323 -0.399521
19.68 -0.127731 0.423257 -0.375228
19.69 -0.130038 0.420065 -0.349919
19.7 -0.132398 0.41577 -0.322778
19.71 -0.134802 0.4104 -0.293734
19.72 -0.137237 0.403985 -0.263546
19.73 -0.139693 0.396558 -0.232659
19.74 -0.142159 0.388154 -0.200454
19.75 -0.144622 0.378812 -0.16644
19.76 -0.14707 0.368574 -0.131406
19.77 -0.149492 0.357482 -0.0961378
19.78 -0.151874 0.345582 -0.0609433
19.79 -0.154203 0.332922 -0.0256884
19.8 -0.156466 0.319551 0.00941406
19.81 -0.158651 0.305518 0.0436413
19.82 -0.160743 0.290874 0.0772199
19.83 -0.162731 0.275672 0.110535
19.84 -0.1646 0.259964 0.143299
19.85 -0.166337 0.243803 0.174953
19.86 -0.16793 0.227243 0.205532
19.87 -0.169365 0.210339 0.235865
19.88 -0.170629 0.193144 0.266293
19.89 -0.171709 0.175714 0.2966
19.9 -0.172594 0.158104 0.326262
19.91 -0.173271 0.14037 0.354806
19.92 -0.173727 0.122566 0.381936
19.93 -0.173953 0.104746 0.40774
19.94 -0.173936 0.0869657 0.432246
19.95 -0.173665 0.0692759 0.454762
19.96 -0.173132 0.0517284 0.475164
19.97 -0.172324 0.0343729 0.493794
19.98 -0.171235 0.0172578 0.511034
19.99 -0.169854 0.00043017 0.527332
20 -0.168174 -0.0160642 0.542608
