0.01 -0.000216769 -0.00106363 -0.00262004
0.02 -0.000657699 -0.00229315 -0.00553799
0.03 0.00017213 0.00151104 0.00377969
0.04 -6.00791e-05 -0.00336136 -0.00861759
0.05 -0.00223803 -0.00407084 -0.0091704
0.06 0.00106728 0.00142958 0.00281471
0.07 0.000188305 -0.000886177 -0.0018465
0.08 -0.00129543 0.000976064 0.00246552
0.09 0.00103396 -0.00557904 -0.01409
0.1 -0.0039422 -0.00483801 -0.0110074
0.11 0.00161151 0.000295905 0.00022973
0.12 0.00115901 0.00361046 0.00879575
0.13 -0.00180291 -0.00123783 -0.00279789
0.14 0.00150948 -0.0020923 -0.00527051
0.15 -0.00180707 0.00113418 0.00277904
0.16 0.002047 0.00214641 0.00556891
0.17 -0.000212025 0.000275827 -0.000273043
0.18 -0.00154175 -0.00302342 -0.00589742
0.19 0.0014975 0.00214746 0.00363301
0.2 -0.000631757 -0.00136455 -0.00196488
0.21 -2.33147e-05 0.00339401 0.00739877
0.22 0.00242008 0.00186912 0.00490209
0.23 -0.00138869 0.00323554 0.00779556
0.24 0.00128295 -0.00229077 -0.00563495
0.25 -0.00097664 -5.08912e-05 -4.67447e-05
0.26 -0.000314869 0.000558273 0.00143244
0.27 0.00279678 0.00416849 0.0100038
0.28 -0.00249058 -0.00167471 -0.0042765
0.29 0.00179939 0.00117631 0.00378121
0.3 0.000272964 0.00381942 0.00759789
0.31 0.000269931 -0.000194396 0.00179008
0.32 0.000478499 0.003556 0.00607607
0.33 -5.40924e-05 -0.00492075 -0.00944182
0.34 -0.00222705 -4.28848e-05 -0.00238547
0.35 0.00384298 0.00652891 0.0183125
0.36 -8.4857e-05 0.00240425 0.00270346
0.37 -0.002142 -0.00514652 -0.00868999
0.38 0.00070913 -0.00423911 -0.0145858
0.39 -0.00318605 -0.00321205 -0.00323925
0.4 0.00281222 0.00340387 0.00379631
0.41 -0.00129253 -0.00298984 -0.0033344
0.42 8.1688e-05 0.00558096 0.0104864
0.43 0.0020288 -0.00401978 -0.00765135
0.44 -0.00318034 0.0022487 0.00410529
0.45 0.00172192 -0.00555483 -0.012607
0.46 -0.000823355 0.0033079 0.00746121
0.47 -0.000911152 -0.00289197 -0.00678214
0.48 0.00225549 0.00182394 0.00468723
0.49 -0.00196785 0.00377384 0.00826767
0.5 0.0035692 0.000260582 0.00234873
0.51 -0.00283245 0.000938418 -0.000522618
0.52 0.00234458 0.00313461 0.0119144
0.53 0.000198508 -0.00258134 -0.0124234
0.54 -0.003862 -0.00339696 -0.000327665
0.55 0.00474771 0.00532376 0.00391665
0.56 -0.00202419 -0.000528871 0.00807871
0.57 0.000778231 0.00534949 0.00377286
0.58 0.00120122 -0.00881815 -0.0126759
0.59 -0.00408363 0.00709973 0.00910742
0.6 0.00569936 -0.0037454 -0.00123581
0.61 -0.00351911 0.00646668 0.00759216
0.62 0.000566007 -0.0064636 -0.0070454
0.63 0.00246791 0.00585316 0.00517672
0.64 -0.00433159 -0.00392838 -0.000590088
0.65 0.0047613 0.00182392 -0.00383517
0.66 -0.00470092 -0.00385652 -0.00242814
0.67 0.00231629 0.00193895 -0.000380841
0.68 -0.000284227 -0.0034057 -0.00531469
0.69 -0.00127671 0.00603562 0.0139238
0.7 0.0047177 0.00314699 0.00650508
0.71 -0.00367209 -0.00376111 -0.00692502
0.72 -0.000810053 -0.00261463 -0.00903377
0.73 0.00376315 0.00450101 0.0142645
0.74 -0.00307182 0.0019147 0.00011436
0.75 0.00311716 0.000308822 0.00702902
0.76 0.000710069 0.00953922 0.0150661
0.77 0.000295698 -0.00107494 0.00715877
0.78 0.00124779 0.00301711 -0.00388899
0.79 -0.0022735 -0.00473498 0.000889579
0.8 0.00188777 0.00418855 -0.0029585
0.81 -0.00106104 -0.00462189 0.00224104
0.82 -0.000714519 0.00196106 -0.00886096
0.83 0.000613294 -0.00519582 0.00112781
0.84 -0.000902097 0.00538934 -0.000753214
0.85 0.00106315 -0.00448832 0.00298758
0.86 0.000637955 0.0104148 0.0116027
0.87 0.00102317 -0.00398822 0.00352317
0.88 -0.000442587 0.00570376 0.00133312
0.89 -0.000239006 -0.00766304 -0.00699537
0.9 -0.0001034 0.00644135 0.0052495
0.91 -0.000280051 -0.00899584 -0.0130585
0.92 -0.000904821 0.00594134 0.00754799
0.93 0.00136205 -0.00415817 -0.00521882
0.94 -0.00144557 0.000167001 -0.00268684
0.95 -0.0019753 -0.0072368 -0.0162036
0.96 0.00254381 0.00461744 0.0118187
0.97 -0.00237706 -0.00153651 -0.00666438
0.98 0.00196939 -0.00149965 0.00173089
0.99 -0.00216858 0.00245652 -0.00176326
1 0.00232795 -0.00417856 -0.000251492
1.01 -0.0024603 0.0067097 0.00449871
1.02 0.00363079 -0.00508809 0.00112494
1.03 -0.00303102 0.00901689 0.00691697
1.04 0.0025751 -0.0114931 -0.0117118
1.05 -0.00343818 0.00739495 0.000774492
1.06 0.00207753 -0.008913 -0.0035806
1.07 -0.000741588 0.00757923 -0.00047639
1.08 -0.00232913 -0.0125946 -0.0112359
1.09 0.00210388 0.00658011 -0.00337177
1.1 -0.00344879 -0.00820556 -0.00104212
1.11 0.00457372 0.0115824 0.0102616
1.12 -0.00371113 -0.0108339 -0.0101395
1.13 0.00219654 0.00938348 0.00884339
1.14 -0.000413818 -0.00507939 -0.000732806
1.15 0.000955724 0.00520466 0.00319044
1.16 -0.00292042 -0.00736304 -0.0104766
1.17 0.00363218 0.00406241 0.00461936
1.18 -0.00426814 -0.00146479 -0.000673923
1.19 0.00387313 -0.00386228 -0.0098246
1.2 -0.00478489 0.00239636 0.00377065
1.21 0.00361135 -0.00634793 -0.010845
1.22 -0.00290674 0.00603603 0.00756803
1.23 0.00203628 -0.00377705 0.000447025
1.24 0.000535841 0.00607297 0.00263929
1.25 -0.00264617 -0.00712506 -0.00297592
1.26 0.0044046 0.0103865 0.00929872
1.27 -0.00340655 -0.00755511 -0.00152948
1.28 0.00102542 0.000447858 -0.0163377
1.29 -0.0036024 -0.0115298 -0.0101369
1.3 0.00288665 0.0112742 0.00948502
1.31 -0.000249013 -0.00375695 0.00849376
1.32 0.00118974 0.00734191 0.000515167
1.33 -0.00184355 -0.00805973 -0.00263291
1.34 0.00290304 0.0114444 0.0116569
1.35 -0.00167764 -0.00877502 -0.00656037
1.36 0.000590485 0.00863359 0.00812794
1.37 0.0012903 -0.00523903 -0.00204299
1.38 -0.00188954 0.00420293 0.00166852
1.39 0.00124527 -0.00477815 -0.00509606
1.4 -0.00111419 0.000696522 -0.00292197
1.41 -0.000477555 -0.000354521 0.00197082
1.42 0.00218565 0.00084541 0.0010457
1.43 -0.00212378 0.00335164 0.00719155
1.44 0.00319396 -0.000328885 0.00230427
1.45 -0.00244006 0.000801734 -0.00354812
1.46 0.00140675 0.000503418 0.00933908
1.47 0.000761125 0.00229412 -0.00513443
1.48 -0.0011267 -0.000807034 0.0110527
1.49 0.00249061 0.00862093 0.00628424
1.5 0.00012442 -0.00792054 -0.0037937
1.51 -0.00324543 0.00923576 0.00690221
1.52 0.00730813 -0.00464731 0.00423768
1.53 -0.00645757 0.0122287 0.0139521
1.54 0.00639142 -0.00955301 -0.00695286
1.55 -0.00417373 0.00852591 0.00376618
1.56 -0.000385982 -0.0132909 -0.0147784
1.57 0.00269609 0.0114521 0.0103563
1.58 -0.00267125 -0.00406382 0.00691014
1.59 0.00436979 0.00569486 -0.00182519
1.6 -0.00661932 -0.0137768 -0.0195968
1.61 0.0050257 0.0133993 0.0214244
1.62 -0.000308491 -0.00242533 0.0020523
1.63 4.20318e-05 0.0022325 0.000256174
1.64 -0.0022746 -0.0032682 -0.00485329
1.65 0.00580545 0.0046733 0.0100135
1.66 -0.00735612 0.00178088 0.00393481
1.67 0.0110091 0.00419735 0.0127257
1.68 -0.00920534 0.00298952 0.0019763
1.69 0.00705568 -0.00491602 -0.00344251
1.7 -0.00464451 0.00418432 -0.00166368
1.71 0.00137722 -0.00591508 0.000627557
1.72 0.00111578 0.00707413 -0.000514948
1.73 -0.00202118 -0.00630581 0.00445316
1.74 0.00198047 0.00527169 -0.00850274
1.75 -0.00308646 -0.0111037 -0.00463387
1.76 0.00202317 0.0103135 0.00216949
1.77 -0.00131157 -0.0101518 -0.0015437
1.78 0.00181073 0.0117652 0.00535584
1.79 -0.00268907 -0.0116645 -0.00511536
1.8 0.0045679 0.0136136 0.0101252
1.81 -0.00527614 -0.011132 -0.0047902
1.82 0.0062481 0.0110461 0.00579233
1.83 -0.00623226 -0.00945609 -0.00368449
1.84 0.00648083 0.0121771 0.0127006
1.85 -0.00521359 -0.0132146 -0.0183912
1.86 0.00225091 0.0103988 0.0153611
1.87 0.00153786 -0.00184338 0.00158245
1.88 -0.00036198 0.00609101 0.0122011
1.89 0.000457395 0.000435981 0.000657251
1.9 0.0017397 -0.00226086 -0.00246793
1.91 -0.00470347 0.00113009 -0.00281597
1.92 0.00622364 0.000144748 0.00888575
1.93 -0.00396294 0.00528867 0.000761731
1.94 0.00160032 -0.00574535 0.00198367
1.95 0.000962366 0.00517465 -0.00716416
1.96 -0.00471776 -0.0122344 -0.00677433
1.97 0.00403446 0.0092029 -0.00283557
1.98 -0.00344326 -0.0137337 -0.00701025
1.99 0.000327017 0.0133842 0.00589471
2 0.0025551 -0.0142068 -0.00817255
2.01 -0.0046083 0.0133899 0.00655624
2.02 0.00482105 -0.0111252 -0.00114551
2.03 -0.00274157 0.00808018 -0.00662288
2.04 -0.00343306 -0.0158691 -0.0119224
2.05 0.00593876 0.0124066 0.00382788
2.06 -0.00755487 -0.013142 -0.0070877
2.07 0.00526313 0.00622999 -0.00723108
2.08 -0.00413034 -0.00772588 0.000493514
2.09 0.0016011 0.00372786 -0.00694685
2.1 -0.00143816 -0.00542865 -0.000297357
2.11 0.00218485 0.00669803 0.00629855
2.12 -0.0032825 -0.00699769 -0.0099313
2.13 0.00357855 0.00314269 0.00352925
2.14 -0.00476095 -0.00240428 -0.00476657
2.15 0.00651195 0.0060092 0.0168435
2.16 -0.00452428 0.00138061 -0.00254159
2.17 0.00306322 -0.00612184 -0.00536507
2.18 -0.00303397 0.00730514 0.00504989
2.19 0.00265221 -0.0124816 -0.0150549
2.2 -0.0049652 0.0081651 0.00247192
2.21 0.0056629 -0.00642143 0.00382305
2.22 -0.00319424 0.0111552 0.00546221
2.23 0.00109502 -0.0104753 -0.00161328
2.24 0.00144552 0.00964225 -0.00238547
2.25 -0.00494684 -0.0136876 -0.00598413
2.26 0.00568022 0.0110514 -0.00112228
2.27 -0.00702254 -0.0158626 -0.0107881
2.28 0.00493099 0.0115149 0.00124179
2.29 -0.00555631 -0.0197721 -0.0230521
2.3 0.00140362 0.00825463 -0.00286796
2.31 -0.00241093 -0.0102719 -0.00392689
2.32 0.00273314 0.0010173 -0.0172716
2.33 -0.00885856 -0.00859959 -0.00210667
2.34 0.0126755 0.0106082 0.00842503
2.35 -0.0122047 -0.00584034 0.000633097
2.36 0.0104075 0.00615059 0.00373935
2.37 -0.00658955 -0.00634485 -0.00866597
2.38 -0.000138944 -0.0038143 -0.0114579
2.39 0.00172222 0.000922122 0.000522038
2.4 -0.00179836 -0.000857243 0.00267558
2.41 0.000823542 0.00338876 0.00112214
2.42 0.00200744 -0.00118647 0.00627621
2.43 -0.00260755 0.0050097 0.000873579
2.44 0.00175333 -0.00996433 -0.0106046
2.45 -0.00154374 0.00776704 0.00284017
2.46 -0.00147198 -0.0126271 -0.0122667
2.47 0.00220005 0.00664371 -0.00451239
2.48 -0.00547141 -0.0102457 -0.00230895
2.49 0.00641122 0.00718728 -0.00658607
2.5 -0.0085962 -0.0141089 -0.00957517
2.51 0.00789123 0.0179648 0.0194658
2.52 -0.00324255 -0.0127593 -0.00839577
2.53 0.000245157 0.0134219 0.0120333
2.54 0.00304449 -0.00535111 0.00588971
2.55 -0.000855231 0.00684965 -0.00133405
2.56 -0.00453523 -0.0133846 -0.01509
2.57 0.00772789 0.0128688 0.0148796
2.58 -0.00783804 -0.00667357 -0.00175891
2.59 0.00736393 0.00437609 -0.00113181
2.6 -0.0054343 -0.000453834 0.00755353
2.61 0.00441259 0.00150022 -0.00176623
2.62 -0.00282868 1.44094e-05 0.0022718
2.63 0.00205559 -0.000265094 8.80438e-05
2.64 -0.00156728 0.00208853 0.00168872
2.65 0.0024103 -0.000786523 0.00387106
2.66 -0.00191113 0.00554155 0.00550716
2.67 0.00322854 -0.00280128 0.00322318
2.68 -0.0022232 0.00695242 0.00481927
2.69 0.00194344 -0.00577762 9.06438e-05
2.7 0.000464655 0.0112633 0.0113548
2.71 0.000667888 -0.00142835 0.0143565
2.72 0.00326355 0.00917064 0.00270777
2.73 -0.00434957 -0.00651337 0.00525511
2.74 0.00636254 0.0103923 0.00320644
2.75 -0.00707455 -0.0143314 -0.0126175
2.76 0.00491982 0.0119832 0.00758257
2.77 -0.00326934 -0.0126216 -0.0103193
2.78 0.00252899 0.0143777 0.0159902
2.79 -0.0010118 -0.00752358 -0.000601731
2.8 0.00406606 0.011345 0.0108714
2.81 -0.00687404 -0.0106562 -0.010167
2.82 0.0100233 0.0132075 0.0178691
2.83 -0.00956962 -0.00723643 -0.00564209
2.84 0.00869274 0.00450903 0.00193775
2.85 -0.00760058 -0.00420773 -0.00452707
2.86 0.00627413 0.00537598 0.0110009
2.87 -0.00369062 -0.00258714 -0.00802644
2.88 0.00110546 -0.00258467 -0.000948676
2.89 -0.00110108 0.00241595 -0.00255936
2.9 0.00101033 -0.00664496 -0.00516391
2.91 -0.00213138 0.00822739 0.00688936
2.92 0.00242425 -0.0123476 -0.0150908
2.93 -0.00384999 0.00770967 0.00198436
2.94 0.00286801 -0.00337918 0.0109074
2.95 0.00413304 0.0148313 0.014194
2.96 -0.00665437 -0.00805164 0.00479233
2.97 0.0110886 0.0125749 0.00440358
2.98 -0.012733 -0.0146932 -0.00887311
2.99 0.011745 0.0170439 0.0153058
3 -0.00687094 -0.0108534 -0.00199677
3.01 0.00485165 0.0153705 0.0151252
3.02 -0.00200152 -0.0112022 -0.00705078
3.03 0.00277657 0.0126749 0.0123457
3.04 -0.00458237 -0.0107923 -0.00918971
3.05 0.00727015 0.00871388 0.00555029
3.06 -0.0106221 -0.0113699 -0.0139086
3.07 0.0104246 0.00776787 0.00798675
3.08 -0.00734298 -0.00033416 0.0064536
3.09 0.00585767 0.00349812 0.00531354
3.1 -0.00189301 0.00120335 0.0019041
3.11 -0.000508915 -0.00189169 0.000402843
3.12 0.00123769 -4.30898e-05 -0.00868161
3.13 -0.00356292 -0.00912315 -0.0106124
3.14 0.000891838 0.00363854 -0.00510783
3.15 0.000269609 -0.00407091 0.00625041
3.16 0.000266048 0.00767805 0.00020541
3.17 6.35207e-05 -0.00298376 0.013791
3.18 0.00377024 0.00999227 0.000484367
3.19 -0.00738464 -0.0175121 -0.0164886
3.2 0.00632718 0.0126493 0.00336761
3.21 -0.00547676 -0.0128914 -0.00350384
3.22 0.00341794 0.00918462 -0.00552632
3.23 -0.0049136 -0.0183782 -0.0171654
3.24 0.00346583 0.0160408 0.0123231
3.25 -0.00233803 -0.0130034 -0.00612796
3.26 0.00226603 0.00923224 -0.00187886
3.27 -0.00595728 -0.0164287 -0.0168644
3.28 0.00645027 0.0118079 0.00734463
3.29 -0.00667935 -0.00790164 -7.39557e-05
3.3 0.00754693 0.00832499 0.0037524
3.31 -0.00901447 -0.0156277 -0.0248884
3.32 0.00470552 0.005492 0.00438327
3.33 -0.00282244 -0.00468401 -0.00677688
3.34 0.00187572 0.00390333 0.00903719
3.35 -0.00105325 0.00141892 0.000151204
3.36 0.00209161 -0.00502376 -0.00574427
3.37 -0.00408394 0.00837734 0.0112713
3.38 0.00774178 -0.00294305 0.00452578
3.39 -0.00729672 0.00438827 -0.00418992
3.4 0.0032088 -0.0102331 -0.00622339
3.41 0.000856336 0.0108386 0.00377737
3.42 -0.00453573 -0.00938965 0.003356
3.43 0.00873123 0.0137703 0.00439949
3.44 -0.0100121 -0.0145998 -0.00463012
3.45 0.0100678 0.0196084 0.0163431
3.46 -0.00585545 -0.0135013 -0.00204007
3.47 0.00391714 0.0142561 0.00473536
3.48 -0.00397631 -0.0160872 -0.00992142
3.49 0.00526702 0.0153287 0.0086455
3.5 -0.00876466 -0.0184202 -0.0168398
3.51 0.0107802 0.0157629 0.0115822
3.52 -0.0121442 -0.0141037 -0.00954963
3.53 0.0113404 0.00879211 -0.000577785
3.54 -0.0114239 -0.0119709 -0.0106982
3.55 0.00708429 0.00155549 -0.0105783
3.56 -0.0058346 -0.00277902 0.00350466
3.57 0.00447661 0.00208558 -0.00121382
3.58 -0.00415824 -0.00543189 -0.0109732
3.59 0.00100827 -0.00149706 -0.00171475
3.6 -0.000217537 -0.000481702 -0.00724715
3.61 -0.00137414 -0.000400041 0.00926276
3.62 0.00370538 0.00409435 -0.00440615
3.63 -0.00571014 -0.00844555 -0.0023632
3.64 0.006933 0.0139222 0.0125432
3.65 -0.0044087 -0.00784473 0.00476503
3.66 0.00463646 0.011227 0.00115145
3.67 -0.00588752 -0.0165184 -0.0119183
3.68 0.00562987 0.0147648 0.00592545
3.69 -0.00755497 -0.0212717 -0.0205764
3.7 0.00695764 0.0194799 0.0158164
3.71 -0.00561921 -0.0150558 -0.00528354
3.72 0.00654228 0.0180521 0.0132312
3.73 -0.00608719 -0.0146784 -0.0061194
3.74 0.00715022 0.0169338 0.0131957
3.75 -0.00679209 -0.0147538 -0.0100849
3.76 0.00612997 0.0126153 0.00764763
3.77 -0.00551883 -0.0112795 -0.00761339
3.78 0.00511514 0.0112374 0.0111323
3.79 -0.00488994 -0.0131972 -0.0200206
3.8 0.00145567 0.00265694 -0.00120166
3.81 -0.00159587 -0.00251213 -0.00269193
3.82 0.00224951 0.000983654 0.00295798
3.83 -0.00172387 0.0075126 0.0140245
3.84 0.00460237 -0.00329342 -0.000313784
3.85 -0.00461613 0.00622981 0.00387489
3.86 0.0029561 -0.0100326 -0.00931477
3.87 -0.000848938 0.0112591 0.00846856
3.88 -0.00155059 -0.0110911 -0.00440251
3.89 0.00372531 0.00893948 -0.00422898
3.9 -0.0074937 -0.0143885 -0.00611962
3.91 0.00990841 0.020739 0.0197129
3.92 -0.00767829 -0.0166088 -0.00908323
3.93 0.00539555 0.0150339 0.00547063
3.94 -0.00459702 -0.0167207 -0.0100832
3.95 0.00534729 0.0200526 0.0188776
3.96 -0.00437619 -0.0110468 0.00231507
3.97 0.00906956 0.0188465 0.0173951
3.98 -0.0106311 -0.0142173 -0.00733015
3.99 0.0122893 0.0132959 0.00702797
4 -0.0116557 -0.00817072 0.00275441
4.01 0.0118762 0.0116492 0.00913851
4.02 -0.00904567 -0.00877682 -0.00634301
4.03 0.00596413 0.00802965 0.00924973
4.04 -0.00165218 -0.00100831 0.0030838
4.05 0.00100072 0.00297581 0.00605257
4.06 -0.000556225 -0.000925374 -0.00502398
4.07 0.000475224 -0.00271492 -0.000151841
4.08 -0.000645552 0.00655244 0.006041
4.09 0.00222566 -0.00248708 0.00734344
4.1 0.00049309 0.00967222 0.00635592
4.11 -0.00284425 -0.0114084 -0.00674085
4.12 0.00603215 0.0154778 0.0131383
4.13 -0.00750681 -0.0146465 -0.00824616
4.14 0.00808576 0.0123904 0.000521398
4.15 -0.00945759 -0.0148558 -0.00484921
4.16 0.00921524 0.0126267 -0.00169314
4.17 -0.0105259 -0.018237 -0.011447
4.18 0.00976794 0.0187814 0.0130649
4.19 -0.00842983 -0.0195419 -0.0160322
4.2 0.00541789 0.0130158 0.0017522
4.21 -0.00564508 -0.0148392 -0.00787342
4.22 0.006288 0.0144305 0.00866717
4.23 -0.00779436 -0.0165219 -0.0159476
4.24 0.00751279 0.0139005 0.0124492
4.25 -0.00548512 -0.00655168 0.00199146
4.26 0.00619493 0.0111456 0.0130252
4.27 -0.00463249 -0.00971127 -0.0139306
4.28 0.00171439 0.00482023 0.00686063
4.29 -0.00021789 -0.00445831 -0.0109061
4.3 -0.00184362 -0.00125095 0.00174924
4.31 0.00248118 0.00674572 0.00743032
4.32 0.000506257 -0.00189802 0.0080686
4.33 -4.79995e-06 0.0101561 0.00847533
4.34 0.000709729 -0.0115559 -0.00846128
4.35 -0.00127497 0.008889 -0.00148496
4.36 -0.001454 -0.0128801 -0.00459025
4.37 0.00508069 0.0173246 0.0119561
4.38 -0.00734789 -0.0180173 -0.0108913
4.39 0.00999347 0.0256858 0.0279725
4.4 -0.00738874 -0.0193913 -0.0124017
4.41 0.00594477 0.0195366 0.0133605
4.42 -0.00513678 -0.0197455 -0.0149049
4.43 0.00471141 0.016196 0.00744525
4.44 -0.00652434 -0.0148237 -0.00522522
4.45 0.0104898 0.018379 0.0151917
4.46 -0.0121013 -0.0147161 -0.00827424
4.47 0.0127269 0.0121021 0.00477497
4.48 -0.0119147 -0.00953359 -0.00221404
4.49 0.010509 0.0100112 0.00781387
4.5 -0.00750777 -0.00837638 -0.00889595
4.51 0.00436994 0.00762582 0.012499
4.52 -0.000374671 -0.000945532 -0.00160505
4.53 -0.000233962 0.00169671 0.00834433
4.54 0.00198928 0.00856341 0.0123703
4.55 0.000825839 -0.00615726 -0.00294438
4.56 -0.00122136 0.0134571 0.0174973
4.57 0.00316634 -0.00999256 -0.00584183
4.58 -0.000859363 0.014271 0.0126785
4.59 -0.00136093 -0.00859105 0.00517023
4.6 0.0085057 0.0156635 0.00782447
4.61 -0.0135982 -0.0165566 -0.00639535
4.62 0.0168942 0.0196646 0.0117068
4.63 -0.0159801 -0.0186372 -0.00861518
4.64 0.0132491 0.0206754 0.0144802
4.65 -0.00904961 -0.0220323 -0.0197854
4.66 0.00415831 0.01842 0.0134608
4.67 -0.00149585 -0.0132447 -0.00298365
4.68 0.00346377 0.0123818 0.00221389
4.69 -0.00827456 -0.0132348 -0.00517105
4.7 0.0128369 0.0131064 0.00612104
4.71 -0.0148683 -0.0120836 -0.00605872
4.72 0.0130616 0.00961898 0.00401057
4.73 -0.00835137 -0.00805207 -0.00549899
4.74 0.00164325 0.0047148 0.00342271
4.75 0.00442336 -0.000964156 -0.00020674
4.76 -0.00744597 -0.00134827 -0.000402133
4.77 0.00667828 0.00149307 -0.00312488
4.78 -0.00476754 -0.00708758 -0.00758437
4.79 -0.000770375 0.00158176 -0.00831197
4.8 0.00189925 -0.0075325 -0.00330902
4.81 -0.00180309 0.00851388 0.00219709
4.82 -0.00150414 -0.0128127 -0.00866927
4.83 0.00570822 0.0162273 0.0130385
4.84 -0.00788432 -0.0125422 -0.000674487
4.85 0.0117353 0.0206209 0.0179064
4.86 -0.0113845 -0.0221005 -0.0205813
4.87 0.00716905 0.0164611 0.00729403
4.88 -0.0044222 -0.017485 -0.0108839
4.89 0.0018889 0.0140382 0.00364687
4.9 -0.00289712 -0.0156092 -0.00832822
4.91 0.00529999 0.0150846 0.00772343
4.92 -0.00787153 -0.0112841 0.00076965
4.93 0.0118042 0.0139011 0.00683078
4.94 -0.0124843 -0.0103566 -0.000366749
4.95 0.0120031 0.0110157 0.00522041
4.96 -0.00949931 -0.0123741 -0.0128626
4.97 0.00431052 0.00821986 0.00785702
4.98 0.000972581 -0.000709114 0.00538477
4.99 -0.000404407 0.00782006 0.0163569
5 0.00174164 0.000161425 -0.000819685
5.01 0.000207692 -0.00181541 0.000128255
5.02 -0.00179003 0.00802146 0.0120534
5.03 0.00409978 -0.00989558 -0.0138446
5.04 -0.00520495 0.00944803 0.00971977
5.05 0.0034311 -0.00917794 -0.00539396
5.06 0.00202489 0.0134262 0.0115572
5.07 -0.00809834 -0.0170026 -0.0162689
5.08 0.0126865 0.0197049 0.0198476
5.09 -0.0129202 -0.0141216 -0.0045817
5.1 0.0133947 0.0170913 0.0112877
5.11 -0.0119749 -0.0184681 -0.0151371
5.12 0.00901773 0.0156978 0.00958101
5.13 -0.00769783 -0.0159465 -0.0115618
5.14 0.00678657 0.010787 0.000176844
5.15 -0.0090569 -0.010156 0.000573631
5.16 0.0122479 0.00905352 -0.00258712
5.17 -0.0148801 -0.00800659 0.00406462
5.18 0.0154451 0.00675477 -0.00518348
5.19 -0.0136803 -0.00734577 0.000702984
5.2 0.00799914 0.00206849 -0.00956129
5.21 -0.00278373 -0.00223065 0.00481578
5.22 -0.0011931 0.00614751 0.00905977
5.23 0.00669612 0.0011336 0.00466749
5.24 -0.00850729 -0.00417917 -0.00898953
5.25 0.00598787 -0.000391425 -0.00435838
5.26 -0.00532189 -0.00602453 -0.00940559
5.27 0.00152681 -0.00227032 -0.0128261
5.28 -0.00495137 -0.0106506 -0.0160162
5.29 0.00572792 0.00831507 0.00749592
5.3 -0.00829633 -0.0101527 -0.0091447
5.31 0.00984472 0.00741218 -0.000167094
5.32 -0.0123957 -0.0108325 -0.00593583
5.33 0.0122815 0.00904918 7.2694e-05
5.34 -0.0115528 -0.010714 -0.00336561
5.35 0.00927867 0.0112218 0.00454986
5.36 -0.00641027 -0.0116653 -0.00609118
5.37 0.00375186 0.0116978 0.00686276
5.38 -0.00176007 -0.00980178 -0.00287567
5.39 0.00286456 0.0147721 0.0155042
5.4 -0.00232301 -0.00988876 -0.00424697
5.41 0.00446542 0.0140532 0.0152786
5.42 -0.00435437 -0.0111652 -0.00971011
5.43 0.00376492 0.00905516 0.00663695
5.44 -0.00289273 -0.00779362 -0.00610125
5.45 0.000452822 -6.05383e-06 -0.0102029
5.46 -0.00230016 -0.00709278 -0.009703
5.47 0.00130406 0.00337142 0.00345756
5.48 -0.000603849 -0.00118272 -0.00110023
5.49 0.000452556 0.00119223 0.00416296
5.5 0.000836055 0.00323932 0.0035738
5.51 -0.000876332 -0.00320585 -0.000544379
5.52 0.00226582 0.00895244 0.0117798
5.53 -0.00140059 -0.00599454 -0.0020571
5.54 0.00254107 0.00900233 0.0069168
5.55 -0.00420329 -0.0121322 -0.0121921
5.56 0.00528383 0.0118789 0.00949026
5.57 -0.00702228 -0.0133817 -0.0113686
5.58 0.0085732 0.01413 0.01181
5.59 -0.00964642 -0.0136287 -0.00967514
5.6 0.0118042 0.0193083 0.0232185
5.61 -0.0118937 -0.0211375 -0.0283492
5.62 0.00903148 0.0140513 0.0125949
5.63 -0.00888554 -0.0159441 -0.0190361
5.64 0.0074383 0.00867357 0.00320644
5.65 -0.00939075 -0.00983359 -0.00775118
5.66 0.0111206 0.00870987 0.0068557
5.67 -0.0128618 -0.0117805 -0.0168064
5.68 0.0105185 0.00702618 0.00870996
5.69 -0.00689512 -0.00443874 -0.00672197
5.7 0.00197318 2.67829e-05 0.000673023
5.71 0.001612 0.00021346 -0.00470071
5.72 -0.00533095 -0.00510138 -0.0029951
5.73 0.0069628 0.00805298 0.00667784
5.74 -0.00660861 -0.0083603 -0.00460276
5.75 0.00591225 0.00815294 0.00158298
5.76 -0.00738735 -0.0137796 -0.0128116
5.77 0.00914195 0.0178909 0.0205444
5.78 -0.00935462 -0.0133628 -0.00749672
5.79 0.0124198 0.017139 0.01486
5.8 -0.0155862 -0.0224486 -0.0265929
5.81 0.0153866 0.0198389 0.0201423
5.82 -0.0138425 -0.0167507 -0.0135304
5.83 0.0123033 0.0160572 0.0134566
5.84 -0.0108713 -0.0167018 -0.0172012
5.85 0.00839829 0.0129604 0.0107008
5.86 -0.00764672 -0.0146606 -0.0177568
5.87 0.0060334 0.0124351 0.0156306
5.88 -0.00477808 -0.01176 -0.0176922
5.89 0.0016056 0.0029652 0.000226143
5.9 -0.00103633 -0.00194242 -0.00158656
5.91 0.00153269 0.00466914 0.0121216
5.92 0.000590727 0.000417139 -0.00394445
5.93 -0.00402419 -0.0101252 -0.015518
5.94 0.0044513 0.0108369 0.013623
5.95 -0.00287556 -0.00439445 0.00533159
5.96 0.00488414 0.00899698 0.00254773
5.97 -0.00652127 -0.00984944 -0.00134565
5.98 0.00756518 0.00734011 -0.00787431
5.99 -0.0108371 -0.0147668 -0.0074833
6 0.0108204 0.0144982 0.00496378
6.01 -0.00983597 -0.0164046 -0.00872924
6.02 0.00808638 0.0201679 0.0179871
6.03 -0.00398686 -0.0162291 -0.00922336
6.04 0.00235139 0.0181776 0.0150359
6.05 -0.00170274 -0.017575 -0.0146588
6.06 0.00210428 0.0138607 0.00662009
6.07 -0.00503966 -0.0142807 -0.00860931
6.08 0.00830057 0.0152499 0.0123327
6.09 -0.00821708 -0.00633902 0.00733266
6.1 0.0112149 0.0150701 0.0167456
6.11 -0.00877689 -0.0113559 -0.0116852
6.12 0.00398841 0.00354633 -0.00260188
6.13 -0.00239787 -0.00695429 -0.0104697
6.14 0.000338776 0.00442242 0.00888591
6.15 0.000148778 -0.00224761 -0.00779071
6.16 -4.74482e-05 -0.00399404 -0.00375669
6.17 -0.00385352 -0.00125494 -0.0123041
6.18 0.00351869 -0.00799208 -0.00684384
6.19 -0.00464941 0.00686454 0.000558602
6.2 0.00332592 -0.00819397 9.77251e-05
6.21 0.000486539 0.0126292 0.00654956
6.22 -0.00461777 -0.0159954 -0.0108312
6.23 0.00741438 0.016138 0.00795963
6.24 -0.00882074 -0.0144063 -0.00134362
6.25 0.00912029 0.0105238 -0.00990625
6.26 -0.0116021 -0.0162992 -0.00282247
6.27 0.013103 0.0216556 0.015338
6.28 -0.0119542 -0.0212129 -0.0147814
6.29 0.00978119 0.0182107 0.00875991
6.3 -0.0100703 -0.0230615 -0.0223294
6.31 0.00767356 0.0135933 0.00131114
6.32 -0.00923001 -0.0132068 -0.00228718
6.33 0.0119632 0.013594 0.00518877
6.34 -0.0137273 -0.0120557 -0.00393653
6.35 0.0131749 0.00734684 -0.00421993
6.36 -0.0119052 -0.00725259 0.000286953
6.37 0.00791964 0.00363313 -0.00416264
6.38 -0.00279413 0.0010849 0.0103667
6.39 -0.000869788 -0.00132823 -0.00582947
6.4 0.00331957 -0.00012979 -0.00254741
6.41 -0.00658136 -0.00530855 -0.00622919
6.42 0.00832942 0.0102042 0.0143242
6.43 -0.00684826 -0.00646236 -0.00198568
6.44 0.00694598 0.00795821 0.00251672
6.45 -0.00817056 -0.0100985 -0.00449926
6.46 0.00931586 0.00748138 -0.00526741
6.47 -0.0134438 -0.0139003 -0.00697325
6.48 0.0152969 0.0138261 0.00395708
6.49 -0.0165784 -0.0179272 -0.0120884
6.5 0.0129792 0.00947879 -0.00934796
6.51 -0.0112493 -0.0105776 0.00706244
6.52 0.0102149 0.0149178 0.00346395
6.53 -0.00889495 -0.0198894 -0.0161491
6.54 0.00411077 0.0118635 -0.00223087
6.55 -0.00167681 -0.00834468 0.00967203
6.56 0.00300456 0.0137106 0.0043285
6.57 -0.00252558 -0.00956222 0.0046717
6.58 0.0032362 0.0102117 -0.00163058
6.59 -0.00247447 -0.00751955 0.00619683
6.6 0.00301826 0.0147395 0.0141475
6.61 0.0011581 -0.00929905 -0.00462351
6.62 -0.0050746 0.0057862 0.000235147
6.63 0.00799972 -0.000493158 0.00877139
6.64 -0.00716196 0.000672399 -0.00517302
6.65 0.00458446 -0.000280676 0.00354872
6.66 -0.00159053 -0.000918804 -0.00405936
6.67 2.47709e-05 0.00559623 0.0128852
6.68 0.00173002 -0.00411316 -0.00635761
6.69 -0.00196001 -0.000476501 -0.00846154
6.7 -0.00308128 -0.00699069 -0.0053555
6.71 0.00790611 0.0128644 0.0154347
6.72 -0.00930354 -0.0118132 -0.00957896
6.73 0.00961168 0.0152263 0.0157607
6.74 -0.00763354 -0.0176454 -0.020709
6.75 0.00298902 0.0121946 0.00722734
6.76 -0.00177138 -0.0150023 -0.0138431
6.77 0.0009084 0.00925444 -0.000840766
6.78 -0.00533896 -0.0136098 -0.00848819
6.79 0.00994591 0.0139379 0.00799093
6.8 -0.0136496 -0.0134774 -0.00623021
6.81 0.0148062 0.0110666 0.000802995
6.82 -0.0137339 -0.00965556 0.00102444
6.83 0.0108528 0.0096246 0.00152828
6.84 -0.00564577 -0.00458829 0.00751383
6.85 0.00210214 0.00403772 -0.0056675
6.86 -0.000673897 -0.00702289 -0.00452617
6.87 -0.00101872 0.00485454 0.002024
6.88 0.00298958 0.00260007 0.0135882
6.89 -0.00181383 -0.00101174 -0.00747565
6.9 0.00271715 0.00725279 0.0204715
6.91 -0.00306834 -0.00859683 -0.0214937
6.92 0.00301114 0.00194133 0.00264724
6.93 -0.00864781 -0.00962265 -0.0181113
6.94 0.0139877 0.014244 0.0262015
6.95 -0.0159434 -0.00955625 -0.0122918
6.96 0.0190311 0.0161268 0.0267004
6.97 -0.0176778 -0.0144028 -0.0220985
6.98 0.0141555 0.0102786 0.012539
6.99 -0.0115767 -0.010222 -0.0131775
7 0.0102771 0.0124369 0.0193743
7.01 -0.00800056 -0.00673824 -0.00621058
7.02 0.00820114 0.00581126 0.00439833
7.03 -0.00863269 -0.00310971 0.0018775
7.04 0.00790807 -0.00404941 -0.0190336
7.05 -0.00981795 -0.00313122 0.00102908
7.06 0.00806537 0.00677768 0.00937398
7.07 -0.00108259 -0.00169182 0.000298909
7.08 -0.00532717 0.00437099 0.0095567
7.09 0.01261 -0.00144899 -0.00574834
7.1 -0.0172764 -0.00162207 0.000788098
7.11 0.0183073 0.00624741 0.0093284
7.12 -0.0150944 -0.00998512 -0.0187967
7.13 0.00675549 0.000918134 -0.0021288
7.14 -0.0029154 -0.00358642 -0.0050197
7.15 0.00205228 0.00509572 0.00825477
7.16 -0.00528097 -0.0107124 -0.0205886
7.17 0.00698162 0.00332535 0.000831914
7.18 -0.0121311 -0.00821483 -0.0109751
7.19 0.0140266 0.00748366 0.00821361
7.2 -0.0139956 -0.0121842 -0.0200416
7.21 0.00871224 0.0097917 0.0160862
7.22 -0.00221463 -0.00955198 -0.0182821
7.23 -0.00391922 0.00817075 0.0177649
7.24 0.0066184 -0.00986609 -0.0241293
7.25 -0.00685819 0.00743363 0.0195513
7.26 0.00304417 -0.00857879 -0.0228985
7.27 0.000564131 0.00196391 0.00696797
7.28 -0.0067994 -0.00595177 -0.0170125
7.29 0.00877592 0.00182985 0.00818208
7.3 -0.00829132 0.000301249 -0.00525561
7.31 0.00687328 0.00518775 0.0219019
7.32 0.000585971 0.00669193 0.00317254
7.33 -0.00285408 -0.0014047 0.013155
7.34 0.00635872 0.00998793 0.00524616
7.35 -0.00495052 -0.0119829 -0.0090341
7.36 -0.000878317 0.00472869 -0.0086552
7.37 0.00212337 -0.0145183 -0.015376
7.38 -0.00465848 0.0129966 0.0117554
7.39 0.00365136 -0.0145378 -0.0151262
7.4 -0.000738372 0.0112256 0.00605315
7.41 -0.00568912 -0.0120643 -0.00662562
7.42 0.013093 0.0150394 0.012634
7.43 -0.0176871 -0.0144558 -0.0110492
7.44 0.0181886 0.00940359 -4.79686e-05
7.45 -0.0180671 -0.0128173 -0.0106967
7.46 0.0153903 0.0153428 0.0204165
7.47 -0.00979436 -0.0100351 -0.0117467
7.48 0.00698123 0.0113687 0.0191767
7.49 -0.0055873 -0.00993499 -0.0194333
7.5 0.00541148 0.00392333 0.00794583
7.51 -0.0100116 -0.0112608 -0.0286677
7.52 0.00972316 0.00196588 0.0093129
7.53 -0.0102464 -0.00265664 -0.0149453
7.54 0.0069571 -0.00229809 0.00764197
7.55 -0.00213208 0.0055821 -0.00496965
7.56 -0.00354724 -0.00905652 0.00189259
7.57 0.00730521 0.00596403 -0.0144758
7.58 -0.0112604 -0.00652746 0.0177277
7.59 0.0154693 0.0140339 -0.00333357
7.6 -0.0148736 -0.0107741 0.0141248
7.61 0.0155874 0.0191607 0.00439289
7.62 -0.0133503 -0.0209992 -0.00795309
7.63 0.00973273 0.017585 -0.000658823
7.64 -0.00880903 -0.0189722 -0.002477
7.65 0.0096505 0.0200527 0.00481356
7.66 -0.0114505 -0.020156 -0.0049706
7.67 0.0134026 0.0207337 0.00690335
7.68 -0.0148245 -0.0249643 -0.0189274
7.69 0.0112799 0.0186161 0.0067014
7.7 -0.00791054 -0.0194232 -0.0131168
7.71 0.00277621 0.015664 0.00922855
7.72 0.000111843 -0.0188044 -0.0225682
7.73 -0.0045346 0.0105146 0.00817312
7.74 0.00536234 -0.00690637 -0.00475305
7.75 -0.00347721 0.00500076 0.00495894
7.76 -0.000312778 -0.00762214 -0.0161655
7.77 0.00021152 -0.00170351 -0.00124434
7.78 -0.00149623 -0.000255208 -0.00936998
7.79 0.000248789 0.000561693 0.0167129
7.8 0.0042733 0.00543534 -0.00927613
7.81 -0.00892267 -0.0129416 -0.00211494
7.82 0.00948842 0.0122347 -0.00544227
7.83 -0.00744928 -0.00914207 0.0177617
7.84 0.00616363 0.0133661 -0.0115497
7.85 -0.00387391 -0.01516 0.0107014
7.86 0.00291216 0.0212281 0.00102738
7.87 -0.000809318 -0.0197772 0.00513786
7.88 0.00203797 0.0267586 0.00959073
7.89 -0.00194694 -0.0247241 -0.00290988
7.9 0.00431381 0.0295882 0.0137202
7.91 -0.0053958 -0.0292722 -0.0129173
7.92 0.00626921 0.0294277 0.0144117
7.93 -0.00629845 -0.0275519 -0.0120859
7.94 0.00693253 0.0287903 0.0183952
7.95 -0.00528354 -0.0201785 -0.00154873
7.96 0.00694095 0.0211604 0.00851437
7.97 -0.00746333 -0.0147422 0.00215676
7.98 0.0103075 0.0165206 0.00758421
7.99 -0.0103317 -0.0098033 0.00267931
8 0.0105096 0.00781367 -0.000754781
8.01 -0.00864996 -0.00256832 0.00615915
8.02 0.00729115 0.00399212 0.0051813
8.03 -0.00304068 0.00182519 0.000702889
8.04 -0.0013755 -0.00806892 -0.00771053
8.05 0.00285897 0.00535443 -0.00665357
8.06 -0.00686882 -0.015698 -0.011343
8.07 0.00709809 0.0155662 0.00467518
8.08 -0.00774606 -0.019255 -0.00805014
8.09 0.0069494 0.0154413 -0.00643764
8.1 -0.0105192 -0.0243251 -0.0101945
8.11 0.0133281 0.0288413 0.016853
8.12 -0.0140179 -0.026265 -0.0072437
8.13 0.0150261 0.0260316 0.00429451
8.14 -0.0160262 -0.0275058 -0.00650276
8.15 0.0155713 0.0262351 0.00314937
8.16 -0.0148368 -0.0273019 -0.00665117
8.17 0.0118734 0.0223383 -0.00345882
8.18 -0.0110397 -0.0273583 -0.011691
8.19 0.00653188 0.0190586 -0.00468609
8.2 -0.00506915 -0.0215427 -0.00581357
8.21 0.00169583 0.0147532 -0.00575659
8.22 -0.000999752 -0.0164403 -0.00372011
8.23 -0.00102863 0.0125632 0.000173511
8.24 0.00267257 -0.0108162 -0.00235746
8.25 -0.00466587 0.00883066 0.00448745
8.26 0.00786068 -0.0021542 0.00447863
8.27 -0.00963514 -0.00180997 -0.00694285
8.28 0.010027 0.00464987 0.0070414
8.29 -0.00942653 -0.00727753 -0.00704484
8.3 0.00825111 0.00951886 0.00646302
8.31 -0.00614456 -0.00687348 0.00590054
8.32 0.0081053 0.0177188 0.0146703
8.33 -0.00794833 -0.0212899 -0.0181669
8.34 0.00645694 0.0222372 0.0162124
8.35 -0.00454469 -0.0227906 -0.0141726
8.36 0.00324525 0.0252226 0.0174761
8.37 -0.00145359 -0.0236286 -0.0116525
8.38 0.00155023 0.0261283 0.0163824
8.39 -0.00140887 -0.0247972 -0.0124374
8.4 0.0026455 0.0271719 0.0182917
8.41 -0.0023647 -0.0233187 -0.00988214
8.42 0.00314502 0.0235411 0.0122533
8.43 -0.00402328 -0.0253272 -0.0193991
8.44 0.00263584 0.0197536 0.00960317
8.45 -0.00296835 -0.0208041 -0.016682
8.46 0.00196417 0.0154102 0.00864925
8.47 -0.0021094 -0.0115102 -0.00453203
8.48 0.00317115 0.00767288 0.000643286
8.49 -0.00398299 -2.86263e-06 0.01263
8.5 0.00624319 -0.00325468 -0.0152925
8.51 -0.00858482 0.0029934 0.00924323
8.52 0.00789057 -0.00681503 -0.0126378
8.53 -0.00545021 0.00866352 0.0107269
8.54 0.000603478 -0.0136846 -0.0163627
8.55 0.00410038 0.0172395 0.0188501
8.56 -0.00766844 -0.0205093 -0.0216283
8.57 0.00890049 0.0210806 0.0190979
8.58 -0.00892641 -0.0220655 -0.0187483
8.59 0.00819504 0.0216875 0.015951
8.6 -0.00883406 -0.0248801 -0.0224425
8.61 0.00932944 0.0241118 0.0197912
8.62 -0.0100525 -0.0193953 -0.00784718
8.63 0.0145331 0.0261085 0.0241495
8.64 -0.0157967 -0.0224263 -0.0161013
8.65 0.016015 0.0196605 0.0114286
8.66 -0.0144298 -0.0150413 -0.00327768
8.67 0.0129782 0.0155454 0.00848455
8.68 -0.00848522 -0.00705079 0.00757742
8.69 0.00745281 0.0129793 0.0118533
8.7 -0.00214778 -0.00244097 0.00850913
8.71 0.000578333 0.00441025 0.00154218
8.72 0.00171437 -0.00209077 -0.00114116
8.73 -0.00475034 -0.00427912 -0.00918148
8.74 0.00565645 0.00358371 0.00248968
8.75 -0.00818845 -0.00961737 -0.012361
8.76 0.00971621 0.012682 0.0153693
8.77 -0.00995855 -0.0112661 -0.00787073
8.78 0.0115462 0.014579 0.0122049
8.79 -0.0122103 -0.014208 -0.00797416
8.8 0.013827 0.018994 0.016894
8.81 -0.013007 -0.0176157 -0.0116495
8.82 0.0115727 0.0168396 0.00868007
8.83 -0.00980689 -0.0164001 -0.00719548
8.84 0.00784854 0.0155856 0.00533918
8.85 -0.00806757 -0.0246802 -0.0283304
8.86 0.00316214 0.0160214 0.00900429
8.87 -0.00118997 -0.0176521 -0.0152479
8.88 -0.000650347 0.0169866 0.0162608
8.89 0.00280829 -0.0110582 -0.00466206
8.9 -0.00307279 0.00671034 -0.00320838
8.91 0.000762944 -0.00802032 -0.00259129
8.92 0.000919283 0.00726984 0.00368564
8.93 -0.000821552 -0.00335801 0.00235125
8.94 8.39335e-05 0.000978223 -0.00417881
8.95 0.00113604 0.000578524 0.0037257
8.96 -0.00240755 -0.00160083 -0.00191973
8.97 0.00290704 0.00051182 -0.00492133
8.98 -0.00457535 -0.00690248 -0.006776
8.99 0.00417414 0.0111444 0.0140045
9 -0.000669443 -0.00841885 -0.00506637
9.01 -0.00180163 0.00983998 0.00656632
9.02 0.00241005 -0.0150694 -0.0174354
9.03 -0.0038157 0.0116996 0.0073709
9.04 0.00203628 -0.0135125 -0.00974994
9.05 0.000440315 0.0119308 0.00377828
9.06 -0.0043003 -0.0128477 -0.00406116
9.07 0.00783684 0.014351 0.00637026
9.08 -0.00989017 -0.0163272 -0.0108629
9.09 0.00886586 0.0135993 0.00504056
9.1 -0.00686455 -0.0107966 0.000218213
9.11 0.00582051 0.0106775 0.00130164
9.12 -0.0064919 -0.0140955 -0.011508
9.13 0.00549064 0.00701218 -0.00385261
9.14 -0.00728532 -0.005739 0.00530759
9.15 0.0109459 0.0101641 0.00715239
9.16 -0.0117553 -0.00806275 -0.00437317
9.17 0.0109971 0.00767248 0.00668194
9.18 -0.00784149 -0.00572085 -0.00607938
9.19 0.00401515 0.00643141 0.0126112
9.2 0.00226439 0.00245006 0.00409112
9.21 -0.00438022 -0.00114332 0.0034546
9.22 0.0067246 0.00924035 0.0127622
9.23 -0.00463992 -0.00773514 -0.00652556
9.24 0.00190514 0.00476142 -0.00296616
9.25 -0.00247737 -0.00874858 -0.00415009
9.26 0.00407761 0.00832069 5.65505e-06
9.27 -0.00895704 -0.0141477 -0.0108062
9.28 0.0118219 0.010334 -0.00166808
9.29 -0.0162005 -0.0154519 -0.00821795
9.3 0.0167673 0.0134871 0.00194554
9.31 -0.0156934 -0.0140181 -0.00292659
9.32 0.0133135 0.0171035 0.0112297
9.33 -0.00896765 -0.0172744 -0.0133687
9.34 0.00381903 0.0133195 0.00588886
9.35 -0.00135733 -0.0129822 -0.00705761
9.36 0.0023802 0.019021 0.0236076
9.37 -0.000607456 -0.00944477 -0.00225701
9.38 0.00284448 0.0127009 0.0123148
9.39 -0.00297408 -0.00945967 -0.00710124
9.4 0.00280536 0.0104556 0.0130499
9.41 0.00167992 0.000423264 0.00920522
9.42 -0.00287801 0.00278069 0.00303382
9.43 0.00479439 -0.00347708 -0.00931094
9.44 -0.00904141 -0.00748922 -0.0129796
9.45 0.00762848 0.0025518 -0.00279559
9.46 -0.00764517 -0.00832659 -0.00809345
9.47 0.00602561 0.0116631 0.0136475
9.48 -0.00358 -0.0134528 -0.0159662
9.49 0.00020951 0.00837545 0.00167104
9.5 -0.00120217 -0.0129884 -0.0106688
9.51 0.00235768 0.0117259 0.00518351
9.52 -0.00682482 -0.0217363 -0.0274983
9.53 0.00577111 0.0138448 0.00716399
9.54 -0.00595336 -0.0144062 -0.00824724
9.55 0.00405988 0.00869895 -0.00535322
9.56 -0.00442376 -0.011737 -0.00266712
9.57 0.00388595 0.0113042 0.0026011
9.58 -0.00362972 -0.0122616 -0.00633035
9.59 0.00372181 0.0155918 0.0163679
9.6 -0.00111774 -0.00871874 -0.00204443
9.61 -0.000409423 0.00201942 -0.0119472
9.62 -0.00163522 -0.0030806 0.00749751
9.63 0.00502469 0.00745076 0.0049543
9.64 -0.00599764 -0.00666909 -0.00544942
9.65 0.00510782 0.00568273 0.00628461
9.66 -0.00179592 -0.000699679 0.00198321
9.67 -0.00115988 -0.0021661 -0.00501412
9.68 0.00404333 0.00929077 0.0189512
9.69 -0.00293046 -0.00809682 -0.0135595
9.7 0.00130815 0.00968076 0.0156654
9.71 0.000979763 -0.00838665 -0.011061
9.72 -0.00166176 0.00765667 0.00761925
9.73 0.000507441 -0.0048973 0.0013446
9.74 0.00316471 0.00257946 -0.00993387
9.75 -0.0093456 -0.00541439 0.00631683
9.76 0.0157072 0.0143196 0.0127408
9.77 -0.0161177 -0.0143496 -0.0118367
9.78 0.01224 0.0121431 0.00718115
9.79 -0.0067509 -0.0110713 -0.00630879
9.8 0.000780162 0.00536887 -0.00579711
9.81 -0.000411189 -0.011262 -0.00965517
9.82 0.00107211 0.0107109 0.00881743
9.83 -0.00271905 -0.006057 0.00240623
9.84 0.00669984 0.00721157 0.000434345
9.85 -0.00926378 -0.00701817 -0.000566224
9.86 0.00840606 0.00281872 -0.0080638
9.87 -0.0065632 -0.00515722 -0.000252555
9.88 0.00185107 0.00516023 0.00381819
9.89 0.00502302 0.000617459 0.00632249
9.9 -0.00786434 0.00464922 0.0101053
9.91 0.0119465 0.00440687 0.00908154
9.92 -0.0102478 -0.00342664 -0.00497768
9.93 0.00678795 0.00477306 0.00743879
9.94 -0.00292678 -0.00692017 -0.0121946
9.95 -0.0006761 0.0050159 0.00681644
9.96 0.001303 -0.00347632 -0.00147036
9.97 0.00257761 0.00798956 0.00997804
9.98 -0.00675597 -0.00826694 -0.00790969
9.99 0.00967632 0.00500114 -0.00246261
10 -0.013227 -0.0119639 -0.0129525
10.01 0.0104013 0.00590703 -0.0020255
10.02 -0.00761264 -0.00959934 -0.00780282
10.03 0.00281549 0.0107462 0.0121892
10.04 0.00219286 -0.0101455 -0.0125891
10.05 -0.00499022 0.0109479 0.01614
10.06 0.00688728 -0.00343303 0.00128419
10.07 -0.00350808 0.00344838 -0.00135711
10.08 -0.00244617 -0.00696743 -0.00667629
10.09 0.0060738 0.00485687 0.00150572
10.1 -0.00821105 -0.00788413 -0.010014
10.11 0.00486954 0.00283613 0.0002391
10.12 -0.000723439 -0.0036114 -0.00556988
10.13 -0.00430938 0.00300362 0.00784855
10.14 0.0091596 0.00321484 0.00401351
10.15 -0.00963421 -0.00585438 -0.00842576
10.16 0.00550753 0.00394826 0.00310014
10.17 -0.000411019 -0.00448657 -0.00441002
10.18 -0.00357602 0.00690175 0.0102414
10.19 0.00555053 -0.00810848 -0.0125742
10.2 -0.00559977 0.00357466 -1.38269e-06
10.21 0.000921571 -0.00414141 0.00118995
10.22 0.00648294 0.0094358 0.00877706
10.23 -0.0109973 -0.00825525 -0.00365363
10.24 0.0136136 0.0120889 0.0121191
10.25 -0.0113625 -0.0121379 -0.0130661
10.26 0.00700254 0.0158877 0.0245015
10.27 0.00203818 -0.00308385 0.00382871
10.28 -0.00330324 0.0102702 0.0158287
10.29 0.00373049 -0.00642625 -0.00763757
10.3 -6.35026e-05 0.0053826 0.00532615
10.31 -0.00581092 -0.006441 -0.00773909
10.32 0.0106378 0.00731527 0.0102445
10.33 -0.0120401 -0.00750421 -0.0124189
10.34 0.00853416 0.00372601 0.00646886
10.35 -0.00317045 -0.00357862 -0.0104496
10.36 -0.00324486 0.00261633 0.012854
10.37 0.00842514 -0.0013652 -0.0142144
10.38 -0.0114398 -0.00351431 0.00572342
10.39 0.0104241 0.008024 0.00331993
10.4 -0.00592272 -0.0115082 -0.0112365
10.41 -0.00137461 0.00697505 0.000211808
10.42 0.003781 -0.0130668 -0.0146319
10.43 -0.00507522 0.00854678 0.00227379
10.44 0.000109777 -0.0125016 -0.00949868
10.45 0.00615452 0.0122437 0.00603991
10.46 -0.0128051 -0.0146671 -0.0096294
10.47 0.0154601 0.0120219 0.00222792
10.48 -0.0161912 -0.017648 -0.0167884
10.49 0.0115196 0.0186674 0.0221365
10.5 -0.00249067 -0.0111442 -0.00797962
10.51 -0.00384208 0.0090597 0.0070124
10.52 0.00508193 -0.0133609 -0.0207715
10.53 -0.00541407 0.00603375 0.0052631
10.54 0.00129552 -0.00268466 0.00151908
10.55 0.00785245 0.0162396 0.0328549
10.56 -0.00693684 -0.000130218 0.00381676
10.57 0.00717655 0.000293301 0.000248307
10.58 -0.00374465 0.00306359 0.00335106
10.59 -0.00170272 -0.00831139 -0.0111832
10.6 0.00475891 0.0046797 -0.00233332
10.61 -0.00788737 -0.00564314 0.00410382
10.62 0.00903639 0.00580739 -0.00704913
10.63 -0.0098343 -0.0133313 -0.00893357
10.64 0.00472986 0.00442589 -0.014198
10.65 -0.00362679 -0.0112194 -0.0011386
10.66 0.0019724 0.0127674 0.00377543
10.67 -4.56057e-05 -0.00719456 0.0110929
10.68 0.00338016 0.0153037 0.00708895
10.69 -0.00537022 -0.0164123 -0.00855878
10.7 0.00642267 0.0168239 0.00915689
10.71 -0.00612214 -0.0171796 -0.0106632
10.72 0.00389268 0.0147105 0.00627807
10.73 -0.000874738 -0.0100006 0.00300997
10.74 0.000292874 0.0117477 0.00354281
10.75 -0.00049645 -0.0131816 -0.00945197
10.76 -0.000115067 0.0086035 0.00088925
10.77 -0.00225195 -0.0142105 -0.0173867
10.78 0.00133769 0.00822 0.00617147
10.79 -0.000447742 -0.00249514 0.00411183
10.8 0.00198038 0.00577844 0.00764467
10.81 -0.00114266 -0.000801324 0.00049301
10.82 0.000593918 -0.00272421 -0.00505453
10.83 -0.000960339 0.00287961 0.00151941
10.84 0.000390664 -0.00642816 -0.00637213
10.85 -0.00118702 0.00348428 -0.00449574
10.86 -0.000168991 -0.00646635 0.000979717
10.87 0.00117845 0.00604061 -0.00573711
10.88 -0.00309061 -0.00831898 0.00375357
10.89 0.00567513 0.0155511 0.0108375
10.9 -0.00472636 -0.0138795 -0.00466626
10.91 0.00343823 0.013875 0.00330971
10.92 -0.00362358 -0.020514 -0.0187568
10.93 0.00169385 0.0185203 0.0138214
10.94 -0.001053 -0.0180813 -0.0130304
10.95 0.00129941 0.0151449 0.00624321
10.96 -0.00274058 -0.00988105 0.0063433
10.97 0.00880901 0.0196331 0.0178077
10.98 -0.00884556 -0.00952552 0.00556534
10.99 0.00962395 0.0072537 -0.00910021
11 -0.0102431 -0.010474 -0.00151999
11.01 0.00654452 0.00299122 -0.0131505
11.02 -0.00514525 -0.00768423 -0.00225576
11.03 0.00199276 0.00717093 0.0053416
11.04 0.00249004 0.000751429 0.00964126
11.05 -0.00338839 -0.00164808 -0.00813139
11.06 0.00297132 0.00476024 0.0127542
11.07 -0.000299995 -0.00268231 -0.00519173
11.08 -0.000508448 0.00586176 0.0103892
11.09 0.000592033 -0.00613503 -0.00819246
11.1 0.00104668 0.00573728 0.00390973
11.11 -0.00481964 -0.00776129 -0.00520237
11.12 0.00923451 0.0117481 0.0114918
11.13 -0.0114197 -0.0126719 -0.0111795
11.14 0.010261 0.0082328 -0.00116354
11.15 -0.00961351 -0.0120139 -0.00735377
11.16 0.00559699 0.00582823 -0.00782709
11.17 -0.00547487 -0.0145437 -0.0135258
11.18 0.00272591 0.011952 0.00766241
11.19 -0.000975643 -0.0098636 -0.0031211
11.2 0.00127309 0.0110636 0.00652602
11.21 -0.00217804 -0.0119532 -0.0093201
11.22 0.00195983 0.00820363 0.00116978
11.23 -0.00199249 -0.00612005 0.00258236
11.24 0.0024336 0.00769562 0.00299093
11.25 -0.000945003 -0.00496956 0.00139205
11.26 -0.000309712 0.00560437 0.00282362
11.27 0.00244797 -0.0035277 -0.000686371
11.28 -0.00524794 -0.00429058 -0.0156375
11.29 0.00361132 0.00084375 0.00513293
11.3 -0.0013063 0.00215997 0.00401411
11.31 0.00159146 0.00478481 0.0110423
11.32 0.000187597 -0.00265172 -0.0040082
11.33 -0.00153489 -0.00181636 -0.00901116
11.34 -0.00231147 -0.0100317 -0.017413
11.35 0.00151711 0.00375583 -7.19341e-05
11.36 -0.00377911 -0.0111379 -0.0160847
11.37 0.00262715 0.00874077 0.00906679
11.38 -0.00160961 -0.00930534 -0.00979999
11.39 -0.000290917 0.00576956 0.000776752
11.4 -0.000315883 -0.00875628 -0.00759038
11.41 0.00142694 0.0110429 0.0127705
11.42 -0.00179693 -0.00908846 -0.00785584
11.43 0.00330011 0.0110828 0.0128536
11.44 -0.0044298 -0.0131775 -0.0186207
11.45 0.00228939 0.00360481 -0.00358092
11.46 -0.00375541 -0.00651559 -0.00465167
11.47 0.00571792 0.011774 0.01887
11.48 -0.00474871 -0.00880892 -0.0136839
11.49 0.00336989 0.00630619 0.0100872
11.5 -0.00121104 0.000713594 0.00449618
11.51 0.00170411 -0.00185195 -0.00518564
11.52 -0.00274802 0.00477419 0.0106945
11.53 0.00499968 -0.00357592 -0.00640717
11.54 -0.00790032 -0.00646609 -0.0199006
11.55 0.00373813 0.000138276 0.00743576
11.56 0.00104849 0.00126571 -0.00763825
11.57 -0.00551805 -0.000481604 0.0132406
11.58 0.0103704 0.00681454 -0.000970271
11.59 -0.0113321 -0.0094964 -0.00361787
11.6 0.00843002 0.0086964 0.00102416
11.61 -0.00445138 -0.00945134 -0.00300639
11.62 0.00111658 0.011186 0.00755603
11.63 0.000436084 -0.0128084 -0.0115915
11.64 0.000750661 0.0163298 0.0199417
11.65 -0.00297749 -0.0174756 -0.0225023
11.66 0.00464152 0.0133282 0.0124617
11.67 -0.00727745 -0.0130287 -0.0122635
11.68 0.00882655 0.012604 0.0125492
11.69 -0.00775876 -0.00829795 -0.00431212
11.7 0.00725426 0.0126852 0.0181395
11.71 -0.00217649 -0.00361311 0.000109593
11.72 0.000454721 0.00697304 0.0120434
11.73 0.00181244 -0.00505024 -0.011255
11.74 -0.00342744 0.000537399 0.00385303
11.75 0.001422 -0.00542515 -0.0190197
11.76 -0.000977382 0.00362418 0.0180083
11.77 0.0021128 0.00325406 -0.00481846
11.78 -0.00114271 -0.000706372 0.0146467
11.79 0.00226217 0.00386701 -0.0107368
11.8 -0.00348088 -0.00565395 0.0102091
11.81 0.00404609 0.00430065 -0.0172246
11.82 -0.00662931 -0.0123887 0.000899345
11.83 0.00617527 0.0136951 -0.000250682
11.84 -0.0050723 -0.0183836 -0.00967207
11.85 0.000240081 0.0109324 -0.00919682
11.86 0.00113149 -0.0128957 0.00505395
11.87 -0.00041555 0.0168642 0.00391868
11.88 -0.00106609 -0.0200984 -0.011396
11.89 0.00271461 0.0242544 0.0218991
11.9 -0.00243359 -0.0242326 -0.0233914
11.91 0.000235762 0.0190843 0.0134488
11.92 0.000895374 -0.0164964 -0.0103027
11.93 -0.000187147 0.0173252 0.0157687
11.94 -0.000102852 -0.0127512 -0.00832437
11.95 0.00306222 0.0164373 0.0213207
11.96 -0.00241249 -0.00593354 -0.000213089
11.97 0.00445423 0.00570849 0.00436014
11.98 -0.00536888 -0.00253072 -0.0015846
11.99 0.00696866 0.0064028 0.0164699
12 -0.00439883 0.000127423 -0.00665396
12.01 0.00214724 -0.00244937 0.00732446
12.02 2.01982e-05 0.00502789 -0.00719003
12.03 -0.00184781 -0.00984922 0.00104289
12.04 0.0017671 0.0125168 0.000702107
12.05 0.000389337 -0.0102312 0.00890278
12.06 -0.000800364 0.0134581 -0.00477145
12.07 0.000124644 -0.017524 -0.00162193
12.08 0.000419263 0.0172155 -0.00236074
12.09 -0.00140389 -0.0137611 0.013844
12.1 0.0069131 0.0256385 0.0124198
12.11 -0.0080106 -0.0243823 -0.00789445
12.12 0.00647892 0.0175479 -0.00900195
12.13 -0.00794757 -0.0252559 -0.0104779
12.14 0.00528057 0.0191634 -0.00266241
12.15 -0.00504548 -0.0223866 -0.00759354
12.16 0.00345865 0.0185227 0.00115656
12.17 -0.00366692 -0.0186987 -0.00496095
12.18 0.00330058 0.0136419 -0.00364386
12.19 -0.0058084 -0.0189421 -0.0134395
12.2 0.00449137 0.0118674 0.00117408
12.21 -0.00412805 -0.0114872 -0.0059134
12.22 0.0017228 0.0052185 -0.00316871
12.23 -0.000103073 -0.00167895 0.00546553
12.24 -0.000909257 -0.00163124 -0.00736228
12.25 0.00128036 0.00502014 0.00976688
12.26 -0.000233884 -0.00399004 -0.00167364
12.27 0.000945515 0.00867462 0.00759763
12.28 -0.0012682 -0.0101044 -0.0057485
12.29 0.0019101 0.0107034 0.00205646
12.3 -0.00363319 -0.013999 -0.00520607
12.31 0.00398227 0.0115777 -0.00514499
12.32 -0.00543682 -0.0137779 0.0037829
12.33 0.00736721 0.0210323 0.0107018
12.34 -0.00532116 -0.0182251 -0.00184094
12.35 0.00257069 0.0150598 -0.0070541
12.36 -0.00240927 -0.021145 -0.00710656
12.37 -3.42005e-05 0.0160984 -0.00536354
12.38 9.78698e-05 -0.0156833 0.00636844
12.39 0.00156493 0.0178117 -0.000970078
12.4 -0.00348548 -0.0206517 -0.00678571
12.41 0.00294239 0.0166311 -0.0012374
12.42 -0.00210875 -0.013683 0.00586981
12.43 0.000701639 0.00826273 -0.0161011
12.44 -0.000920827 -0.00666995 0.0169438
12.45 0.00210131 0.00660054 -0.0140512
12.46 -0.0045696 -0.0129176 -0.00478855
12.47 0.00242245 0.00526517 -0.00969401
12.48 -0.00115454 -0.00248787 0.0119921
12.49 0.000319678 -0.000128672 -0.0139773
12.5 -0.00103891 -0.00109623 0.00680502
12.51 0.000848119 -0.00269053 -0.0119895
12.52 -0.00156719 0.00388353 0.0110506
12.53 0.00259979 -0.00310154 -0.00538254
12.54 -0.00150293 0.00863408 0.015103
12.55 0.00161607 -0.00781388 -0.00950054
12.56 -0.00122906 0.00649029 0.00274082
12.57 -0.000483578 -0.00744043 -0.00151269
12.58 0.00302885 0.0107365 0.00620248
12.59 -0.00362959 -0.00773217 0.004015
12.6 0.00514514 0.0102388 -0.00035144
12.61 -0.00544658 -0.0107925 0.000873271
12.62 0.00481263 0.0100123 -0.00410081
12.63 -0.00427422 -0.01013 0.00477262
12.64 0.00426532 0.0115504 -0.00200603
12.65 -0.00431361 -0.0121736 0.000899504
12.66 0.00480949 0.0140222 0.00355667
12.67 -0.004408 -0.0124069 -2.1991e-05
12.68 0.0044258 0.0123468 0.000685282
12.69 -0.00357834 -0.00828466 0.00808396
12.7 0.00484263 0.0120591 0.00251424
12.71 -0.00326544 -0.00524215 0.0123213
12.72 0.00344863 0.00494963 -0.0111101
12.73 -0.00354773 -0.00462379 0.0098096
12.74 0.00346694 0.00568371 -0.00479655
12.75 -0.00161794 -0.00261492 0.00943857
12.76 2.96827e-05 0.00205779 -0.00773291
12.77 0.00288042 0.00484005 0.0215599
12.78 -0.00263211 -0.00301276 -0.0145709
12.79 0.00345983 0.00896717 0.0270133
12.8 -0.00179203 -0.00775157 -0.0224896
12.81 0.00033496 0.00620415 0.0173127
12.82 0.000269477 -0.00229811 -0.00606077
12.83 0.00188151 0.00121448 0.00103703
12.84 -0.00593726 -0.00210601 -0.000344612
12.85 0.0100441 0.00393694 0.00202512
12.86 -0.0122768 -0.00581406 -0.00454038
12.87 0.0108647 0.00393786 -0.00105849
12.88 -0.00784523 -0.0044151 8.43438e-05
12.89 0.0038528 0.00527704 0.0022957
12.9 0.0002843 -0.00407334 0.000361451
12.91 -0.00259913 0.00307696 -0.00301408
12.92 0.00152205 -0.00686835 -0.00537484
12.93 -0.000702351 0.00352594 -0.00397164
12.94 -0.00230914 -0.00640759 -0.00178965
12.95 0.00371167 0.00596262 -9.38618e-05
12.96 -0.00340177 -0.00500135 0.0024946
12.97 0.00107318 0.00171436 -0.00992369
12.98 0.00109439 -0.00131197 0.0100567
12.99 -0.00212907 0.00507043 1.20765e-05
13 0.00520301 0.00208498 0.0166453
13.01 -0.00368136 0.00309022 -0.00373404
13.02 0.00311586 -0.000185893 0.0108006
13.03 -0.000920221 0.00153747 -0.00762734
13.04 -0.0012674 -0.00462383 -2.95346e-05
13.05 0.000134206 -0.00109072 -0.0132564
13.06 -5.58521e-05 -0.000423936 0.00863191
13.07 -0.000677577 0.00190495 -0.00381771
13.08 0.00318049 0.00287092 0.0141342
13.09 -0.00262194 0.00265009 0.000491336
13.1 0.00417352 0.00218987 0.0102397
13.11 -0.00420817 -0.00502183 -0.016464
13.12 0.00169162 0.00110227 0.00662177
13.13 -0.000612859 -0.0021449 -0.00884177
13.14 0.000440644 0.00376232 0.0122539
13.15 0.000325737 0.00146297 0.00135187
13.16 0.00225973 0.00131602 0.00405083
13.17 -0.00472649 -0.00189368 -0.00393516
13.18 0.00726307 0.00596641 0.0126768
13.19 -0.00682377 -0.00537609 -0.0108252
13.2 0.00407907 0.00174376 0.00221983
13.21 -0.00184583 -0.001918 -0.00309973
13.22 0.000871407 0.0062443 0.0141161
13.23 0.00141088 -0.00334408 -0.0075192
13.24 -0.00306858 -0.00235684 -0.00627296
13.25 0.00133756 0.00148555 0.00468908
13.26 0.000869119 -0.00208323 -0.007036
13.27 -0.00362092 -0.00204957 -0.00234099
13.28 0.00304394 0.00111433 0.000132321
13.29 -0.000395012 -0.000757442 -0.000163523
13.3 -0.0051955 -0.00721626 -0.018025
13.31 0.0067589 0.00198841 0.00440992
13.32 -0.00849484 -0.00223504 -0.00459416
13.33 0.00965695 0.0067864 0.0158937
13.34 -0.00696219 -0.00275637 -0.00698126
13.35 0.00529018 0.00545489 0.0147788
13.36 -0.00289626 -0.00438865 -0.0134389
13.37 0.00189477 0.00465857 0.015108
13.38 -0.00179993 -0.00286989 -0.0113736
13.39 0.00363915 0.00411534 0.0147102
13.4 -0.0051287 -0.00300077 -0.012299
13.41 0.00509443 -0.00244341 -0.000496197
13.42 -0.0067271 -0.00247205 -0.0122188
13.43 0.00529823 0.002508 0.0137017
13.44 -0.00109959 0.00234779 -0.00381672
13.45 -0.00232507 -0.00343443 0.00309778
13.46 0.00402959 0.000733271 -0.0112576
13.47 -0.00441256 0.00416609 0.0245403
13.48 0.00768341 0.00593568 -0.00103087
13.49 -0.0063461 -0.00435981 0.00529996
13.5 0.00570523 0.0111911 0.0116003
13.51 -0.00100847 -0.00407716 0.00502613
13.52 0.000691976 0.0102042 0.0104671
13.53 0.000326992 -0.00742317 -0.00400466
13.54 0.000839885 0.00604179 0.000562868
13.55 -0.00498032 -0.0121615 -0.0152748
13.56 0.00610988 0.00813448 0.00574804
13.57 -0.00681826 -0.00665461 -0.00305067
13.58 0.00668162 0.00706509 0.00561696
13.59 -0.00489366 -0.0060071 -0.0052419
13.6 0.00263959 0.00590859 0.00763007
13.61 0.000311735 -0.00215531 -0.0011813
13.62 -0.000611789 0.00468764 0.00977782
13.63 0.00142744 -0.000313043 -0.00121652
13.64 0.000239095 0.00111305 0.00488245
13.65 -0.00240919 -0.00278839 -0.0106174
13.66 0.0033242 0.00284519 0.0127776
13.67 -0.00200048 0.00104853 -0.00579301
13.68 0.000275815 -0.00372271 0.00197096
13.69 0.000451795 0.00191496 -0.00900599
13.7 -0.00198845 -0.00394257 0.00654437
13.71 0.00193731 0.00137907 -0.0150242
13.72 -0.00362912 -0.00817099 0.000382413
13.73 0.00200966 0.00558898 -0.00803594
13.74 -0.00178411 -0.0107459 -0.00361226
13.75 -0.00059129 0.00775582 -0.00423611
13.76 -7.38691e-05 -0.0146883 -0.0122638
13.77 -0.00152184 0.0098088 0.000177615
13.78 0.000893473 -0.00818474 0.00410365
13.79 0.00328307 0.0165575 0.0159867
13.8 -0.00308781 -0.0078437 0.00508714
13.81 0.00566207 0.0107536 0.0025419
13.82 -0.00772553 -0.0157197 -0.0159151
13.83 0.00570557 0.0106642 0.00585987
13.84 -0.00302248 -0.00473606 0.0058546
13.85 0.0026213 0.00442468 -0.0040286
13.86 -0.00380465 -0.00628001 -0.00285057
13.87 0.00401022 0.00174929 -0.00592185
13.88 -0.00645973 -0.00566567 -0.0059262
13.89 0.00619863 0.00215421 6.80726e-05
13.9 -0.00573852 -0.00234266 -0.00367264
13.91 0.00259924 -0.00478537 -0.0102839
13.92 -0.00223106 0.000216768 -0.00420154
13.93 -0.000162017 -0.00298578 0.000793483
13.94 0.00214358 0.00520301 0.00147977
13.95 -0.00302564 -0.0056891 6.39051e-05
13.96 0.00403611 0.00967507 0.00740515
13.97 -0.00339462 -0.00986632 -0.00617684
13.98 0.00171522 0.00545752 -0.00601516
13.99 -0.00216803 -0.00464511 0.00969088
14 0.00625587 0.0144121 0.0122979
14.01 -0.00658705 -0.010455 -0.00133103
14.02 0.00713009 0.00920608 -0.00254051
14.03 -0.00838189 -0.0134537 -0.00753522
14.04 0.00632355 0.00805799 -0.00523075
14.05 -0.00552801 -0.00862991 0.00310473
14.06 0.00497438 0.010161 0.00162684
14.07 -0.00416023 -0.0109701 -0.0049467
14.08 0.00286614 0.0100397 0.00438945
14.09 -0.000937625 -0.00511049 0.00574939
14.1 0.000804091 0.00374747 -0.00733722
14.11 -0.0024947 -0.00759066 -0.00373938
14.12 0.000753693 -0.00187918 -0.0174539
14.13 -0.000691206 0.00623552 0.0264035
14.14 0.00457622 0.00616442 0.00546452
14.15 -0.00175559 0.0010707 0.00982932
14.16 7.51305e-05 0.00159512 -0.000501919
14.17 0.00355899 0.00116234 0.00415571
14.18 -0.00532524 0.00176838 0.00593171
14.19 0.00882366 0.00801117 0.0154645
14.2 -0.00666913 -0.00524082 -0.00730957
14.21 0.00299839 0.00272651 0.000467042
14.22 -3.94265e-05 -0.00257488 0.000583576
14.23 -0.00216743 -0.000792434 -0.00998026
14.24 -0.000169041 -0.00556255 -0.00360897
14.25 0.0019772 0.00531217 0.000843431
14.26 -0.00490295 -0.00974159 -0.00970541
14.27 0.00518052 0.00843216 0.00527972
14.28 -0.00457902 -0.00937623 -0.00713132
14.29 0.00166566 0.00464801 -0.0042781
14.3 -0.000430593 -0.00544252 0.00215882
14.31 0.000656223 0.00905596 0.00677109
14.32 -0.000159576 -0.00694733 -0.00177768
14.33 -0.0001563 0.00117071 -0.0123485
14.34 -0.00317781 -0.0055532 0.00200922
14.35 0.00537707 0.00604028 -0.000959107
14.36 -0.00577247 -0.00356711 0.00659763
14.37 0.00535325 0.00254805 -0.00818706
14.38 -0.00444647 -0.00373746 0.00395683
14.39 0.00181241 0.000470816 -0.0103012
14.4 -0.000551532 -0.00192114 0.00517983
14.41 -0.000284683 0.00322426 -0.000503981
14.42 0.00201302 0.00171429 0.0112007
14.43 -0.00145879 -0.00155997 -0.00985297
14.44 0.00052762 0.00211855 0.0104813
14.45 0.000443178 -0.00155002 -0.00832731
14.46 -0.000411073 0.000873498 0.00558208
14.47 -0.000948507 0.000226836 -0.0012991
14.48 0.00507898 0.00601269 0.0145951
14.49 -0.00662854 -0.00317338 -0.00597209
14.5 0.0081229 0.00323919 0.00476601
14.51 -0.00872322 -0.00404577 -0.00578913
14.52 0.00794634 0.00382224 0.00475268
14.53 -0.00659139 -0.00419865 -0.00550048
14.54 0.00360218 -0.00255551 -0.0111665
14.55 -0.00585352 -0.00858191 -0.0154964
14.56 0.00461416 0.00635547 0.00981521
14.57 -0.00252372 -0.000352288 0.00496083
14.58 0.00377531 0.00580965 0.0080908
14.59 -0.00213498 0.000304197 0.00697067
14.6 0.00257104 0.00161758 -0.00245406
14.61 -0.00180041 4.14498e-05 0.00654386
14.62 0.000974731 3.03988e-06 -0.00631604
14.63 -0.000172452 -0.00280822 -0.000901277
14.64 -0.00203529 0.00316662 0.00253946
14.65 0.00560476 0.00133968 0.00752301
14.66 -0.00782313 -0.00500445 -0.0159416
14.67 0.00579576 -0.00228054 -0.00176855
14.68 -0.00520524 0.00196423 0.000893236
14.69 0.0061063 0.00504645 0.0162908
14.7 -0.00354283 0.000799031 -0.00225473
14.71 0.00295888 -0.00147762 0.000511038
14.72 -0.00431342 -0.00223542 -0.00910488
14.73 0.00542208 0.00485976 0.0150638
14.74 -0.00457586 -0.00186026 -0.00758415
14.75 0.00416502 0.00232827 0.00874152
14.76 -0.00334225 -0.00267841 -0.00978112
14.77 0.00180332 0.00087324 0.00566584
14.78 -0.00193514 -0.00567552 -0.0177039
14.79 -0.000457468 0.000278949 0.00498006
14.8 -0.000333753 -0.00579306 -0.0187695
14.81 -0.000413562 0.00468183 0.0165325
14.82 0.00165161 -0.00021471 -0.00612861
14.83 -0.000782853 0.00116623 0.0087133
14.84 -6.72836e-05 -0.000248727 -0.00661573
14.85 0.00149573 0.00196749 0.011003
14.86 -0.00172844 -0.00167046 -0.0107782
14.87 0.00116041 0.00164235 0.0115775
14.88 0.000398714 -3.00986e-05 -0.00877767
14.89 -0.00266993 -0.00535867 -0.00333269
14.9 0.00255494 0.00572213 0.00373671
14.91 -0.00121401 -0.00529997 -0.00276676
14.92 0.000854295 0.0109747 0.0170794
14.93 0.00185853 -0.00733862 -0.00903023
14.94 -0.0027851 0.0057829 0.00587657
14.95 0.000535303 -0.00970585 -0.015694
14.96 0.000829563 0.00452586 0.00310243
14.97 -0.00483886 -0.0060907 -0.00678975
14.98 0.00939233 0.0120035 0.0214799
14.99 -0.00983169 -0.00979215 -0.0174129
15 0.00834374 0.00801306 0.0153923
15.01 -0.0058607 -0.00656322 -0.0147729
15.02 0.00336936 0.0043564 0.0124156
15.03 -0.00235815 -0.00303835 -0.0118977
15.04 0.00343783 0.00404892 0.0166156
15.05 -0.00540926 -0.00564284 -0.022612
15.06 0.00615416 0.00367567 0.020183
15.07 -0.00566887 -0.000341067 -0.0148033
15.08 0.00350185 -0.00686919 0.000149504
15.09 -0.00348966 0.00411352 -0.00968766
15.1 0.000404458 -0.012144 -0.00719809
15.11 0.00101161 0.0148393 0.0116333
15.12 -0.000834275 -0.0125196 -0.00447127
15.13 0.00133131 0.0111012 -0.000203089
15.14 -0.00323407 -0.0114692 0.000464245
15.15 0.00597845 0.0120967 1.89035e-05
15.16 -0.00849541 -0.010978 0.00345877
15.17 0.0112652 0.0128055 0.000760827
15.18 -0.0121577 -0.0120712 0.000472729
15.19 0.0116994 0.011624 -0.000166738
15.2 -0.0104704 -0.0129831 -0.0053133
15.21 0.007049 0.00793276 -0.00429144
15.22 -0.00588746 -0.0102294 -0.00412879
15.23 0.00470023 0.010005 0.00648937
15.24 -0.00315301 -0.00550365 0.00155051
15.25 0.00350331 0.00548144 0.00123637
15.26 -0.00379686 -0.00462896 -0.00209839
15.27 0.00410465 0.00665633 0.010385
15.28 -0.00186017 -0.00367719 -0.00710215
15.29 -0.00150018 -0.00056004 0.00113381
15.3 0.0030256 -0.00263576 -0.0133327
15.31 -0.00651492 -0.00395691 0.00154559
15.32 0.00686911 0.00357243 -0.00621419
15.33 -0.00631498 -0.00515673 0.00549219
15.34 0.0036214 0.000963295 -0.0185164
15.35 -0.00324976 -0.00455476 0.0126469
15.36 0.00351478 0.00892254 -0.00489116
15.37 -0.00274056 -0.00839443 0.00887183
15.38 0.00327928 0.0127377 -0.000693058
15.39 -0.00298371 -0.0152029 -0.003472
15.4 0.000692822 0.0108074 -0.00851071
15.41 -0.000839388 -0.0148552 -0.000412703
15.42 0.00037657 0.0155429 0.00157854
15.43 0.00063478 -0.0124882 0.00598753
15.44 -8.61494e-05 0.0125594 -0.00574246
15.45 -0.000989198 -0.0120346 0.00674666
15.46 0.00203516 0.00979067 -0.0116799
15.47 -0.0041846 -0.0119608 0.00549171
15.48 0.00530926 0.0130294 -0.0013265
15.49 -0.005238 -0.0139485 -0.00332172
15.5 0.00382257 0.013395 0.00518889
15.51 -0.00292197 -0.0166475 -0.016986
15.52 -0.000386568 0.00875737 0.00199348
15.53 0.00169153 -0.000530903 0.0142709
15.54 0.00413734 0.0117594 0.0162505
15.55 -0.00463292 4.50498e-05 0.00928757
15.56 0.00795322 0.000288581 -0.00513685
15.57 -0.0102543 -0.00307539 -0.00554927
15.58 0.00828191 -0.000137136 0.00259898
15.59 -0.00408877 0.0030959 -0.00101444
15.6 1.32203e-05 -0.00132805 0.0112308
15.61 0.00631346 0.0103808 0.00521409
15.62 -0.00925871 -0.0162472 -0.0151414
15.63 0.00700337 0.0138913 0.00661688
15.64 -0.00424847 -0.0161717 -0.0104693
15.65 0.000686225 0.0138497 0.00350359
15.66 -0.000228605 -0.0147718 -0.0041419
15.67 0.00254074 0.0148444 0.00217046
15.68 -0.00652439 -0.0116057 0.00828356
15.69 0.0130574 0.0145773 -0.00355442
15.7 -0.0177589 -0.0163244 0.000848282
15.71 0.0187713 0.0173515 0.00180562
15.72 -0.0156782 -0.018179 -0.00590948
15.73 0.00767554 0.00999731 -0.0105311
15.74 -0.00285247 -0.014562 -0.00449223
15.75 -0.0029322 0.00810298 -0.00756266
15.76 0.00434522 -0.00565598 0.0107073
15.77 -0.00245104 0.00307121 -0.0151517
15.78 -0.00320062 -0.00988752 -0.00302265
15.79 0.00344797 0.000153128 -0.0184751
15.8 -0.00461123 -0.00360922 0.0069042
15.81 0.00120897 0.00147207 -0.00776688
15.82 0.00487305 0.00233312 0.0118508
15.83 -0.0103799 -0.0030331 -0.0083111
15.84 0.0147187 0.00626942 0.0116355
15.85 -0.0162494 -0.0120443 -0.0225126
15.86 0.0111054 0.00527135 0.00428081
15.87 -0.00645656 -0.00612385 -0.00527736
15.88 0.00244555 0.00724025 0.00687882
15.89 -0.000304084 -0.00824383 -0.00776359
15.9 0.000736314 0.0104613 0.0110976
15.91 -0.00244258 -0.0114276 -0.0111777
15.92 0.00472939 0.0134639 0.0141563
15.93 -0.00510495 -0.0116499 -0.00850965
15.94 0.00524367 0.0154642 0.0175945
15.95 -0.00162346 -0.0112707 -0.00825433
15.96 -0.001999 0.00905518 0.00431497
15.97 0.00474418 -0.0063775 0.000771863
15.98 -0.00594757 0.00107842 -0.0127999
15.99 0.00215767 -0.00644516 -0.0004948
16 0.00136293 0.00811462 0.00478082
16.01 -0.00249087 -0.00323892 0.00638131
16.02 0.00346694 0.00234456 -0.00731074
16.03 -0.00239671 0.00221163 0.0167376
16.04 0.00188255 -0.0021519 -0.014773
16.05 -0.00151175 5.37149e-05 0.00777914
16.06 -0.00126607 -0.0079068 -0.0251589
16.07 -0.000782396 -0.000793969 0.00258731
16.08 2.4597e-05 -0.00147764 -0.00676907
16.09 0.00259504 0.0125454 0.0326411
16.1 0.00111272 -0.00134547 -0.0047788
16.11 -0.000560617 0.00439971 0.0115427
16.12 -0.000869704 -0.00724924 -0.0176342
16.13 0.00267898 0.00983631 0.0231797
16.14 -0.00186477 -0.000282215 0.000791797
16.15 0.0061811 0.00841503 0.0181942
16.16 -0.00632209 -0.000495633 0.00176343
16.17 0.010109 0.00919959 0.019049
16.18 -0.00947607 -0.00637161 -0.0124726
16.19 0.00751497 0.00291847 0.00492113
16.2 -0.00642371 -0.0040497 -0.0087061
16.21 0.00473792 0.00173461 0.00405534
16.22 -0.00486988 -0.00431946 -0.0111892
16.23 0.00464372 0.0045089 0.0125015
16.24 -0.00455146 -0.00613725 -0.0175442
16.25 0.00206298 -0.000334209 0.00310175
16.26 -0.00137181 1.58234e-05 -0.00518535
16.27 -0.00115001 -0.00844052 -0.0142557
16.28 -0.000991615 -0.000242295 -0.00768894
16.29 -0.00122139 -0.00574345 -0.00596632
16.3 0.002431 0.00524864 0.00375977
16.31 -0.00542521 -0.010729 -0.0162285
16.32 0.00599605 0.00752809 0.00790944
16.33 -0.00734147 -0.00796468 -0.00874118
16.34 0.00827387 0.0074132 0.00743474
16.35 -0.00932879 -0.00859809 -0.010675
16.36 0.00958097 0.00881751 0.0119829
16.37 -0.0086264 -0.00626778 -0.00693155
16.38 0.00795087 0.00538903 0.00615172
16.39 -0.00840107 -0.0097874 -0.0184657
16.4 0.00634595 0.0062768 0.0119143
16.41 -0.00483631 -0.00552126 -0.0123084
16.42 0.00445375 0.00965177 0.0248409
16.43 -0.00164824 -0.00513519 -0.0166394
16.44 -5.63984e-05 0.00374601 0.0161283
16.45 0.00126761 -0.00161004 -0.0136743
16.46 -0.00230085 -0.00339481 0.00393688
16.47 0.00025773 -0.00130508 -0.0175788
16.48 -0.000650535 -0.00213252 0.0115215
16.49 0.0019758 0.0072801 -0.00137472
16.5 -0.00258152 -0.00920172 -0.00112115
16.51 0.00156147 0.00362561 -0.014491
16.52 -0.00413554 -0.0100596 0.000837267
16.53 0.00524155 0.0115973 0.00127973
16.54 -0.00589517 -0.014853 -0.00830123
16.55 0.00408705 0.0120814 0.00142486
16.56 -0.00352192 -0.0157657 -0.0108718
16.57 0.000545264 0.00870206 -0.00551672
16.58 -0.00110944 -0.0104411 0.000570829
16.59 0.00299952 0.0130659 0.00651494
16.6 -0.0046299 -0.0140179 -0.0099055
16.61 0.00545906 0.0142923 0.0123352
16.62 -0.0036038 -0.00640027 0.00451329
16.63 0.00464077 0.0102667 0.00758528
16.64 -0.0039912 -0.008415 -0.00612812
16.65 0.00312088 0.00586037 0.00322612
16.66 -0.00424704 -0.0111889 -0.0197719
16.67 0.00202519 0.00386239 0.00581318
16.68 -0.00234571 -0.00499011 -0.0124761
16.69 0.00358773 0.00940476 0.0273095
16.7 -0.00110281 0.000203655 -0.00824744
16.71 0.00116963 -0.00199199 0.00804941
16.72 -0.00085345 0.00880721 0.00485392
16.73 0.00346853 -0.00645348 0.00408329
16.74 -0.00444352 0.00844266 -0.0023328
16.75 0.00486513 -0.00669292 0.0099077
16.76 -0.00220818 0.00966174 -0.00634293
16.77 -0.00126076 -0.0109446 0.00696688
16.78 0.00531203 0.0142576 -0.00226218
16.79 -0.00834231 -0.01865 -0.00603126
16.8 0.00857758 0.0204712 0.0094351
16.81 -0.00531539 -0.014427 0.00516916
16.82 0.00506217 0.0204381 0.010181
16.83 -0.00346974 -0.0183599 -0.00622426
16.84 0.00362589 0.0173145 0.00489457
16.85 -0.00510045 -0.0144368 0.000959147
16.86 0.00888925 0.0160235 0.0041473
16.87 -0.0121649 -0.016987 -0.0083691
16.88 0.0128031 0.014249 0.00466804
16.89 -0.0113316 -0.0111231 -0.0011404
16.9 0.0091047 0.0115182 0.00711121
16.91 -0.00494309 -0.00782297 -0.00374874
16.92 0.00199646 0.00813345 0.0103416
16.93 0.00116129 -0.00340171 -0.00450629
16.94 -0.00185375 0.00184256 0.00594987
16.95 0.00258707 0.00663826 0.0100717
16.96 0.000224883 -0.00595945 -0.00439489
16.97 -0.00180924 0.00903038 0.00801323
16.98 0.00302297 -0.00663008 0.00201408
16.99 0.000602327 0.013843 0.0108648
17 -0.003628 -0.0123135 -0.00231634
17.01 0.00792351 0.0133756 0.000297734
17.02 -0.012352 -0.018462 -0.00886073
17.03 0.0135927 0.0205324 0.0115086
17.04 -0.0113318 -0.0194153 -0.00797538
17.05 0.00658563 0.0137776 -0.00551837
17.06 -0.00555796 -0.0217506 -0.0145993
17.07 0.00257244 0.018441 0.00758564
17.08 -0.00164904 -0.0163965 -0.00368165
17.09 0.00344305 0.017885 0.008338
17.1 -0.00583547 -0.0188326 -0.0120354
17.11 0.00626492 0.0135675 0.00132044
17.12 -0.00762014 -0.0162204 -0.0107738
17.13 0.0048789 0.00837655 -0.00438896
17.14 -0.00230092 -0.00320654 0.0125994
17.15 0.00213765 0.00689065 0.000849265
17.16 0.000351791 -0.00033115 0.0106056
17.17 2.61546e-05 0.00272247 -0.000404459
17.18 0.000873443 0.00157389 0.00660283
17.19 -0.00163979 -0.00771343 -0.0175959
17.2 0.000995708 0.0115887 0.0236535
17.21 0.00123107 -0.0104434 -0.017988
17.22 -0.00271982 0.00850034 0.0104306
17.23 0.00103527 -0.012366 -0.0167966
17.24 0.000656092 0.0105641 0.00926187
17.25 -0.00464129 -0.015104 -0.0173593
17.26 0.00640812 0.0127618 0.00932423
17.27 -0.00854281 -0.0167225 -0.0175407
17.28 0.00697034 0.0119776 0.00555697
17.29 -0.00644208 -0.0148172 -0.0127884
17.3 0.00472057 0.0141897 0.0121455
17.31 -0.00282151 -0.0105883 -0.00449288
17.32 0.00341354 0.011537 0.00782473
17.33 -0.00489056 -0.0114123 -0.00850101
17.34 0.00625592 0.00859979 0.00276298
17.35 -0.00859842 -0.0104368 -0.00870342
17.36 0.00814423 0.0050059 -0.00248263
17.37 -0.00833737 -0.00645642 -0.00363245
17.38 0.00495543 -0.00305341 -0.0166086
17.39 -0.00375977 0.00505427 0.0187952
17.4 0.00522263 0.00255338 0.00219355
17.41 -0.00216258 0.00614429 0.0164796
17.42 0.00149324 -0.00564928 -0.012981
17.43 -0.000727986 0.00560962 0.010828
17.44 -0.000526796 -0.00659523 -0.0113147
17.45 0.00268839 0.0107846 0.0198434
17.46 -0.00286766 -0.0074551 -0.0104018
17.47 0.0042122 0.00772734 0.00990861
17.48 -0.00647494 -0.011151 -0.0173186
17.49 0.00760917 0.0117708 0.0183804
17.5 -0.00812954 -0.0125581 -0.0204471
17.51 0.00764321 0.0115065 0.0185952
17.52 -0.00675743 -0.00905514 -0.0136766
17.53 0.00675945 0.00822011 0.012788
17.54 -0.00641261 -0.00287842 -0.000815675
17.55 0.00888617 0.0060257 0.00936797
17.56 -0.00965754 -0.00352901 -0.00434978
17.57 0.0114199 0.0100129 0.0217683
17.58 -0.00705563 0.00097448 0.00264939
17.59 0.00534015 0.000831487 0.00427193
17.6 -0.00239703 0.00276758 0.00210267
17.61 0.000442642 -0.00599223 -0.00803771
17.62 -0.000757016 0.00475553 0.00372799
17.63 0.00244053 0.00106082 0.0115128
17.64 -0.000107009 0.00615977 0.00483921
17.65 -0.00162219 -0.0100245 -0.01316
17.66 0.000388047 0.00127059 -0.00908327
17.67 -0.00466096 -0.012261 -0.0167843
17.68 0.00476771 0.00839378 0.0069162
17.69 -0.00584057 -0.0104715 -0.0120295
17.7 0.00501844 0.00653815 0.00291364
17.71 -0.00552646 -0.00761206 -0.00619081
17.72 0.00589307 0.00771722 0.00728301
17.73 -0.00733091 -0.0131479 -0.0217147
17.74 0.00474845 0.00425571 0.00168731
17.75 -0.00490014 -0.00425497 -0.00328963
17.76 0.00582956 0.0051087 0.00686832
17.77 -0.00705876 -0.00739671 -0.0140923
17.78 0.00632606 0.00419728 0.00829837
17.79 -0.00436602 0.00338591 0.00811141
17.8 0.00680126 0.00590685 0.0164838
17.81 -0.00590591 -0.00538422 -0.0175511
17.82 0.0030688 -9.40231e-06 0.00708833
17.83 -0.00172712 0.000537123 -0.00836457
17.84 0.00104345 -0.00140265 0.00849403
17.85 -0.00146834 0.000661641 -0.0122217
17.86 0.000313664 -0.00873065 -0.00587465
17.87 -0.00267201 0.00537064 -0.00338785
17.88 0.00356634 -0.00627349 0.00214706
17.89 -0.00398259 0.00397624 -0.00892594
17.9 0.00102444 -0.00910938 -0.00209875
17.91 0.00146555 0.00977649 0.00232247
17.92 -0.00301521 -0.00655492 0.006638
17.93 0.00500981 0.00562281 -0.00976278
17.94 -0.00820072 -0.0124322 -0.00646
17.95 0.00690742 0.00680627 -0.00685123
17.96 -0.00620614 -0.00570917 0.00873895
17.97 0.00715086 0.0112874 0.0058426
17.98 -0.00670096 -0.0120625 -0.00909725
17.99 0.00473204 0.00535764 -0.0057055
18 -0.00643806 -0.00876588 -0.00392925
18.01 0.0080323 0.00922489 0.00637997
18.02 -0.00844376 -0.0046754 0.00319858
18.03 0.00945323 0.00283519 -0.00606239
18.04 -0.0122257 -0.0118164 -0.0178806
18.05 0.00835475 0.00159026 -0.00415893
18.06 -0.00698069 -0.00494497 -0.0072842
18.07 0.00426697 0.00493397 0.0107961
18.08 -0.00142714 -0.00425608 -0.0128015
18.09 -0.000972995 0.0024938 0.0120388
18.1 0.00147458 -0.00427946 -0.0196876
18.11 -0.0023706 0.00152804 0.0161524
18.12 0.00110959 -0.00650715 -0.0315242
18.13 -0.00355145 -0.00154902 0.0154453
18.14 0.00511407 0.00689095 -0.00589126
18.15 -0.00427827 -0.00457889 0.0146708
18.16 0.00523342 0.0095696 -0.00546245
18.17 -0.00561864 -0.012799 0.00020463
18.18 0.00532428 0.0137833 2.45099e-05
18.19 -0.00561284 -0.0167007 -0.00539961
18.2 0.00460658 0.0128845 -0.00527527
18.21 -0.0065646 -0.0180491 -0.00616794
18.22 0.00707373 0.0165699 0.00189303
18.23 -0.00766474 -0.0152387 0.00150741
18.24 0.0090701 0.0180706 0.005833
18.25 -0.00885278 -0.0174667 -0.00562746
18.26 0.00711408 0.0132637 -0.00260637
18.27 -0.00782866 -0.020252 -0.0170653
18.28 0.00469531 0.013866 0.00489766
18.29 -0.00364264 -0.0146457 -0.0106008
18.3 0.00263493 0.013343 0.0115159
18.31 -0.00163772 -0.00924853 -0.00581101
18.32 0.00117404 0.00348596 -0.00400482
18.33 -0.00385245 -0.00818909 -0.0116916
18.34 0.00323517 0.00271774 0.00305589
18.35 -0.0038784 -0.00782958 -0.020869
18.36 -0.00097525 -0.00265825 0.00137735
18.37 0.0047187 0.00883663 0.00769996
18.38 -0.0053977 -0.00755634 0.00074086
18.39 0.00542269 0.00757815 -0.00542798
18.4 -0.00620067 -0.0129533 -0.00341253
18.41 0.00587107 0.0159771 0.00712007
18.42 -0.00377198 -0.0112391 0.007684
18.43 0.00480157 0.013954 -0.0043588
18.44 -0.00702267 -0.0169252 0.000343643
18.45 0.010146 0.0232207 0.01234
18.46 -0.0102399 -0.0216256 -0.00688099
18.47 0.00859154 0.0165768 -0.00601791
18.48 -0.00869438 -0.019434 -0.00101454
18.49 0.00727558 0.0166415 -0.00509232
18.5 -0.00689625 -0.0172855 0.0023237
18.51 0.00628008 0.0164002 -0.00277441
18.52 -0.00630959 -0.0184968 -0.00464986
18.53 0.00521614 0.01826 0.00719504
18.54 -0.00253146 -0.0132999 0.00103685
18.55 0.00139404 0.0139072 0.00475135
18.56 0.000132873 -0.0119368 -0.00465172
18.57 -0.00225742 0.00525696 -0.00673558
18.58 0.00230333 -0.00270561 0.00820291
18.59 -0.00116126 0.00225437 -0.00465366
18.6 0.000732597 0.000221235 0.00588282
18.61 -0.000860222 -0.00161642 -0.00417273
18.62 0.00194898 0.00223536 0.000193253
18.63 -0.00476578 -0.0060373 -0.00371872
18.64 0.00776923 0.0109012 0.0100505
18.65 -0.00945337 -0.0155467 -0.0166424
18.66 0.00689547 0.00896704 -0.00321536
18.67 -0.00666942 -0.013168 -0.00366565
18.68 0.00518236 0.0117488 -0.00282489
18.69 -0.00527801 -0.01411 -7.42775e-05
18.7 0.00535268 0.0137591 -0.00342758
18.71 -0.00644833 -0.0157974 0.000788825
18.72 0.00696407 0.0160575 -0.00192787
18.73 -0.00788597 -0.0210087 -0.00921051
18.74 0.00597198 0.0197549 0.00635283
18.75 -0.0025315 -0.0147449 0.00481069
18.76 0.00195993 0.0195874 0.00848908
18.77 0.00017207 -0.0157576 -0.00108218
18.78 -0.000107039 0.0167855 0.00578172
18.79 -0.000107077 -0.0153526 -0.00481883
18.8 0.000266386 0.0118198 -0.000880384
18.81 -0.000837793 -0.00890659 0.00472586
18.82 0.000769096 0.00321381 -0.0150711
18.83 -0.00194083 -0.00312105 0.0115589
18.84 0.00259606 0.00470423 -0.00350135
18.85 -0.000759639 -0.00221309 0.00471027
18.86 -0.00304645 -0.00496853 -0.0170255
18.87 0.00474618 0.00566034 0.0138056
18.88 -0.00555688 -0.00661638 -0.011731
18.89 0.00542751 0.00728954 0.00946174
18.9 -0.00647051 -0.0158641 -0.0270236
18.91 0.00338497 0.0105121 0.0112984
18.92 -0.00257344 -0.011321 -0.0107114
18.93 0.00261742 0.00929381 0.00301104
18.94 -0.00644676 -0.016978 -0.018883
18.95 0.00736379 0.012479 0.00549032
18.96 -0.010313 -0.0185561 -0.0185647
18.97 0.00932965 0.0150303 0.00930964
18.98 -0.00840432 -0.0173902 -0.0154218
18.99 0.00436388 0.0103206 -0.00068365
19 -0.00214787 -0.00757141 0.00616878
19.01 0.00317831 0.012959 0.00806868
19.02 -0.00126966 -0.00345212 0.0139417
19.03 0.00292258 0.00466077 -0.00997121
19.04 -0.00458865 -0.00685932 0.00334142
19.05 0.00503099 0.0111976 0.00938396
19.06 -0.000884937 -0.00671014 -0.0017726
19.07 -0.00503403 -0.000993723 -0.0131208
19.08 0.00731255 -0.00233439 0.00134856
19.09 -0.00970682 -0.00100525 -0.00626917
19.1 0.0106695 0.00739574 0.0193937
19.11 -0.00846246 -0.0105927 -0.0257529
19.12 0.00349105 0.00709107 0.0164391
19.13 -0.000558491 -0.00712939 -0.015583
19.14 -9.90879e-05 0.00573026 0.0105123
19.15 -0.00245522 -0.00549413 -0.00743115
19.16 0.00814512 0.0115518 0.0193516
19.17 -0.0110463 -0.00963869 -0.0124218
19.18 0.0133649 0.0153182 0.0252004
19.19 -0.009419 -0.00878217 -0.00971069
19.2 0.00568279 0.0110019 0.0165672
19.21 -0.000285786 -0.00834682 -0.0120191
19.22 -0.00268763 0.010419 0.0188859
19.23 0.00403743 -0.010805 -0.0213093
19.24 -0.00521562 0.00195571 0.000683397
19.25 0.00106674 -0.0047238 -0.00769056
19.26 0.00250635 0.00269452 0.002927
19.27 -0.00521483 -0.00204191 -0.00203372
19.28 0.00594397 0.00389932 0.00824657
19.29 -0.00179564 0.00246687 0.00454108
19.3 -0.00163538 -9.70334e-05 0.00444903
19.31 0.00678615 0.00479349 0.00383519
19.32 -0.00972223 -0.00857723 -0.0107252
19.33 0.00916463 0.0107869 0.0151172
19.34 -0.0043332 -0.00553111 -0.00243143
19.35 0.00141918 0.0094467 0.0124594
19.36 0.00146292 -0.00903911 -0.0118556
19.37 -0.00249912 0.00645337 0.00540105
19.38 -0.00133694 -0.0130921 -0.020832
19.39 0.00501243 0.0152752 0.0255059
19.4 -0.00625895 -0.00929544 -0.0108685
19.41 0.00787138 0.00776788 0.00764759
19.42 -0.00926529 -0.0105441 -0.0156226
19.43 0.00701583 0.00498635 0.00407944
19.44 -0.00667936 -0.0111122 -0.0215781
19.45 0.00364997 0.00975771 0.0214442
19.46 0.000828513 -0.000693587 -0.00259957
19.47 -0.000576418 0.00245771 0.00951474
19.48 -0.00126253 -0.00376146 -0.0147903
19.49 0.00239837 -0.000420068 0.00653584
19.5 -0.00545931 -0.00498098 -0.0218408
19.51 0.0032683 -0.00413224 0.00237746
19.52 -0.000951349 0.00993303 0.00885331
19.53 -5.23166e-05 -0.00968271 -0.00560613
19.54 0.000982181 0.00823925 -0.000284946
19.55 -0.0024757 -0.0072914 0.00483485
19.56 0.00562563 0.0123487 0.00548945
19.57 -0.00626064 -0.00937343 0.00323608
19.58 0.00732954 0.0099336 -0.00287709
19.59 -0.00921949 -0.0167157 -0.0132658
19.6 0.0070556 0.011269 0.00040602
19.61 -0.00654595 -0.0128663 -0.00514709
19.62 0.00525741 0.00930793 -0.00249159
19.63 -0.00573752 -0.00872986 0.00293095
19.64 0.00775534 0.0116649 0.00524771
19.65 -0.00943061 -0.0154517 -0.0160758
19.66 0.0072032 0.00878219 0.00228285
19.67 -0.00532655 -0.00600413 0.00153524
19.68 0.00459808 0.00855328 0.0079043
19.69 -0.00274243 -0.00768402 -0.00935982
19.7 0.000845061 0.00690858 0.0113231
19.71 0.00063974 -0.00702916 -0.0156554
19.72 -0.00331112 3.68095e-05 0.0026393
19.73 0.00388039 0.00402019 0.00368491
19.74 -0.00164685 -0.0015049 0.00551958
19.75 -7.58643e-05 0.000172194 -0.0118744
19.76 -2.65565e-05 -0.000634129 0.0143334
19.77 0.00158698 0.00011364 -0.0197891
19.78 -0.0064819 -0.00943798 0.00149312
19.79 0.00815394 0.00968312 -0.00474684
19.8 -0.00984589 -0.0182031 -0.0132639
19.81 0.00618559 0.0150147 0.00411941
19.82 -0.00217156 -0.0140542 -0.00124267
19.83 -0.000280531 0.0160464 0.0057896
19.84 0.00258297 -0.0101675 0.00908137
19.85 0.000529741 0.0148749 0.0013219
19.86 -0.004674 -0.0181096 -0.00817344
19.87 0.00673234 0.0141798 -0.00176391
19.88 -0.00924821 -0.0174441 -0.00682488
19.89 0.0080471 0.0143266 0.00113366
19.9 -0.00643982 -0.0168715 -0.0103959
19.91 0.00199571 0.0117403 0.00178527
19.92 0.000587846 -0.0110279 -0.00411149
19.93 -0.00160334 0.009379 0.00390923
19.94 0.00116243 -0.00491914 0.00359301
19.95 0.00297884 0.00915889 0.00981287
19.96 -0.00509692 -0.00640439 -0.00653295
19.97 0.00516465 0.00052369 -0.00375729
19.98 -0.00521963 -0.000604366 -0.00102978
19.99 0.00265078 -0.00369096 -0.00436053
20 0.000214317 0.00612117 0.0050864
