0.01 0.00362054 -0.00345077 0.0168092
0.02 -0.00529187 0.00686561 -0.0342805
0.03 -0.00659435 0.00016366 0.002297
0.04 0.0117691 -0.00446716 0.0171729
0.05 -0.000392148 -0.00118603 0.0101449
0.06 -0.00215985 -0.00132507 0.00205612
0.07 0.00529809 0.0020607 -0.00562761
0.08 -0.000595767 -0.00748134 0.0318419
0.09 0.00482457 0.00407226 -0.0160996
0.1 0.00187125 -0.00844131 0.0383074
0.11 -0.00115159 0.00670485 -0.0321473
0.12 -0.00608904 0.00086523 -0.00149026
0.13 -0.00347292 0.00438001 -0.0264685
0.14 0.000678961 0.000141963 0.00779174
0.15 -0.00278524 0.000301795 -0.0131897
0.16 0.00253889 -1.97333e-05 0.0152612
0.17 -0.00260276 0.00135653 -0.0253424
0.18 -0.00768548 0.00583169 -0.0057693
0.19 0.0232529 -0.0219475 0.0820392
0.2 0.00095886 0.0114424 -0.0339138
0.21 -0.0172324 -0.00669981 0.015024
0.22 0.00776197 0.0172003 -0.0695834
0.23 -0.010985 -0.0117156 0.0479929
0.24 0.00508798 0.00916116 -0.0410548
0.25 0.00182746 -0.00516909 0.0277013
0.26 -0.00606309 -0.000215246 -0.00816083
0.27 0.010146 0.00243789 0.00419663
0.28 -0.00808062 -0.00513356 0.00181707
0.29 0.0036443 0.00585508 0.00146707
0.3 0.00537257 -0.00893039 0.00746796
0.31 -0.0105405 0.0108172 -0.0125526
0.32 0.00523229 -0.00752148 -0.00509487
0.33 -0.00399836 0.0100019 -0.00677823
0.34 0.00293034 -0.0140474 0.0278721
0.35 0.00339912 0.0139039 -0.0305168
0.36 -0.0125311 -0.00867291 0.00958459
0.37 0.00137302 0.0159913 -0.0493322
0.38 -0.00691934 -0.00672422 0.00999309
0.39 -0.00883318 0.0140434 -0.0510843
0.4 0.00970912 -0.011878 0.048267
0.41 -0.000446411 0.00471795 -0.0229984
0.42 0.00871128 -0.0142637 0.0791421
0.43 0.00815204 0.00440528 -0.0431715
0.44 -0.0202852 0.00529274 0.00731549
0.45 0.0108922 -0.00425087 -0.0209165
0.46 -0.00413826 0.0100444 -0.000279904
0.47 -0.015675 -0.00433013 -0.0329393
0.48 0.0139782 0.0100036 0.0118891
0.49 -0.0123799 -0.00800069 -0.0283904
0.5 -0.0148312 0.0236796 -0.0407394
0.51 0.0138226 -0.0196547 0.0181096
0.52 -0.0197015 0.0279436 -0.0585578
0.53 0.00641729 -0.0267084 0.0574569
0.54 0.00188888 0.0318459 -0.0906662
0.55 -0.0213904 -0.0240684 0.0643138
0.56 0.0236977 0.0208231 -0.0604765
0.57 -0.00606116 -0.0245281 0.0905388
0.58 0.00021275 0.0144176 -0.0556755
0.59 0.0210187 -0.0192219 0.0948668
0.6 -0.0110764 0.00558304 -0.0485053
0.61 0.000571075 0.00288472 0.0286581
0.62 0.0133983 -0.0137321 0.00328295
0.63 -0.0164295 0.0197739 -0.0148578
0.64 0.00732094 -0.0206499 0.00508026
0.65 -0.00541855 0.0297757 -0.0383201
0.66 0.000975641 -0.0369488 0.0659223
0.67 0.0173956 0.0288851 -0.0235738
0.68 -0.00390002 -0.0399973 0.075855
0.69 0.00965087 0.0292448 -0.0258547
0.7 0.00905527 -0.0351696 0.0589516
0.71 -0.0159691 0.0333685 -0.0590304
0.72 0.0212085 -0.0366922 0.0889075
0.73 0.00867013 0.0159498 -0.00740472
0.74 -0.00180494 -0.0245092 0.0687302
0.75 0.0160804 0.0121013 -0.0304937
0.76 -0.00266839 -0.0181361 0.0815811
0.77 0.0146863 -0.0001891 -0.0160726
0.78 -0.00602609 0.0049863 0.0148165
0.79 0.00329984 -0.0161569 0.018488
0.8 0.00811542 0.0181148 -0.0090485
0.81 -0.00346952 -0.0282787 0.0405931
0.82 0.00447777 0.0284442 -0.0261913
0.83 0.00284491 -0.0311494 0.0265103
0.84 -0.00902055 0.0311895 -0.0171195
0.85 0.0200066 -0.0372839 0.0408793
0.86 -0.0130586 0.0332987 -0.0210012
0.87 0.0225404 -0.0482216 0.097306
0.88 4.24185e-05 0.0410307 -0.0731527
0.89 -0.0270025 -0.0264119 0.0167838
0.9 0.0251977 0.0234555 -0.0169334
0.91 -0.00501023 -0.0248727 0.0383752
0.92 -0.00626816 0.0157552 -0.0108254
0.93 0.0286789 -0.0211713 0.0562228
0.94 -0.0143792 0.00732986 -0.0131396
0.95 -0.00807048 0.00605554 -0.0256755
0.96 0.0169306 -0.00867713 0.0135098
0.97 -0.0291916 0.0199691 -0.0456546
0.98 0.013811 -0.0157503 0.00675169
0.99 -0.00822631 0.0228839 -0.0251657
1 0.00383662 -0.0304152 0.0480117
1.01 0.00701943 0.0286481 -0.0285536
1.02 -0.0132994 -0.0226221 -0.0100798
1.03 -0.0104965 0.034059 -0.036518
1.04 0.018234 -0.0317685 0.0204221
1.05 -0.020382 0.0293363 -0.00797723
1.06 0.0131044 -0.0245066 -0.0118639
1.07 -0.0163844 0.0331427 -0.0369775
1.08 0.00637617 -0.0350244 0.057881
1.09 0.0217887 0.0208567 -0.00503039
1.1 -0.0276437 -0.0159692 -0.00256156
1.11 0.0151709 0.0156005 -0.0112909
1.12 0.00124378 -0.0137566 0.018878
1.13 -0.00916019 0.0076628 -0.00814078
1.14 0.00391336 0.00263916 -0.0206958
1.15 -0.00982656 0.00392849 -0.0333114
1.16 -0.00536365 -0.000370609 0.0405349
1.17 0.0302259 -0.0100929 -0.0147886
1.18 -0.0532878 0.0284489 -0.052285
1.19 0.0374795 -0.0299209 0.0444134
1.2 -0.0158579 0.0367588 -0.068279
1.21 -0.0190915 -0.0310637 0.0357249
1.22 0.0165465 0.0442728 -0.0958743
1.23 -0.0267204 -0.0315396 0.0327709
1.24 0.00502918 0.0310405 -0.0294888
1.25 0.0186139 -0.0270771 0.0118353
1.26 -0.0427188 0.0310262 -0.036866
1.27 0.0381746 -0.0279802 0.034855
1.28 -0.0091154 0.0198219 -0.0141208
1.29 -0.0276895 -0.00882412 -0.0178307
1.3 0.0454268 0.00377634 0.0226226
1.31 -0.0439081 0.00174625 -0.0332303
1.32 0.0157323 0.0020326 0.00216325
1.33 -0.0041631 0.0104797 -0.0505048
1.34 -0.0184726 -0.00683715 0.0208332
1.35 0.0198289 0.00594322 -0.00220372
1.36 0.0075985 -0.0148323 0.0285351
1.37 -0.0349832 0.0202409 -0.0388452
1.38 0.0490314 -0.02288 0.0394626
1.39 -0.0438701 0.0238 -0.0368303
1.4 0.0237734 -0.0243887 0.0371971
1.41 0.00099669 0.0248539 -0.0398587
1.42 -0.0206541 -0.0232875 0.0335478
1.43 0.0240358 0.0222105 -0.0288742
1.44 -0.0135284 -0.0197433 0.0166688
1.45 -0.00672704 0.0191489 -0.0138594
1.46 0.0165945 -0.0130336 -0.0133803
1.47 -0.0222704 0.0133715 0.00634792
1.48 0.0147399 -0.0156158 0.0138873
1.49 0.0214196 0.00217501 0.0382805
1.5 -0.0363205 -0.00339865 -0.0198164
1.51 0.0461348 -0.00153388 0.0324888
1.52 -0.0301808 -0.00349245 0.00106937
1.53 0.024641 -0.00671277 0.0391705
1.54 -0.00559299 0.00643595 -0.0288366
1.55 0.00187057 -0.0132767 0.0516161
1.56 -0.00570032 0.0186654 -0.0665009
1.57 0.00544762 -0.0140641 0.0330453
1.58 -0.0221262 0.0201285 -0.0512472
1.59 0.0318439 -0.0237763 0.0601222
1.6 -0.022654 0.0192596 -0.033259
1.61 0.00574277 -0.0135724 0.00351006
1.62 0.00890456 0.00940748 0.0178293
1.63 -0.00973108 -0.0125158 -0.00402651
1.64 0.0107897 0.0113014 0.0105119
1.65 -0.0043479 -0.014369 0.00485902
1.66 0.00743525 0.0105074 0.0109446
1.67 -0.0103519 -0.00871845 -0.0145262
1.68 0.0160808 0.0061547 0.0198061
1.69 -0.0293817 0.00340623 -0.0576134
1.7 0.0332004 -0.00935256 0.0785476
1.71 -0.0125142 -0.00190902 -0.0172286
1.72 0.0193801 -0.00815941 0.0576316
1.73 -0.014963 0.00673443 -0.0422425
1.74 0.01757 -0.00905359 0.0445987
1.75 -0.0145416 0.00520267 -0.0172115
1.76 0.0274547 -0.0151063 0.0565091
1.77 -0.0198491 0.0119164 -0.0347404
1.78 0.00560701 -0.00588998 0.000874432
1.79 -0.00855904 0.0143259 -0.0374846
1.8 -0.01584 0.00154884 -0.0421812
1.81 -0.00314565 0.0149747 -0.0338878
1.82 -0.0132824 -0.00121912 -0.0346359
1.83 0.0102805 0.00224467 0.0316498
1.84 -0.0119738 0.00101469 -0.0489024
1.85 0.00200951 0.00766993 0.00761361
1.86 -0.00982088 -0.00669821 -0.0104259
1.87 0.0264138 0.00125706 0.0328345
1.88 -0.0340815 -0.000724165 -0.0312249
1.89 0.032084 0.00291768 0.0167093
1.9 -0.038055 0.00750855 -0.0634243
1.91 0.0253298 -0.00828186 0.0650095
1.92 -0.0034473 0.00205684 -0.0332627
1.93 -0.00234437 -0.00286807 0.0338592
1.94 -0.00414656 0.00602201 -0.0439816
1.95 0.00738617 -0.00169751 0.0171924
1.96 -0.0225787 0.00756992 -0.0395478
1.97 0.0221386 -0.00684908 0.0319613
1.98 -0.00513271 -0.000301149 0.0046496
1.99 -0.0086289 0.00187304 -0.0139479
2 0.00756076 0.00849633 -0.0342167
2.01 -0.0383657 0.0110758 -0.061994
2.02 0.0208578 0.00169851 0.00455825
2.03 -0.0123814 -0.00371823 0.000903588
2.04 0.0168119 -0.00377869 0.0384003
2.05 -0.0193192 0.0082357 -0.0625911
2.06 0.0111147 -0.00173492 0.0336396
2.07 -0.0243371 0.0104075 -0.0769149
2.08 0.0155849 -6.00154e-05 0.0284208
2.09 -0.0197941 -0.000438287 -0.0263122
2.1 0.026952 -0.0026987 0.0409507
2.11 -0.0248075 0.00237409 -0.0390917
2.12 0.0228128 -0.00749931 0.0641262
2.13 0.00190124 -0.00330228 -0.0128926
2.14 -0.00410943 -0.00208114 0.0383548
2.15 0.00975145 0.000386125 -0.0285724
2.16 -0.00420057 -0.00455564 0.0463186
2.17 0.00814304 -0.000256509 -0.0210118
2.18 -0.0188326 0.0118559 -0.0372636
2.19 0.0075376 -0.00643625 0.0146194
2.2 -0.00403306 0.00472431 -0.00949642
2.21 0.0120951 -0.00777781 0.0261969
2.22 -0.0231446 0.0108318 -0.0424148
2.23 0.0317729 -0.01357 0.0577492
2.24 -0.0286906 0.0109113 -0.0483991
2.25 0.019864 -0.00670241 0.0323038
2.26 -0.0221494 0.0129677 -0.0667303
2.27 0.0182672 -0.0153333 0.0830802
2.28 -0.00513408 0.0096658 -0.0614008
2.29 -0.0027927 -0.00437608 0.0409945
2.3 -0.00635544 0.00872099 -0.0660591
2.31 0.002013 -0.000232413 0.0292664
2.32 -0.0105051 0.00331457 -0.0483057
2.33 0.00144556 0.00464012 0.0150008
2.34 0.00390588 -0.00650579 -0.0112663
2.35 -0.0137111 0.0107901 -0.00439064
2.36 0.0264915 -0.0193737 0.0420818
2.37 -0.0282425 0.0236709 -0.0618325
2.38 0.0205152 -0.0243357 0.0670282
2.39 -0.00855569 0.0213495 -0.0565749
2.4 0.00613504 -0.0213637 0.0611519
2.41 -0.00539196 0.0158624 -0.0390585
2.42 0.0187125 -0.0166136 0.0467697
2.43 -0.0253327 0.0113021 -0.025832
2.44 0.0391275 -0.0170029 0.0593939
2.45 -0.0354755 0.018141 -0.0740448
2.46 0.00797442 -0.00739273 0.0341915
2.47 0.0129204 0.00118351 -0.016225
2.48 -0.022664 0.00429039 -0.000369897
2.49 0.0119593 -0.0025905 -0.0148734
2.5 0.00796428 -0.00336042 0.0496998
2.51 -0.00494301 -0.0053878 -0.0150249
2.52 -0.00692322 0.0158674 -0.0271768
2.53 0.0117757 -0.0173038 0.0264148
2.54 -0.00915922 0.00998012 0.0159179
2.55 0.036771 -0.0273365 0.0613503
2.56 -0.0354381 0.0263652 -0.0536461
2.57 0.0259999 -0.0246523 0.0458112
2.58 -0.0174937 0.025738 -0.0539169
2.59 0.00336732 -0.0193883 0.027603
2.6 -0.0111275 0.0253627 -0.0610788
2.61 0.0121019 -0.0216458 0.0491134
2.62 -0.0199602 0.0226874 -0.0618592
2.63 0.00774581 -0.00824139 0.00202569
2.64 -0.0219439 0.017811 -0.0592104
2.65 0.0065828 -0.00750441 0.0230887
2.66 0.00683427 0.000796561 -0.00542228
2.67 -0.0133687 0.00202948 0.00614655
2.68 0.0190047 -0.00766345 0.00762363
2.69 -0.0215137 0.0147764 -0.0301514
2.7 0.00373199 -0.00630374 -0.0210131
2.71 -0.0183643 0.0218008 -0.0433928
2.72 0.0108815 -0.0161489 0.00705931
2.73 -0.0180024 0.0191086 -0.012881
2.74 0.0243536 -0.0194555 0.00720227
2.75 -0.0382424 0.0279702 -0.0430034
2.76 0.0339754 -0.0271729 0.0376251
2.77 -0.0192049 0.0220862 -0.0149272
2.78 0.0180983 -0.0290928 0.0528279
2.79 -0.00546546 0.0251605 -0.0404873
2.8 0.00565078 -0.0284216 0.0647667
2.81 0.00375701 0.0197069 -0.0333316
2.82 -0.00306484 -0.0149057 0.0218715
2.83 -0.0129743 0.0218558 -0.0686059
2.84 0.00494969 -0.013285 0.043768
2.85 0.0101515 0.00276739 -0.0118298
2.86 -0.0131252 -0.00316952 0.0332055
2.87 0.0297312 -0.00923926 0.00719744
2.88 -0.0368662 0.01915 -0.0376782
2.89 0.0359417 -0.029414 0.0735585
2.9 -0.0146811 0.0262538 -0.0486105
2.91 0.00920526 -0.0323043 0.0702518
2.92 -0.00586874 0.0320285 -0.06314
2.93 0.00739752 -0.0265554 0.0322721
2.94 -0.0340202 0.0366877 -0.0783305
2.95 0.0322066 -0.0259332 0.027634
2.96 -0.0343922 0.0246257 -0.0260881
2.97 0.0261237 -0.021684 0.0201393
2.98 -0.0168057 0.0234034 -0.0396265
2.99 -0.0115559 -0.00991315 -0.0123123
3 0.0111324 0.0146204 -0.0230334
3.01 -0.0137375 -0.010572 0.0160379
3.02 0.0138975 0.00387609 0.00380077
3.03 -0.00749637 -0.000763138 -0.00640904
3.04 0.00615634 -0.00438724 0.0183055
3.05 -0.0132339 0.0123767 -0.0434211
3.06 0.0191918 -0.0161288 0.0485036
3.07 -0.0258024 0.0188231 -0.0495213
3.08 0.0348749 -0.0244152 0.0662771
3.09 -0.0282212 0.0193575 -0.0340763
3.1 0.0268587 -0.0197293 0.0296
3.11 -0.0278426 0.0224226 -0.0377049
3.12 0.0248298 -0.0224457 0.0346614
3.13 -0.027948 0.0287391 -0.0639321
3.14 0.00610187 -0.0145218 -0.00336838
3.15 -0.00298093 0.0117121 0.0155011
3.16 0.0187347 -0.0215408 0.0336875
3.17 -0.0179325 0.0204272 -0.0328957
3.18 0.00649393 -0.015149 0.0153376
3.19 0.00905601 0.00827649 0.00760885
3.2 -0.0165084 -0.00609876 -0.00695093
3.21 0.0293295 -0.00530815 0.0507047
3.22 -0.00871067 -0.00692084 0.0190306
3.23 0.0322536 -0.0182497 0.0906321
3.24 -0.0129532 0.00885493 -0.0348478
3.25 0.0141087 -0.0130552 0.0442779
3.26 -0.0234713 0.0194507 -0.0641354
3.27 0.0230677 -0.0150308 0.0326864
3.28 -0.0366913 0.0217784 -0.0562063
3.29 0.0488306 -0.0320945 0.100099
3.3 -0.0273028 0.0214567 -0.0475823
3.31 0.0205453 -0.0253931 0.0682669
3.32 -0.00552505 0.0203944 -0.0482209
3.33 -0.00992446 -0.00798282 -0.00682872
3.34 -0.00169595 0.00896799 -0.0018899
3.35 0.0178164 -0.0105864 0.0141982
3.36 -0.0154418 0.0010994 0.0249029
3.37 0.00833616 0.00578393 -0.0498253
3.38 -0.00116276 -0.00687271 0.0460386
3.39 -0.0214642 0.0181482 -0.0915898
3.4 0.0151583 -0.00663881 0.0290876
3.41 -0.0328869 0.017072 -0.0734501
3.42 0.0262956 -0.0110936 0.0408356
3.43 -0.0379776 0.0239859 -0.101107
3.44 0.0122712 -0.00782062 0.0236719
3.45 -0.0198977 0.0158033 -0.0626168
3.46 0.0284336 -0.0216284 0.0920099
3.47 -0.0213728 0.0137804 -0.0573177
3.48 0.0206802 -0.00986578 0.0425295
3.49 -0.019366 0.00411057 -0.0192528
3.5 0.0211593 -0.000748787 0.00751076
3.51 -0.0228093 -0.000759213 -0.0048055
3.52 0.0157871 0.00599774 -0.0156675
3.53 -0.00490395 -0.0121333 0.0410308
3.54 -0.00849556 0.0211928 -0.0824361
3.55 -0.00110477 -0.0132098 0.0445026
3.56 -0.00655248 0.0191229 -0.0751437
3.57 0.00910247 -0.0198995 0.0828521
3.58 -0.00415921 0.0124472 -0.0523013
3.59 0.0139399 -0.0137605 0.0642682
3.6 -0.0246628 0.0145836 -0.0745198
3.61 0.0265559 -0.00968212 0.0583133
3.62 -0.0197594 -0.000985609 -0.0146387
3.63 0.0345442 -0.00748013 0.0625654
3.64 -0.0257221 -0.000380884 -0.0321617
3.65 0.0157602 0.00808942 0.00167073
3.66 -0.0145435 -0.010523 0.00561809
3.67 0.0160031 0.0129378 -0.0152897
3.68 -0.0194865 -0.0140838 0.0210238
3.69 0.0206987 0.0150162 -0.0273138
3.7 -0.0113616 -0.0216744 0.0626091
3.71 0.00972089 0.019896 -0.0592198
3.72 -0.010728 -0.0133643 0.0343024
3.73 -0.00210814 0.0156411 -0.0523667
3.74 0.00811351 -0.0120457 0.0430328
3.75 -0.0171085 0.0130202 -0.0566724
3.76 0.0119555 -0.00513718 0.0285168
3.77 -0.00556153 -0.00359936 0.00439735
3.78 0.0269208 -0.0102527 0.070224
3.79 -0.00599582 -0.00992146 0.0193158
3.8 0.00955558 0.0126132 -0.0272594
3.81 -0.0301848 -0.00264472 -0.0233426
3.82 0.0343668 0.00171704 0.0303602
3.83 -0.0242477 -0.00637816 -0.0111401
3.84 0.0130655 0.00909428 0.00102884
3.85 -0.00876082 -0.00717157 -0.0121719
3.86 -0.00112312 0.0135674 -0.018211
3.87 -0.00444106 -0.0121184 0.0128764
3.88 0.0131565 0.0100954 -0.00603394
3.89 -0.0142152 -0.012185 0.0191517
3.9 0.00884499 0.0155855 -0.0385927
3.91 -0.00297633 -0.0160412 0.0443665
3.92 -0.00169419 0.0134311 -0.0362238
3.93 0.00556775 -0.00911604 0.0206458
3.94 -0.0199731 0.0146382 -0.0534715
3.95 0.017843 -0.0104131 0.0413883
3.96 -0.0123156 0.00646196 -0.0321914
3.97 0.00235043 0.00166705 0.00315471
3.98 0.0018117 -0.00955934 0.0262266
3.99 0.00492216 0.0142589 -0.0428773
4 -0.0356034 0.000429841 -0.0322358
4.01 0.0253177 0.0116922 -0.02083
4.02 -0.0235513 -0.00944835 0.00447491
4.03 0.0122414 0.0101404 -0.00247168
4.04 0.00202786 -0.0127012 0.0106376
4.05 -0.0164092 0.02063 -0.0474671
4.06 -0.00726869 -0.00346411 -0.0332458
4.07 0.00602781 0.00765007 0.0103303
4.08 -0.0112222 -0.00378449 -0.0261236
4.09 -0.0071773 0.0168247 -0.0396569
4.1 -0.000687585 -0.00789042 0.00112156
4.11 -0.012781 0.0168507 -0.0499947
4.12 -0.00180455 -0.00305548 -0.00919654
4.13 -0.00842442 0.00839846 -0.0239062
4.14 0.0083062 -0.00470451 0.01391
4.15 -0.00671292 -0.000269886 0.00218593
4.16 0.0194055 -0.00761118 0.0435781
4.17 -0.0027741 -0.00668105 0.017066
4.18 0.00371853 0.00721411 -0.0128752
4.19 -0.00593639 -0.0080946 0.0122156
4.2 0.00815046 0.00898921 -0.0132728
4.21 -0.0218896 0.00268724 -0.0454885
4.22 0.00765246 0.00328275 0.0200436
4.23 0.00268129 -0.00377931 -0.0208221
4.24 -0.0143278 0.00799543 0.00242806
4.25 0.00671236 -0.00128066 -0.0348747
4.26 -0.014174 0.0114124 -0.0150615
4.27 0.00273144 -0.00937261 0.00806058
4.28 0.00405891 0.0108126 -0.0185885
4.29 -0.0106315 -0.00790047 0.00795801
4.3 0.0011999 0.0122315 -0.0314721
4.31 0.000696635 -0.00628063 0.00522234
4.32 -0.0221306 0.0165418 -0.0573903
4.33 0.0196991 -0.0126365 0.0435219
4.34 -0.00427851 0.00305023 -0.00393147
4.35 -0.00230023 -0.00104504 0.000551385
4.36 -0.0108236 0.0145077 -0.0712673
4.37 -0.00338168 -0.00588757 0.0366154
4.38 0.0172125 -0.00568537 0.0127938
4.39 -0.00162164 -0.00158238 0.0267017
4.4 -0.00268957 -0.00194862 -0.0137531
4.41 -0.00186167 0.0116456 -0.029074
4.42 -0.00507319 -0.00989396 0.0175048
4.43 0.0119977 0.00336831 0.017264
4.44 0.0063584 -0.0125111 0.0225799
4.45 -0.0116465 0.0101423 -0.0075992
4.46 0.0138886 -0.00769121 -0.00675981
4.47 -0.0113804 0.00441511 0.0243605
4.48 0.0244464 -0.0183127 0.0417513
4.49 -0.00984475 0.014875 -0.0268055
4.5 0.00599591 -0.0227907 0.0685384
4.51 0.00955617 0.0193055 -0.0571858
4.52 -0.0190172 -0.0138439 0.0368268
4.53 0.0139826 0.0106983 -0.0270632
4.54 0.00467455 -0.0127427 0.0422813
4.55 -0.0166815 0.0108968 -0.0405445
4.56 0.0132498 -0.00311097 0.0128258
4.57 -0.013162 0.00588607 -0.0382422
4.58 -0.0140153 0.00910013 -0.0204281
4.59 0.0237186 -0.0126829 0.0256452
4.6 -0.0255526 0.0174006 -0.0393615
4.61 0.0133799 -0.017369 0.0335008
4.62 0.00317612 0.0148772 -0.0178799
4.63 -0.0092798 -0.0156089 0.0182748
4.64 0.00973922 0.0122649 0.00123566
4.65 0.00788653 -0.0167978 0.0170747
4.66 -0.0233778 0.0192794 -0.027227
4.67 0.0395268 -0.030063 0.0813624
4.68 -0.0176385 0.0203031 -0.0420115
4.69 -0.0129286 -0.00657955 -0.0136196
4.7 0.0135377 0.0114395 -0.0198827
4.71 -0.00181568 -0.0195689 0.0691251
4.72 0.0104684 0.00660522 -0.017857
4.73 -0.00407594 -0.00246653 0.00916368
4.74 -0.00184263 -0.00296512 0.00582451
4.75 0.00979568 0.00344306 0.00330216
4.76 -0.00437241 -0.00887798 0.0108301
4.77 -0.0101217 0.0174608 -0.0405528
4.78 0.00378952 -0.00725809 -0.0186659
4.79 -0.0145891 0.0102537 0.0134647
4.8 0.0311063 -0.0210033 0.0310959
4.81 -0.0235317 0.0188163 -0.017109
4.82 0.018557 -0.0244028 0.044118
4.83 -0.00746051 0.0269918 -0.0600374
4.84 -0.00830934 -0.0224218 0.0439009
4.85 0.0114714 0.0197417 -0.0377334
4.86 -0.00451577 -0.0160911 0.0271492
4.87 -0.0126347 0.0160566 -0.0347718
4.88 0.0192426 -0.00938187 0.0123761
4.89 -0.0252662 0.00936302 -0.0244399
4.9 0.0160765 -0.00585885 0.0223655
4.91 -0.00556923 0.00805223 -0.0497158
4.92 -0.0180616 -0.000410347 0.0305265
4.93 0.0302525 -0.00454812 -0.022781
4.94 -0.0405528 0.0203655 -0.0408236
4.95 0.0136168 -0.0170249 0.0169178
4.96 0.00330035 0.024259 -0.046831
4.97 -0.0157738 -0.0280397 0.0616929
4.98 0.0208992 0.0246112 -0.0424223
4.99 -0.00608167 -0.0234917 0.0342827
5 -0.0251753 0.0291794 -0.0603535
5.01 0.0437566 -0.0296296 0.0655365
5.02 -0.038538 0.0229019 -0.041871
5.03 0.032729 -0.0280597 0.0806515
5.04 0.00821382 0.00959621 -0.00932781
5.05 -0.0227047 -0.00588185 0.00844251
5.06 0.0175509 0.00518317 -0.0196531
5.07 -0.00469864 -0.000233942 0.00834944
5.08 -0.0111114 -0.00588795 0.00971884
5.09 0.023902 0.00995081 -0.0179228
5.1 -0.0237868 -0.0141902 0.0262382
5.11 0.0145442 0.0145026 -0.0149881
5.12 0.00173877 -0.0128247 -0.00588108
5.13 -0.0338171 0.0248684 -0.0410502
5.14 0.0486766 -0.034296 0.0805574
5.15 -0.0195707 0.0211977 -0.0178088
5.16 -0.00343255 -0.0170513 0.00112498
5.17 0.00740153 0.0227856 -0.0325168
5.18 -0.0013974 -0.028075 0.0623101
5.19 -0.00259113 0.0244892 -0.050753
5.2 0.0147396 -0.0236506 0.054299
5.21 -0.0189225 0.0165783 -0.0303703
5.22 0.020644 -0.0106969 0.0146176
5.23 -0.0219672 0.0092756 -0.0225632
5.24 0.0126052 -0.00372036 0.0125885
5.25 0.000372926 -0.00341284 0.00423363
5.26 -0.009935 0.0109484 -0.0239885
5.27 0.00842116 -0.0150777 0.0296299
5.28 0.0101961 0.00787378 0.017446
5.29 0.00868635 -0.030876 0.0820131
5.3 0.00580604 0.0257097 -0.0487191
5.31 -0.00519767 -0.0294435 0.0605357
5.32 0.00224943 0.0298719 -0.0585942
5.33 -0.00164637 -0.0232975 0.0250454
5.34 -0.0152033 0.0271526 -0.0437996
5.35 0.0225064 -0.0250681 0.0372852
5.36 -0.0259083 0.0252456 -0.0456813
5.37 0.0072449 -0.0115856 -0.00906869
5.38 -0.0118831 0.017556 -0.0324057
5.39 -0.000470538 -0.00777987 -0.000511709
5.4 0.00649502 -0.00180748 0.0327107
5.41 0.0120238 -0.00399052 0.00825941
5.42 -0.0144308 -0.00331276 0.0134467
5.43 0.00900161 0.0145843 -0.0541633
5.44 -0.0058998 -0.0222123 0.0786769
5.45 0.0091532 0.022925 -0.0720694
5.46 -0.017369 -0.0154872 0.0278086
5.47 0.00511147 0.0193947 -0.0388359
5.48 0.0148211 -0.0283998 0.0763938
5.49 -0.00406008 0.0150178 -0.00948394
5.5 0.00807925 -0.015793 0.0128097
5.51 -0.0031312 0.00997918 0.0140645
5.52 0.0144028 -0.0184083 0.0289431
5.53 -0.00677154 0.0130568 -0.00768288
5.54 0.00238176 -0.0103318 0.00043187
5.55 -0.00165783 0.00842403 0.00226708
5.56 0.00133173 -0.0039032 -0.0173302
5.57 0.000159045 -0.00479323 0.0529288
5.58 0.0162705 -2.96042e-05 -0.0240948
5.59 -0.0226071 0.000420809 0.0157928
5.6 0.0223966 -0.0026845 0.00330854
5.61 -0.00375098 -0.00461651 0.0220991
5.62 -0.00712656 0.00576695 -0.0181466
5.63 0.0129435 -0.00789 0.0203688
5.64 -0.0196838 0.0188007 -0.0674733
5.65 0.0089067 -0.0234819 0.0883445
5.66 0.0215891 0.0132918 -0.0402883
5.67 -0.0311121 -0.0111667 0.0306419
5.68 0.0207154 0.0119269 -0.0332342
5.69 -0.00517969 -0.00697212 0.00729126
5.7 -0.0176472 0.00596415 -0.000495094
5.71 0.0317588 -0.00484529 -0.00499918
5.72 -0.0326064 0.00565111 -0.0017418
5.73 0.0203756 -0.00828498 0.02039
5.74 0.0133222 -0.00187716 0.0210131
5.75 -0.0385972 0.0133855 -0.0711854
5.76 0.0218237 -0.00584919 0.034386
5.77 0.00111828 0.00371426 -0.0266234
5.78 -0.01539 -0.00959702 0.0582771
5.79 0.0308251 0.00720298 -0.0495598
5.8 -0.0292318 -0.00620921 0.0457376
5.81 0.0106037 0.00795063 -0.0533395
5.82 0.00685045 -0.0046519 0.0363787
5.83 -0.016877 -0.00122086 -0.00778087
5.84 0.0195227 0.00499489 -0.00975942
5.85 -0.022077 0.00126753 -0.0220814
5.86 -0.00146732 0.00621723 -0.0113874
5.87 -0.000551143 0.00942248 -0.0660948
5.88 -0.0330597 0.00855181 -0.0190981
5.89 0.0281115 -0.00673284 0.0126688
5.9 -0.0143018 0.00948237 -0.0320264
5.91 -0.0179607 -0.000413244 -0.00360428
5.92 0.0266496 0.00325664 -0.0169897
5.93 -0.0224907 -0.00432341 0.0269286
5.94 0.00809358 0.00357305 -0.0264636
5.95 0.0104875 -0.00263252 0.0245989
5.96 -0.0124417 -0.00911417 0.0289728
5.97 0.0351827 -0.00457153 0.040555
5.98 -0.0221148 0.00131811 -0.0309589
5.99 -0.00153702 0.00247954 0.0200745
6 0.0203259 -0.00386376 -0.0196873
6.01 -0.019494 -0.00244707 0.0538181
6.02 0.0131536 0.00423841 -0.0641736
6.03 -0.00837621 0.0016914 0.0360192
6.04 -0.00280575 -0.0050191 -0.0192647
6.05 0.0100062 0.00951935 -0.00376624
6.06 -0.0162817 -0.00846202 0.000183567
6.07 0.0159617 0.00390792 0.0208494
6.08 -0.00106354 -0.00365902 -0.022041
6.09 -0.0115674 -0.000811693 0.0436581
6.1 0.0389463 -0.0126077 0.0223164
6.11 -0.0341846 0.0125689 -0.0275334
6.12 0.00886062 -0.00632823 0.006453
6.13 0.00332358 0.012878 -0.0482806
6.14 -0.0155334 -0.0140503 0.0645247
6.15 0.0240592 0.00748321 -0.0426919
6.16 -0.0115229 -0.00608795 0.0439917
6.17 -0.0116015 0.0071584 -0.056361
6.18 0.0238556 -0.00230377 0.0412108
6.19 -0.0376162 0.00946126 -0.0862502
6.2 0.00563077 0.0092837 0.00917462
6.21 0.00974641 -0.0108353 -0.0141498
6.22 -0.0172519 0.0096981 0.0294451
6.23 0.0251778 -0.0164805 -0.00314883
6.24 -0.0161216 0.0176252 -0.000187168
6.25 0.000819139 -0.0175928 0.00126867
6.26 0.00674295 0.0213951 -0.0229085
6.27 -0.0171642 -0.0149185 -0.00391057
6.28 -0.00729223 0.028666 -0.0672856
6.29 0.00536048 -0.0168748 0.0178056
6.3 -0.0275744 0.02583 -0.0707245
6.31 0.0248157 -0.0201933 0.0572827
6.32 -0.00204553 0.00256972 0.0112597
6.33 0.00852406 -0.00865223 0.0343189
6.34 -0.000248517 0.000987281 -0.0134343
6.35 0.00847903 -0.00541788 0.050051
6.36 -0.00750299 0.00257149 -0.0514941
6.37 -0.0122954 0.0167934 -0.0276714
6.38 0.0030824 -0.0162296 0.0142763
6.39 0.00933812 0.0138934 0.00483058
6.4 -0.0147295 -0.0125595 -0.0178907
6.41 0.00213166 0.0195003 -0.00958631
6.42 0.011357 -0.0242693 0.028593
6.43 -0.0209787 0.0280488 -0.0463241
6.44 0.0127197 -0.0212182 0.0168884
6.45 -0.00426982 0.0154628 0.00495561
6.46 0.0124373 -0.0223174 0.0352576
6.47 -0.00515972 0.0153276 -0.0103745
6.48 0.0148133 -0.0211657 0.0483968
6.49 -0.00239067 0.00782779 0.00471497
6.5 0.0134134 -0.012224 0.0276664
6.51 -0.00015869 -0.00467802 0.0425526
6.52 0.0198113 -0.00505568 0.0145154
6.53 -0.0121918 -0.00474576 0.0222344
6.54 0.0127865 0.00411776 -0.00889662
6.55 0.00330708 -0.0154238 0.0537383
6.56 0.00666952 0.00527328 0.00311961
6.57 0.00510985 -0.0127062 0.0254659
6.58 -0.000103333 0.00645887 0.0108048
6.59 0.00719963 -0.0101906 0.00143926
6.6 -0.0108791 0.0120484 -0.00547731
6.61 0.00705934 -0.00891804 -0.0135752
6.62 -0.00267293 0.00457853 0.0383371
6.63 0.0192539 -0.0168653 0.0169944
6.64 -0.0165096 0.0154793 -0.00820601
6.65 0.00754845 -0.0105128 -0.0162196
6.66 -0.00541778 0.00973367 0.019876
6.67 0.00743645 -0.00983466 -0.0189245
6.68 -0.0167916 0.0151783 -0.00829447
6.69 0.0187906 -0.0168278 0.0200916
6.7 -0.0112066 0.0138158 -0.0122806
6.71 0.00470954 -0.0129642 0.0171431
6.72 0.00934163 0.00370955 0.0171958
6.73 -0.00576759 -0.00401259 -0.00563055
6.74 0.00164929 0.000967907 0.0102457
6.75 0.00724528 -0.00169897 0.00375559
6.76 -0.00744475 -0.00115146 -0.00163896
6.77 0.00228416 0.00364271 0.00227694
6.78 -0.000456961 0.000707057 -0.0365535
6.79 -0.0226331 0.01165 -0.00960944
6.8 0.0279118 -0.0146121 0.0129628
6.81 -0.0307672 0.0241471 -0.0518365
6.82 0.00508744 -0.0160825 0.00999612
6.83 0.0119036 0.0122931 0.0097495
6.84 -0.0198149 -0.00532543 -0.0456115
6.85 -0.00797351 0.0174398 -0.00923794
6.86 0.0205953 -0.0151912 -0.00362775
6.87 -0.0267948 0.0130651 0.0130974
6.88 0.0310659 -0.018814 0.0188558
6.89 -0.0157055 0.0181709 -0.0240347
6.9 -0.0105787 -0.0120111 0.00519913
6.91 0.0274278 0.00751873 0.00573639
6.92 -0.0204879 -0.0115413 0.022796
6.93 0.0184338 0.00186287 0.0158075
6.94 -0.00222658 0.00146702 -0.0249509
6.95 -0.0204204 0.00350138 -0.00624379
6.96 0.0209595 -0.00137492 0.00581648
6.97 -0.00757659 -9.32755e-05 -0.0113222
6.98 -0.0137776 0.00191787 0.0166219
6.99 0.0393979 -0.0110453 0.0140512
7 -0.0381199 0.0101468 0.000349173
7.01 0.028065 -0.0149231 0.0159938
7.02 -0.00323535 0.0145179 -0.00989686
7.03 -0.0129664 -0.0189361 0.0277277
7.04 0.0161201 0.0252352 -0.0545175
7.05 -0.0245579 -0.015401 0.00332409
7.06 0.00505211 0.0177604 -0.0100559
7.07 0.02381 -0.0259313 0.0462017
7.08 -0.0204091 0.0152907 0.00417675
7.09 0.00980666 -0.00785307 -0.0356725
7.1 -0.00301996 0.00958907 0.0207766
7.11 -0.00338076 -0.0147057 0.0124301
7.12 0.0254859 0.00523557 0.0230476
7.13 -0.0341767 0.00172259 -0.0470392
7.14 0.0243751 -0.00448002 0.0525875
7.15 0.00115498 -0.000162268 -0.0232185
7.16 -0.0197005 0.0036189 -0.00243453
7.17 0.0114313 0.00437252 -0.0235274
7.18 -0.00271004 -0.00377271 0.00558458
7.19 -0.0149997 0.00734449 -0.00656649
7.2 0.0230516 -0.00666517 -0.0122773
7.21 -0.0293448 0.0133698 -0.00645331
7.22 0.0117838 -0.00984336 -0.0212399
7.23 -0.00462018 0.0199887 -0.0191527
7.24 -0.0168529 -0.0176254 0.00144064
7.25 0.0271198 0.0168328 0.00782304
7.26 -0.018723 -0.0208992 0.0068547
7.27 0.0141086 0.0138564 0.0305155
7.28 0.00778598 -0.0186946 -0.00834676
7.29 -0.014905 0.0166355 0.0150866
7.3 0.00812982 -0.0118898 -0.0299034
7.31 0.00484814 0.00835111 0.0350913
7.32 -0.0141856 -0.00907721 -0.0173671
7.33 0.0239592 0.00578173 0.0177915
7.34 -0.0212801 -0.00594586 -0.00138301
7.35 0.0174121 0.000390947 0.0126606
7.36 -0.00803543 0.00505367 -0.0239287
7.37 -0.00653864 -0.00624236 0.0151401
7.38 0.0180399 0.0043079 0.00908582
7.39 -0.0135771 -0.00677785 -0.0130585
7.4 0.000472712 0.0101592 0.012639
7.41 0.0169134 -0.0177189 0.00999434
7.42 -0.0157921 0.0169675 0.0031913
7.43 0.00808423 -0.018754 0.000401857
7.44 0.0160646 0.0103083 0.0417526
7.45 -0.0203524 -0.0146347 -0.0209688
7.46 0.0208714 0.0154998 0.0158025
7.47 -0.012956 -0.0176438 -0.00312108
7.48 0.00256754 0.0198103 -0.0119443
7.49 -0.00656191 -0.0111863 -0.022165
7.5 -0.00520481 0.0181954 -0.0214278
7.51 -0.00448255 -0.0113846 0.0013592
7.52 0.0152672 0.00445777 0.0178131
7.53 -0.011822 -0.00645526 0.00593951
7.54 0.0189282 -0.00460321 0.0338217
7.55 -0.00667457 0.00445474 -0.0213419
7.56 -0.00730366 -0.00390057 0.00799848
7.57 0.0139484 0.00547951 -0.0049455
7.58 -0.0134218 -0.00685383 0.000576824
7.59 0.00786975 0.00729311 0.00833332
7.6 0.00948199 -0.0169247 0.0281548
7.61 -0.00590487 0.0139508 -0.00686834
7.62 -0.00365827 -0.0107437 -0.0128881
7.63 0.0129718 0.00893488 0.0244362
7.64 -0.0158239 -0.0103434 -0.0199073
7.65 0.0167954 0.00968436 0.0249798
7.66 -0.0105505 -0.0117719 -0.0163377
7.67 0.00102553 0.0160944 -0.00447634
7.68 -0.00533535 -0.0108235 -0.0186618
7.69 -0.00622117 0.0214339 -0.037093
7.7 -0.00623367 -0.0154647 0.016344
7.71 0.0287212 -0.00117082 0.0543371
7.72 -0.00803177 -0.0106688 0.0113288
7.73 0.000820968 0.00778911 -0.00687132
7.74 0.00395452 -0.00306463 -0.00510454
7.75 -0.00797818 -0.000284818 0.0092902
7.76 0.0140527 -0.00169977 0.013363
7.77 -0.00859238 -0.00163219 -0.0116686
7.78 0.00559595 0.000608181 0.0314982
7.79 0.0156778 -0.0169467 0.0331954
7.8 -0.00870425 0.0174484 -0.0252325
7.81 -0.0127278 -0.01109 -0.0123934
7.82 0.0219757 0.0126424 0.0104567
7.83 -0.0206071 -0.0166711 0.0042748
7.84 0.0189528 0.0143399 0.0104027
7.85 -0.000761049 -0.0219314 0.0246196
7.86 0.00336693 0.0129977 0.0166989
7.87 0.0125619 -0.0228681 0.0359112
7.88 -0.000987208 0.0155206 -0.00989003
7.89 -0.0143026 -0.00662969 -0.02095
7.9 0.00817964 0.0122466 -0.0188183
7.91 -0.0128482 -0.0048142 -0.00367962
7.92 0.00725956 0.00131796 0.00756847
7.93 0.00711031 -0.00299429 0.0130622
7.94 -0.0142101 0.00129371 -0.0179215
7.95 0.00487966 0.00983412 -0.0223709
7.96 -0.00657521 -0.00964343 0.00944106
7.97 0.00568873 0.0103056 -0.00232053
7.98 -0.00431267 -0.0107302 -0.00404458
7.99 -0.00132475 0.0155057 -0.012885
8 -0.00255471 -0.0145305 0.00506297
8.01 0.00482093 0.0163214 -0.013286
8.02 -0.00091565 -0.0241994 0.0536803
8.03 0.015076 0.0169978 -0.024469
8.04 -0.010756 -0.0220238 0.05599
8.05 0.0130036 0.0179457 -0.0454338
8.06 -0.0166064 -0.00825773 0.00872178
8.07 0.0116815 0.000526566 0.0191633
8.08 0.00553906 -0.000934684 -0.00879898
8.09 -0.0139432 -0.00215557 0.0152798
8.1 0.00673185 0.0118209 -0.0534583
8.11 -0.00950883 -0.00800596 0.0277628
8.12 -0.00214127 0.0128047 -0.0448145
8.13 0.00681041 -0.0124063 0.0391052
8.14 -0.00885078 0.0134222 -0.0429629
8.15 0.000577031 -0.00980955 0.027114
8.16 0.0040353 0.010915 -0.035604
8.17 -0.0120834 -0.0081689 0.0263566
8.18 0.010306 0.0104974 -0.0415775
8.19 -0.0152151 -0.00357475 0.011956
8.2 0.010378 0.000734461 -0.000859391
8.21 -0.00672331 0.00554617 -0.0282402
8.22 -0.00358509 -0.00589703 0.0302551
8.23 0.0117328 0.0034915 -0.0196194
8.24 -0.0105042 -0.00151935 0.0107158
8.25 -0.00264532 0.00362837 -0.0210756
8.26 0.00906942 0.000868055 1.45634e-05
8.27 -0.02531 0.00707045 -0.0399294
8.28 0.0103402 0.00324002 -0.00615249
8.29 -0.0146038 0.00834071 -0.0540454
8.3 -0.00183091 -0.00663126 0.0513232
8.31 0.0170067 0.00412509 -0.044516
8.32 -0.0297189 0.0049697 0.00373496
8.33 0.0165559 -0.00386675 -0.00840568
8.34 0.0132745 -0.00639769 0.0551462
8.35 -0.0148295 -0.00176001 -0.013898
8.36 0.0189231 -0.00114697 0.0271149
8.37 -0.00333732 -0.00381967 -0.00364375
8.38 -0.00704421 0.00100993 0.0177176
8.39 0.0208924 -0.00346923 -0.00563579
8.4 -0.0252054 0.00551015 -0.00627136
8.41 0.0163774 -0.00528211 0.00935284
8.42 -0.00252945 0.00565278 -0.0164939
8.43 -0.0135596 -0.00229768 0.00532936
8.44 0.00731802 0.0108243 -0.0499218
8.45 -0.00271362 -0.0121867 0.0594546
8.46 0.00316051 0.00542227 -0.0297718
8.47 0.00943577 -0.00771403 0.0436023
8.48 -0.0196044 0.0111365 -0.064072
8.49 0.00847748 -0.00274787 0.0296512
8.5 -0.00937054 0.00854552 -0.0648208
8.51 -0.00600997 -0.00265449 0.0448573
8.52 0.013837 0.000163519 -0.0411221
8.53 -0.0153194 0.00314005 0.0323895
8.54 0.0114127 -0.00813596 -0.014032
8.55 -0.0025814 0.0125964 -0.00324672
8.56 0.00934589 -0.0310512 0.0898872
8.57 0.0229398 0.0144808 -0.0103269
8.58 -0.0188138 -0.0176096 0.0254012
8.59 0.0125253 0.0108708 0.00769333
8.6 0.0120343 -0.0127267 0.000528444
8.61 -0.0449754 0.0262476 -0.0676552
8.62 0.0322506 -0.0158936 0.0254716
8.63 -0.0189432 0.0168868 -0.0425593
8.64 -0.000229417 -0.0177279 0.0621032
8.65 0.0257666 0.00852538 -0.0344356
8.66 -0.023208 -0.00994742 0.0567415
8.67 0.00926823 0.00877981 -0.0654776
8.68 0.00742609 -0.00457088 0.0596311
8.69 -0.0111511 -0.00875041 -0.0105716
8.7 0.0184075 0.0132136 0.00425525
8.71 -0.0195288 -0.0136179 -0.0175294
8.72 0.00280801 0.0201698 0.000796926
8.73 0.0184182 -0.0282222 0.0257391
8.74 -0.0203064 0.0247776 -0.00163156
8.75 0.0268233 -0.0323697 0.0359798
8.76 -0.0188787 0.0354801 -0.05481
8.77 0.00448423 -0.0368313 0.0708353
8.78 0.0144925 0.0306197 -0.0545233
8.79 -0.0225165 -0.0222354 0.0294065
8.8 0.0137065 0.0140195 -0.00499686
8.81 0.0260589 -0.024748 0.0724263
8.82 -0.0261295 0.00770891 -0.00936858
8.83 0.0353269 -0.00874363 0.0362127
8.84 -0.0184188 -0.000408142 -0.0164959
8.85 -0.00644348 0.0108759 -0.00950166
8.86 0.00989256 -0.00614504 -0.0351605
8.87 -0.0205895 0.0137134 0.0173637
8.88 0.018624 -0.0190789 -0.00585262
8.89 -0.00203384 0.017928 0.0214811
8.9 -0.00668026 -0.0222273 -0.00803318
8.91 0.000820896 0.033515 -0.0415821
8.92 -0.00733749 -0.0285357 0.0159271
8.93 -0.00599337 0.0338477 -0.0425206
8.94 0.00888747 -0.0272344 0.0149211
8.95 -0.0214113 0.0286297 -0.0290868
8.96 0.0294699 -0.0308361 0.0511331
8.97 -0.0110042 0.0164784 0.0027933
8.98 0.0199208 -0.0273654 0.0669733
8.99 -0.00279117 0.0180137 -0.0415589
9 -0.00887643 -0.00978503 0.0219519
9.01 0.00414533 0.00846351 -0.0344321
9.02 -0.000978675 -0.000694625 0.0146198
9.03 -0.00462518 -0.00712351 0.00684206
9.04 0.0136875 0.00999984 -0.00579488
9.05 -0.0236363 -0.00470816 -0.034397
9.06 0.010094 0.00865319 0.0310899
9.07 0.0144709 -0.0163078 -0.00972236
9.08 -0.0393832 0.0286844 -0.0374334
9.09 0.0400537 -0.0332277 0.0526405
9.1 -0.0184941 0.030243 -0.0374
9.11 -0.0108073 -0.0214912 -0.00254347
9.12 0.00706809 0.0309135 -0.0453593
9.13 -0.00481612 -0.028143 0.0350438
9.14 -0.014456 0.0318155 -0.0568959
9.15 0.0228057 -0.0253787 0.0326592
9.16 -0.0257587 0.0182318 -0.007906
9.17 0.032655 -0.0212217 0.0349325
9.18 -0.0164048 0.0127151 -0.00978337
9.19 0.0010971 -0.00798709 0.00438731
9.2 0.00916433 0.00474027 -0.0060585
9.21 -0.00390121 -0.00948282 0.0456787
9.22 0.0119183 -0.000831452 -0.0127391
9.23 -0.00195538 -0.000827976 0.0370403
9.24 0.0219774 -0.0243195 0.0685352
9.25 0.00546924 0.0113906 0.00688286
9.26 0.0018536 -0.0225696 0.0343781
9.27 -0.00601274 0.0252133 -0.0356249
9.28 0.0126069 -0.0255461 0.0275075
9.29 -0.0231631 0.0275873 -0.0300084
9.3 0.0395191 -0.0378433 0.0759222
9.31 -0.0180747 0.0224728 -0.00325842
9.32 0.0227654 -0.030903 0.0483342
9.33 -0.0186859 0.0332952 -0.0678646
9.34 -0.000124583 -0.0222002 0.0255469
9.35 -0.000691219 0.0217839 -0.0359416
9.36 -0.00219347 -0.0121314 0.00257461
9.37 -0.0100169 0.0112014 -0.0115696
9.38 0.0280517 -0.0182421 0.0607564
9.39 -0.00591297 -0.000111989 0.00937665
9.4 -0.0117346 0.0115208 -0.0458151
9.41 0.0199616 -0.0177495 0.0596655
9.42 -0.0198228 0.0216503 -0.0657976
9.43 0.00411909 -0.0143346 0.0208934
9.44 -0.01025 0.0219935 -0.0495386
9.45 0.0138673 -0.0239233 0.0523595
9.46 -0.0152936 0.0211591 -0.0345356
9.47 0.0294284 -0.0279726 0.0649802
9.48 -0.0177677 0.0145855 -0.000745004
9.49 0.0328901 -0.0247655 0.0516882
9.5 -0.0336195 0.0277721 -0.0711428
9.51 0.0101767 -0.0146568 0.0158556
9.52 -0.00322838 0.0130745 -0.016561
9.53 -0.00222176 -0.00724777 -0.00390922
9.54 -0.00148683 0.00348177 0.0157798
9.55 0.00486861 0.00336562 -0.043758
9.56 -0.0140332 -0.00390473 0.0422531
9.57 0.0206924 -0.000492239 -0.016547
9.58 -0.00178178 -0.00729943 0.0482478
9.59 -0.0163819 0.0104654 -0.0578191
9.6 0.0239708 -0.00673702 0.035533
9.61 -0.029732 0.00633189 -0.0305887
9.62 0.0368314 -0.0137203 0.0647151
9.63 -0.0271061 0.0138809 -0.0660069
9.64 0.00454182 -0.00445902 0.0216471
9.65 -0.00410771 0.00708559 -0.0333849
9.66 0.00954838 -0.0067725 0.0287316
9.67 -0.0175059 0.00347127 -0.00793655
9.68 0.034578 -0.00811567 0.0246695
9.69 -0.0353876 0.00596956 -0.0096997
9.7 0.0199296 0.00200411 -0.032277
9.71 -0.0115807 -0.000111522 0.0268867
9.72 0.00316351 -0.00255518 -0.0181439
9.73 0.010317 -0.00119623 0.040814
9.74 -0.0100602 -0.00170998 -0.0323236
9.75 0.00955025 0.000880302 0.0420731
9.76 -0.0128218 0.00541392 -0.0779772
9.77 -0.00137871 0.00323642 0.0412759
9.78 -0.008314 0.00361863 -0.0771442
9.79 0.00402753 0.00599976 0.0315204
9.8 -0.0221676 -0.000908182 -0.0540904
9.81 0.0344943 -0.000739 0.0588336
9.82 -0.0289357 -0.00734574 -0.0162883
9.83 0.0270192 0.00805829 0.00805329
9.84 -0.0226505 -0.00785475 -0.00271679
9.85 0.0101295 0.0139392 -0.0348798
9.86 -0.0211675 -0.00158653 -0.0140586
9.87 0.00381429 0.0132502 -0.0538449
9.88 -0.011808 -0.00568025 0.0309498
9.89 0.0207987 -0.00413048 0.00258049
9.9 -0.00792043 0.000237089 0.0282876
9.91 -0.00504788 0.00188252 -0.0496029
9.92 0.0090793 0.00189331 0.0422122
9.93 -0.00880944 -0.0072102 -0.0266309
9.94 0.00683935 0.0134491 0.0047458
9.95 -0.0244912 -0.00270949 -0.0624534
9.96 0.0273488 3.83468e-05 0.0808378
9.97 -0.0115261 -0.00950267 -0.0403747
9.98 0.00381021 0.0146191 0.0184072
9.99 -0.00761154 -0.0159813 -0.0108192
10 0.0210603 0.0132311 0.0197132
