0.01 0.000635749 0.00337262 0.0152119
0.02 -0.000560335 -0.00667096 -0.0310601
0.03 -0.00237522 -0.000276322 0.00223554
0.04 0.00331771 0.00443162 0.0152341
0.05 -0.000107139 0.00131692 0.00962798
0.06 -0.00149772 0.00092219 0.00125544
0.07 0.00288777 -0.00149935 -0.00437497
0.08 -0.0022196 0.00679365 0.0280599
0.09 0.00293365 -0.00354712 -0.013911
0.1 -0.00107873 0.00803934 0.0342013
0.11 0.000647391 -0.00659528 -0.0289467
0.12 -0.00139916 -0.000528409 -0.00108079
0.13 -0.0014539 -0.00495136 -0.0246377
0.14 0.00166519 0.00080381 0.00818636
0.15 -0.00257249 -0.00143903 -0.0134873
0.16 0.00262482 0.0012475 0.0157381
0.17 -0.00232639 -0.0025223 -0.0251926
0.18 -0.000177215 -0.00463816 -0.00265365
0.19 0.00289019 0.0204869 0.0714496
0.2 0.00359774 -0.0101241 -0.0279277
0.21 -0.00812727 0.00557298 0.0110692
0.22 0.00597259 -0.0163213 -0.0608985
0.23 -0.00502521 0.0117042 0.0421399
0.24 0.00117538 -0.0101857 -0.0368651
0.25 0.00330124 0.00731006 0.0259132
0.26 -0.0068393 -0.00291601 -0.00936566
0.27 0.00928936 0.00130022 0.00679014
0.28 -0.00908596 0.00119946 -0.0021703
0.29 0.00713051 -0.00216903 0.00574243
0.3 -0.00356874 0.00574205 0.00194478
0.31 0.0009211 -0.00828138 -0.00633748
0.32 -0.000937368 0.00576634 -0.0096655
0.33 0.000542147 -0.00893537 -0.00118111
0.34 -0.000377632 0.0136577 0.0205384
0.35 0.00131804 -0.014305 -0.0234155
0.36 -0.0023023 0.0100582 0.00517904
0.37 -0.00155809 -0.0182178 -0.0420172
0.38 0.00240393 0.010094 0.00747922
0.39 -0.00741923 -0.0180972 -0.0457705
0.4 0.00842315 0.0164727 0.0443861
0.41 -0.00622073 -0.00957568 -0.0226851
0.42 0.00667032 0.0187372 0.0745908
0.43 -0.00144219 -0.00860375 -0.0431838
0.44 -0.00225978 -0.00142322 0.0118586
0.45 0.000271716 0.000829289 -0.0251907
0.46 0.00206266 -0.00692605 0.00691101
0.47 -0.00677969 0.00190051 -0.0376326
0.48 0.00573565 -0.00838692 0.0190065
0.49 -0.00311494 0.00767614 -0.0340694
0.5 -0.00526094 -0.0244281 -0.0285736
0.51 0.00689419 0.0216502 0.00846083
0.52 -0.0081374 -0.0305883 -0.0456133
0.53 0.00380403 0.0298169 0.0454284
0.54 0.000297701 -0.0350943 -0.0765836
0.55 -0.00605768 0.0277415 0.0542389
0.56 0.00639388 -0.0250922 -0.0526245
0.57 -0.000770396 0.0294927 0.0819792
0.58 -0.0032006 -0.0203308 -0.0528053
0.59 0.00958555 0.0255062 0.0906514
0.6 -0.00787109 -0.0120781 -0.0510338
0.61 0.0046108 0.00325684 0.0351993
0.62 -0.000393476 0.00816669 -0.00814928
0.63 -0.00078473 -0.0149464 -0.000817915
0.64 -0.00151623 0.0166729 -0.00913734
0.65 0.00287097 -0.0265733 -0.0202711
0.66 -0.00477525 0.0347083 0.0451369
0.67 0.00869377 -0.0281598 -0.00735117
0.68 -0.0046912 0.0407523 0.0557655
0.69 0.00340285 -0.0321074 -0.0122325
0.7 0.00334963 0.0398391 0.0442962
0.71 -0.0069639 -0.0397135 -0.0468129
0.72 0.0084659 0.0441083 0.076502
0.73 -0.00145447 -0.0244005 -0.00558443
0.74 0.00176871 0.0331375 0.0639
0.75 0.00164569 -0.0211108 -0.0321825
0.76 0.00134048 0.0270307 0.0812173
0.77 0.000163167 -0.00888072 -0.0246753
0.78 0.00319511 0.00382113 0.0259791
0.79 -0.00558808 0.00775838 0.00212468
0.8 0.00919788 -0.0106932 0.00787743
0.81 -0.00839036 0.0221532 0.0198339
0.82 0.00753176 -0.0242345 -0.00667302
0.83 -0.0041007 0.0291086 0.00747371
0.84 0.000681381 -0.0314617 -5.21385e-05
0.85 0.00301939 0.0396026 0.0230778
0.86 -0.00179849 -0.0375231 -0.00701751
0.87 0.00248587 0.0535921 0.0782981
0.88 0.00438704 -0.047605 -0.0590913
0.89 -0.0113648 0.0342533 0.0110868
0.9 0.00991258 -0.0325289 -0.0144371
0.91 -0.00239117 0.0351926 0.0371512
0.92 -0.00399753 -0.0272837 -0.0154806
0.93 0.0113932 0.0330287 0.0595234
0.94 -0.00889364 -0.0190585 -0.0231468
0.95 0.00312676 0.00486598 -0.0098583
0.96 -0.000202012 -0.000892022 -0.00272329
0.97 -0.00206801 -0.0116587 -0.0252896
0.98 -0.00291711 0.00894934 -0.0104315
0.99 0.00669979 -0.0174272 -0.00622878
1 -0.0100989 0.0264597 0.0274918
1.01 0.0138398 -0.0266291 -0.0111217
1.02 -0.01477 0.0229587 -0.0220213
1.03 0.00788941 -0.0366423 -0.0223779
1.04 -0.00401664 0.0367436 0.0104005
1.05 0.00213667 -0.0363171 -0.00189208
1.06 -0.00322592 0.0330414 -0.0132897
1.07 0.00306397 -0.0424749 -0.0335853
1.08 -0.0062398 0.0448295 0.0551374
1.09 0.0124971 -0.0312114 -0.00993011
1.1 -0.0118913 0.0267656 0.005545
1.11 0.0049487 -0.0268634 -0.0203565
1.12 0.00403861 0.0253832 0.0291909
1.13 -0.0107692 -0.0192902 -0.0210085
1.14 0.0132815 0.00844951 -0.00411095
1.15 -0.0161417 -0.0135126 -0.0450923
1.16 0.0128721 0.00808497 0.0514595
1.17 -0.00710905 0.00435725 -0.0276005
1.18 0.00337919 -0.0243395 -0.0339818
1.19 -0.0103049 0.0273218 0.0281312
1.2 0.019945 -0.0353207 -0.0513921
1.21 -0.0310857 0.0312234 0.0241113
1.22 0.0310504 -0.0462535 -0.0812186
1.23 -0.0292233 0.0364872 0.0273539
1.24 0.017076 -0.0391767 -0.0278904
1.25 -0.00289172 0.0383974 0.0154269
1.26 -0.0099663 -0.0446613 -0.0412779
1.27 0.0133775 0.0428821 0.0421843
1.28 -0.00834359 -0.0349082 -0.0255892
1.29 0.000680657 0.0234006 -0.0017106
1.3 0.00135236 -0.0175122 0.00495849
1.31 0.0036257 0.0112233 -0.01396
1.32 -0.0161608 -0.0140121 -0.0141962
1.33 0.0251233 0.000405719 -0.030105
1.34 -0.033824 -0.00189301 0.00459105
1.35 0.0339725 -0.000270436 0.0102048
1.36 -0.0243034 0.0127988 0.0162611
1.37 0.0130861 -0.0220997 -0.0286287
1.38 -0.00575105 0.0282344 0.0323844
1.39 0.0049427 -0.0318404 -0.0331583
1.4 -0.00942895 0.0342457 0.0364995
1.41 0.0153636 -0.0359098 -0.0417581
1.42 -0.0186028 0.0353141 0.03876
1.43 0.0154875 -0.0351614 -0.0370768
1.44 -0.00665229 0.0335652 0.0283111
1.45 -0.00540885 -0.0334246 -0.0276009
1.46 0.0143967 0.0270993 0.00415975
1.47 -0.0198853 -0.0260791 -0.0109397
1.48 0.019353 0.0258769 0.0288751
1.49 -0.0107686 -0.0095584 0.0193659
1.5 0.00662595 0.00746705 -0.00427464
1.51 -0.00536281 0.000363678 0.0177317
1.52 0.0113876 0.00206599 0.0103641
1.53 -0.0163346 0.0100204 0.0284901
1.54 0.0236283 -0.0115608 -0.0218127
1.55 -0.0260007 0.0200048 0.0452917
1.56 0.0244891 -0.0269832 -0.0618011
1.57 -0.0216832 0.0240198 0.0346501
1.58 0.0141386 -0.0311802 -0.0541089
1.59 -0.00820874 0.0353381 0.0648643
1.6 0.00727875 -0.0306874 -0.0429027
1.61 -0.00867201 0.0241841 0.0178401
1.62 0.00922139 -0.0187199 0.000163576
1.63 -0.00582419 0.0201519 0.0130559
1.64 0.00139266 -0.0171948 -0.00737038
1.65 0.00503945 0.0182967 0.0209016
1.66 -0.00928047 -0.0124418 -0.00569674
1.67 0.0129215 0.0085076 0.00102747
1.68 -0.0152998 -0.00380162 0.00564407
1.69 0.0158078 -0.00761733 -0.0421374
1.7 -0.0184793 0.0151574 0.0637252
1.71 0.0259424 -0.00547315 -0.0111969
1.72 -0.0266082 0.0164808 0.0508486
1.73 0.0280401 -0.0159845 -0.0401396
1.74 -0.0265164 0.0189026 0.0454784
1.75 0.0247174 -0.0154598 -0.0237803
1.76 -0.0187989 0.0251078 0.0621341
1.77 0.0168972 -0.0213998 -0.044906
1.78 -0.0160647 0.0144553 0.016294
1.79 0.0111121 -0.0213649 -0.0509238
1.8 -0.01076 0.00421203 -0.0201492
1.81 0.000577925 -0.0187319 -0.0490579
1.82 0.00278804 0.00340844 -0.013092
1.83 -0.0101767 -0.00248692 0.0111837
1.84 0.016258 -0.0027277 -0.0282176
1.85 -0.0234984 -0.003648 -0.00709718
1.86 0.0251889 0.000415944 0.00202898
1.87 -0.0234906 0.00716072 0.0211355
1.88 0.0230134 -0.00960268 -0.0228183
1.89 -0.0244511 0.00886299 0.0129243
1.9 0.0243588 -0.019914 -0.0584024
1.91 -0.0279943 0.0209099 0.0630209
1.92 0.0322753 -0.0146476 -0.0374141
1.93 -0.0306802 0.0151378 0.0409164
1.94 0.0237724 -0.017825 -0.0528094
1.95 -0.0155654 0.0129413 0.0309695
1.96 0.00439966 -0.0176082 -0.0530831
1.97 0.00255705 0.0151348 0.0475149
1.98 -0.00462745 -0.00567466 -0.0150282
1.99 0.00649991 0.00122461 0.00655712
2 -0.0110141 -0.00825277 -0.0494387
2.01 0.0092878 -0.0140878 -0.0388021
2.02 -0.0181493 0.00445646 -0.0114131
2.03 0.0249378 -0.00517849 0.0141819
2.04 -0.0277515 0.0151061 0.0239253
2.05 0.0293807 -0.0218599 -0.0487314
2.06 -0.0313989 0.0176078 0.0257721
2.07 0.0272571 -0.0278973 -0.0683244
2.08 -0.0261559 0.0190287 0.0279302
2.09 0.021212 -0.0192179 -0.0293679
2.1 -0.0150775 0.0222217 0.0456758
2.11 0.0110652 -0.0209403 -0.0466764
2.12 -0.00767866 0.024095 0.0715536
2.13 0.00914802 -0.0108657 -0.0269759
2.14 -0.00537225 0.0130278 0.0512753
2.15 0.00133997 -0.00794171 -0.0432211
2.16 0.00554124 0.00839612 0.059601
2.17 -0.0104278 0.000130206 -0.0365779
2.18 0.0136849 -0.0153747 -0.0167648
2.19 -0.0209 0.0138789 -0.0025457
2.2 0.0250966 -0.015978 0.00551043
2.21 -0.0249874 0.0226368 0.0116894
2.22 0.0227747 -0.0289532 -0.0287894
2.23 -0.02046 0.0343321 0.0453215
2.24 0.0205142 -0.0335815 -0.039648
2.25 -0.0215491 0.0304279 0.0278846
2.26 0.0197986 -0.0366954 -0.0617518
2.27 -0.0187607 0.038301 0.0791833
2.28 0.0187726 -0.0312859 -0.062107
2.29 -0.0162609 0.0240721 0.0460062
2.3 0.0088572 -0.0258202 -0.0707865
2.31 -0.00350485 0.0144638 0.0393015
2.32 -0.0043287 -0.01393 -0.0579125
2.33 0.00778495 0.00206073 0.028725
2.34 -0.011076 0.00419884 -0.0257977
2.35 0.0127997 -0.0129782 0.0116135
2.36 -0.013801 0.0258561 0.0229523
2.37 0.0174183 -0.0341653 -0.0417404
2.38 -0.023069 0.0384501 0.0478117
2.39 0.0286341 -0.0387402 -0.0401629
2.4 -0.0302344 0.0416286 0.046502
2.41 0.0290052 -0.0387287 -0.0290262
2.42 -0.0228462 0.0414179 0.038673
2.43 0.0171125 -0.0373411 -0.0224045
2.44 -0.0103533 0.0429831 0.055272
2.45 0.00865491 -0.0429033 -0.0708074
2.46 -0.0129188 0.0300588 0.0367995
2.47 0.0151556 -0.0209797 -0.0223351
2.48 -0.0128792 0.0123301 0.00885876
2.49 0.00407031 -0.0105925 -0.0239042
2.5 0.00745482 0.0127909 0.0563556
2.51 -0.0133533 -0.000177413 -0.025597
2.52 0.0159661 -0.0144673 -0.0123841
2.53 -0.0188126 0.0203654 0.011947
2.54 0.0220118 -0.0176088 0.025716
2.55 -0.0183687 0.0387583 0.0450794
2.56 0.0209798 -0.0412961 -0.0392707
2.57 -0.0256176 0.0423649 0.0335533
2.58 0.0295046 -0.0455149 -0.0424367
2.59 -0.0328335 0.0408436 0.0203551
2.6 0.0293842 -0.0478157 -0.0524805
2.61 -0.0253334 0.0447594 0.0435866
2.62 0.0187102 -0.0457216 -0.0570403
2.63 -0.0155496 0.0307593 0.0047352
2.64 0.00689884 -0.0385991 -0.0580574
2.65 -0.00472263 0.0261646 0.0267487
2.66 0.0022963 -0.0166566 -0.0118659
2.67 0.00201169 0.0105889 0.0133412
2.68 -0.00717549 -0.00157379 -0.00143758
2.69 0.0135267 -0.00896623 -0.0186757
2.7 -0.0236698 0.00429374 -0.0275625
2.71 0.0258967 -0.0232492 -0.0310244
2.72 -0.0309977 0.0214766 -0.00120306
2.73 0.0313241 -0.0280675 -0.00493627
2.74 -0.0302365 0.0318294 0.000823722
2.75 0.0268826 -0.0430855 -0.034299
2.76 -0.0272453 0.0444752 0.0305532
2.77 0.0295117 -0.040917 -0.0111264
2.78 -0.0280569 0.0485901 0.0464841
2.79 0.0275257 -0.0449948 -0.0364047
2.8 -0.0226818 0.0480109 0.0594645
2.81 0.0180727 -0.0388762 -0.0321362
2.82 -0.00989136 0.0331954 0.0228099
2.83 -0.00188243 -0.0385488 -0.0659949
2.84 0.00787875 0.0280379 0.0442973
2.85 -0.011345 -0.0150478 -0.0159919
2.86 0.0165588 0.0123865 0.0357139
2.87 -0.0186472 0.00303391 0.000605836
2.88 0.0228754 -0.015972 -0.0281295
2.89 -0.0291041 0.0290962 0.0607703
2.9 0.0388227 -0.02896 -0.0386905
2.91 -0.0430436 0.0379532 0.0590825
2.92 0.0435373 -0.0408987 -0.0538104
2.93 -0.0395821 0.0388129 0.0273147
2.94 0.0281668 -0.0517979 -0.0705193
2.95 -0.0220059 0.043627 0.0261863
2.96 0.015602 -0.0437924 -0.0261152
2.97 -0.0122981 0.041317 0.0217704
2.98 0.0100603 -0.0424269 -0.0401303
2.99 -0.0115824 0.0278573 -0.00638238
3 0.0060442 -0.0306721 -0.02581
3.01 0.000134123 0.0245548 0.0195127
3.02 -0.00752902 -0.0155327 -0.00140673
3.03 0.0161536 0.00970348 -0.00134203
3.04 -0.0226172 -0.0015123 0.012743
3.05 0.0256709 -0.00977963 -0.0363583
3.06 -0.0273214 0.0170638 0.0420866
3.07 0.0275534 -0.0232394 -0.0442991
3.08 -0.0265435 0.0319412 0.0608184
3.09 0.0283092 -0.0296838 -0.0330391
3.1 -0.0283805 0.0321626 0.0302166
3.11 0.0272459 -0.0362697 -0.0385865
3.12 -0.0262745 0.0370579 0.0366495
3.13 0.0235796 -0.043277 -0.0637073
3.14 -0.025239 0.0287226 0.0031806
3.15 0.0216214 -0.0248874 0.00773878
3.16 -0.0130241 0.0330074 0.0365038
3.17 0.00790563 -0.0298548 -0.0352815
3.18 -0.00557336 0.0221304 0.0186731
3.19 0.00419795 -0.0125872 0.002989
3.2 -0.000596184 0.00767082 -0.00342134
3.21 -0.00298979 0.00605079 0.0440925
3.22 0.0140478 0.00374156 0.0178537
3.23 -0.016063 0.0228551 0.0824664
3.24 0.0263256 -0.0152126 -0.0331929
3.25 -0.0309756 0.0206763 0.0429268
3.26 0.0320378 -0.0280733 -0.0620821
3.27 -0.0334129 0.0245435 0.0347704
3.28 0.0307381 -0.0315379 -0.0570294
3.29 -0.0282073 0.0414254 0.0975379
3.3 0.0327031 -0.0301195 -0.0506738
3.31 -0.0334572 0.032692 0.0698468
3.32 0.0341406 -0.0263264 -0.0520523
3.33 -0.032183 0.0127588 0.00246933
3.34 0.0218131 -0.012503 -0.010372
3.35 -0.00911262 0.0128517 0.0212708
3.36 0.00059544 -0.00204528 0.0146474
3.37 0.00568986 -0.00653512 -0.0381311
3.38 -0.0105524 0.00968562 0.0360424
3.39 0.0113705 -0.0228877 -0.0789179
3.4 -0.0177084 0.0135694 0.0243086
3.41 0.0189362 -0.0254701 -0.0664711
3.42 -0.024987 0.0208347 0.0390407
3.43 0.0271262 -0.0342269 -0.0955985
3.44 -0.0360088 0.0186794 0.0275493
3.45 0.0361486 -0.0265493 -0.0646426
3.46 -0.0341289 0.0320184 0.0929574
3.47 0.0337441 -0.0237199 -0.0631365
3.48 -0.0305396 0.0189332 0.0510567
3.49 0.0260725 -0.0119876 -0.0309435
3.5 -0.0200285 0.007002 0.0208209
3.51 0.0137342 -0.00339936 -0.0183713
3.52 -0.00943287 -0.00429427 -0.000672555
3.53 0.0061102 0.0131807 0.0246645
3.54 -0.00301738 -0.0250452 -0.0636808
3.55 -0.0050437 0.0201537 0.0314119
3.56 0.0092832 -0.0288144 -0.0615599
3.57 -0.0139248 0.0322621 0.071295
3.58 0.0190757 -0.0273806 -0.0466586
3.59 -0.0198776 0.0307573 0.0605713
3.6 0.0195129 -0.0331198 -0.072894
3.61 -0.0205332 0.0291342 0.0611144
3.62 0.0228704 -0.0186827 -0.0241667
3.63 -0.0203873 0.0261554 0.0696258
3.64 0.0225722 -0.0167195 -0.0437457
3.65 -0.0244304 0.00666051 0.0172397
3.66 0.023314 -0.00118611 -0.0111276
3.67 -0.0204147 -0.00474578 0.00225265
3.68 0.0162975 0.0098473 0.00367187
3.69 -0.0124319 -0.0150978 -0.0106933
3.7 0.0107583 0.0261957 0.0445097
3.71 -0.00748132 -0.029043 -0.0438401
3.72 0.00379104 0.0270741 0.0240813
3.73 -0.00309184 -0.0333948 -0.0434238
3.74 0.000781441 0.0333387 0.0380604
3.75 0.00155087 -0.0369158 -0.0534049
3.76 -0.00737237 0.0308187 0.0307484
3.77 0.0133393 -0.0229192 -0.00345846
3.78 -0.0132936 0.0362154 0.0730236
3.79 0.0214156 -0.0151591 0.00633313
3.8 -0.0232845 0.0104467 -0.0124302
3.81 0.0205182 -0.0173867 -0.0338421
3.82 -0.0210098 0.0146176 0.0401465
3.83 0.0245555 -0.00563001 -0.0222217
3.84 -0.0276465 -0.00188067 0.0121039
3.85 0.0277794 0.00493293 -0.0208823
3.86 -0.0268984 -0.015952 -0.00812231
3.87 0.0206139 0.0188854 0.00498371
3.88 -0.0122295 -0.0208446 -0.00059427
3.89 0.00510802 0.026483 0.0143338
3.9 0.00030537 -0.0330455 -0.0338432
3.91 -0.00503432 0.0362753 0.0410027
3.92 0.0094067 -0.035951 -0.0355146
3.93 -0.0133023 0.0333178 0.0231421
3.94 0.0146627 -0.0395912 -0.0543075
3.95 -0.0193102 0.0354664 0.0445748
3.96 0.0242102 -0.0308305 -0.0371469
3.97 -0.0286394 0.021486 0.011451
3.98 0.0295809 -0.0119484 0.0149118
3.99 -0.0257582 0.00519259 -0.0301686
4 0.0157985 -0.0169572 -0.0371427
4.01 -0.0145301 0.00172398 -0.011885
4.02 0.0122021 4.88321e-05 -0.00149145
4.03 -0.0120947 -0.00513161 0.00159842
4.04 0.0120872 0.0121805 0.0076439
4.05 -0.0105351 -0.0242919 -0.0428531
4.06 -0.000258938 0.011429 -0.0283068
4.07 0.00613878 -0.0192427 0.00590156
4.08 -0.0124054 0.0189306 -0.0187239
4.09 0.0127866 -0.0349002 -0.0419927
4.1 -0.017633 0.028863 0.0081015
4.11 0.0173214 -0.0398374 -0.0529722
4.12 -0.021756 0.0278761 -0.00022158
4.13 0.0198675 -0.0340731 -0.0296931
4.14 -0.0189596 0.0307147 0.0202515
4.15 0.0174177 -0.0253598 -0.00490904
4.16 -0.0124225 0.031825 0.045149
4.17 0.0131272 -0.0157302 0.0111771
4.18 -0.00964524 0.0124503 -0.00916712
4.19 0.00531129 -0.00822821 0.0106046
4.2 -0.00086731 0.00342812 -0.0137772
4.21 -0.00519175 -0.0104099 -0.0370795
4.22 0.00426498 -0.000392114 0.011851
4.23 -0.00339389 0.00600698 -0.0105534
4.24 0.00252514 -0.015094 -0.00774244
4.25 -0.00627012 0.0130172 -0.0204033
4.26 0.0075183 -0.0268921 -0.0254365
4.27 -0.0128351 0.0281777 0.0192665
4.28 0.0165746 -0.0322756 -0.0284744
4.29 -0.0186962 0.0315745 0.0181067
4.3 0.0157238 -0.0374291 -0.0382101
4.31 -0.0129009 0.032511 0.0129006
4.32 0.00577717 -0.0426113 -0.0581181
4.33 -0.00439583 0.0377299 0.0432635
4.34 0.00654962 -0.0262384 -0.00485925
4.35 -0.00687651 0.0213861 -0.00100221
4.36 0.00297734 -0.0310788 -0.0600997
4.37 -0.00462293 0.018602 0.026036
4.38 0.00545634 -0.00300503 0.0211332
4.39 0.000794226 0.00589 0.0124224
4.4 -0.00499881 0.00180521 0.00105716
4.41 0.0069952 -0.0154952 -0.0411333
4.42 -0.0106399 0.0178035 0.0315801
4.43 0.0129858 -0.0152296 -0.000558287
4.44 -0.00886663 0.0276892 0.0364622
4.45 0.00702858 -0.0282264 -0.0221751
4.46 -0.0061854 0.0278245 0.0077953
4.47 0.00686453 -0.025651 0.0101977
4.48 -0.00521189 0.0393084 0.0469056
4.49 0.0101316 -0.0349644 -0.0302367
4.5 -0.0131062 0.0409791 0.0645675
4.51 0.0176362 -0.0353241 -0.0508452
4.52 -0.0189204 0.0275694 0.0291177
4.53 0.0146994 -0.0221282 -0.0172237
4.54 -0.00600839 0.021777 0.0282368
4.55 -0.00128017 -0.0174096 -0.0242642
4.56 0.00413035 0.00690244 -0.00283753
4.57 -0.00601696 -0.00650342 -0.0185417
4.58 0.00143563 -0.0113374 -0.0356197
4.59 -0.000976614 0.0176291 0.0408599
4.6 0.00363008 -0.0244188 -0.0531755
4.61 -0.010349 0.0259142 0.0471894
4.62 0.017832 -0.0245476 -0.0318422
4.63 -0.0215401 0.0261303 0.0305257
4.64 0.0216517 -0.0236167 -0.0108115
4.65 -0.0160223 0.0286515 0.0249351
4.66 0.0102453 -0.0312357 -0.0313328
4.67 -0.00554531 0.041251 0.0772315
4.68 0.0104127 -0.0303464 -0.0384234
4.69 -0.0172707 0.0151329 -0.015139
4.7 0.0163051 -0.0181528 -0.0120255
4.71 -0.0109222 0.0245204 0.0537202
4.72 0.00837239 -0.010323 -0.00492906
4.73 -0.00181773 0.00491442 -0.00491618
4.74 -0.0048349 0.00171448 0.0200315
4.75 0.0110066 -0.00356719 -0.0129239
4.76 -0.0128371 0.0104322 0.0264317
4.77 0.0114757 -0.0204267 -0.0536054
4.78 -0.0135131 0.0118678 -0.000147283
4.79 0.0114491 -0.0160192 -0.0037929
4.8 -0.00845848 0.0273412 0.0427377
4.81 0.0113877 -0.025382 -0.0281875
4.82 -0.0145257 0.0305224 0.0502726
4.83 0.0187936 -0.0323822 -0.0620481
4.84 -0.022688 0.0271391 0.0447261
4.85 0.0216044 -0.0239032 -0.0364427
4.86 -0.0159635 0.0199128 0.0242543
4.87 0.00689072 -0.0194944 -0.0286386
4.88 -0.000251693 0.0123208 0.00596642
4.89 -0.00468857 -0.0112507 -0.0145553
4.9 0.00445431 0.00630999 0.0105156
4.91 -0.00232524 -0.00668299 -0.0333837
4.92 -0.00279148 -0.00253796 0.0146232
4.93 0.00422684 0.00868623 -0.00680721
4.94 -0.00271376 -0.0247884 -0.0509087
4.95 -0.00858716 0.0214347 0.0289354
4.96 0.0179775 -0.0281666 -0.0552361
4.97 -0.0243871 0.0316213 0.0676962
4.98 0.0258241 -0.0283634 -0.0491796
4.99 -0.0196159 0.0277257 0.040631
5 0.00822814 -0.0337804 -0.0628629
5.01 -0.000320872 0.0342081 0.065977
5.02 -0.000136335 -0.0268019 -0.042739
5.03 -0.00221159 0.0302907 0.0757811
5.04 0.0127882 -0.0101822 -0.00918558
5.05 -0.016414 0.00466438 0.00637897
5.06 0.0131068 -0.00254386 -0.0147111
5.07 -0.00587074 -0.00333523 0.00293021
5.08 -0.0027211 0.0101843 0.0147626
5.09 0.00957788 -0.0151189 -0.0234063
5.1 -0.0113574 0.0205119 0.0320663
5.11 0.00863805 -0.0222924 -0.0229086
5.12 -0.00275866 0.022099 0.004801
5.13 -0.00605205 -0.0349051 -0.0476209
5.14 0.00867065 0.0442122 0.0832738
5.15 0.000784571 -0.0303894 -0.0259984
5.16 -0.0100206 0.0246923 0.0099856
5.17 0.0141961 -0.0284612 -0.0371696
5.18 -0.0143862 0.0317789 0.0627742
5.19 0.0132383 -0.0264159 -0.050945
5.2 -0.00936649 0.0237242 0.0527682
5.21 0.00696131 -0.0147949 -0.029727
5.22 -0.00553844 0.00686806 0.01405
5.23 0.00499482 -0.00317861 -0.0197962
5.24 -0.00732057 -0.00458846 0.00939267
5.25 0.0103036 0.0136893 0.00706246
5.26 -0.0114661 -0.0226999 -0.0259604
5.27 0.00870757 0.0277183 0.0318484
5.28 -0.00148092 -0.0210238 0.0102119
5.29 0.00165685 0.0434843 0.0800213
5.3 0.0049593 -0.0378681 -0.0500375
5.31 -0.00782781 0.0406767 0.0607528
5.32 0.00906244 -0.0400282 -0.0589455
5.33 -0.0095807 0.0323129 0.0284558
5.34 0.00604978 -0.0345742 -0.0451293
5.35 -0.00470663 0.0306141 0.0387786
5.36 0.00512651 -0.028413 -0.0457444
5.37 -0.0106647 0.0123002 -0.00455165
5.38 0.0112157 -0.0153545 -0.0320824
5.39 -0.0143582 0.00307152 0.00141918
5.4 0.014627 0.00870111 0.0285708
5.41 -0.00839086 -0.00498637 0.00765275
5.42 0.0049938 0.0138456 0.0127598
5.43 -0.00335088 -0.0263678 -0.0503451
5.44 0.0013512 0.0350417 0.0733059
5.45 0.00173325 -0.0366344 -0.06817
5.46 -0.00504361 0.0299784 0.0289878
5.47 0.00309169 -0.0342006 -0.0397386
5.48 0.000638969 0.042987 0.0743578
5.49 0.00247113 -0.0292071 -0.0143067
5.5 -0.00300536 0.0287336 0.0175165
5.51 0.00545699 -0.0212793 0.00688938
5.52 -0.00467239 0.0273406 0.0316228
5.53 0.00785112 -0.0194863 -0.0117792
5.54 -0.010034 0.0139786 0.00442804
5.55 0.010602 -0.00922387 -0.0010653
5.56 -0.0100215 0.00198315 -0.0135667
5.57 0.00856678 0.00918864 0.0468544
5.58 -0.00285978 -0.00693596 -0.0219552
5.59 -0.000274534 0.00897545 0.0156844
5.6 0.000785486 -0.00915344 0.000362584
5.61 0.00338947 0.018534 0.023747
5.62 -0.005693 -0.0213982 -0.0211082
5.63 0.00564087 0.0244867 0.0237732
5.64 -0.00390821 -0.0353427 -0.0667337
5.65 -0.00309868 0.0392755 0.0857523
5.66 0.0141497 -0.0281277 -0.042318
5.67 -0.0185712 0.0248455 0.0335721
5.68 0.0155622 -0.0245457 -0.0358635
5.69 -0.00891235 0.0186665 0.0122593
5.7 1.41179e-05 -0.016372 -0.00576101
5.71 0.00578197 0.0133333 0.000113579
5.72 -0.00621827 -0.0113696 -0.00516882
5.73 0.00139436 0.0104985 0.0207114
5.74 0.00864028 0.00319671 0.0181845
5.75 -0.0149326 -0.017865 -0.0650075
5.76 0.00910803 0.0131257 0.0330829
5.77 0.000389793 -0.013068 -0.0272963
5.78 -0.00831465 0.0205814 0.0570857
5.79 0.0146983 -0.0199728 -0.0503718
5.8 -0.0146061 0.0208906 0.0481079
5.81 0.00831965 -0.0245156 -0.0561259
5.82 -0.00116562 0.0228477 0.0417377
5.83 -0.0038151 -0.0179114 -0.0164564
5.84 0.00551998 0.0140355 0.000659619
5.85 -0.00497726 -0.0189253 -0.0289697
5.86 -0.0025015 0.0093965 -0.00227826
5.87 0.00512186 -0.0219511 -0.0664823
5.88 -0.0137607 0.00130275 -0.0120593
5.89 0.0117108 -0.000234467 0.00782686
5.9 -0.00504623 -0.00507916 -0.0269961
5.91 -0.00622054 -0.0011901 -0.00346879
5.92 0.0111046 -0.00457315 -0.0170401
5.93 -0.0106281 0.00903516 0.0280261
5.94 0.00576082 -0.0119558 -0.0296292
5.95 0.000780906 0.0145289 0.0298279
5.96 -0.00328118 -0.00592637 0.0170879
5.97 0.008077 0.021367 0.0468264
5.98 -0.00285831 -0.019079 -0.0386477
5.99 -0.0061986 0.0153154 0.0288244
6 0.0136911 -0.013383 -0.0281105
6.01 -0.0149882 0.01879 0.0583536
6.02 0.0127187 -0.0196474 -0.0669303
6.03 -0.00888503 0.0127552 0.040531
6.04 0.00278529 -0.00810863 -0.0242402
6.05 0.00231097 0.00183418 0.0019999
6.06 -0.0059848 -0.000411771 -0.00352518
6.07 0.00645458 0.00180716 0.0205818
6.08 -0.00236513 0.00145712 -0.0195783
6.09 -0.0016859 -0.000659949 0.0371207
6.1 0.00737065 0.0170525 0.0243253
6.11 -0.00369948 -0.0195238 -0.030521
6.12 -0.00635553 0.0152243 0.0126284
6.13 0.0138858 -0.0230963 -0.0513895
6.14 -0.0197528 0.0256065 0.0668846
6.15 0.0218942 -0.020633 -0.0478762
6.16 -0.0164786 0.0208397 0.0496844
6.17 0.00699451 -0.0232727 -0.0612985
6.18 5.8943e-05 0.0192717 0.0476933
6.19 -0.00536901 -0.0260962 -0.0881207
6.2 -0.000922339 0.00650954 0.0176933
6.21 0.0044664 -0.00312435 -0.0211049
6.22 -0.00545768 0.00205927 0.0335877
6.23 0.00478669 0.00686321 -0.00829866
6.24 0.00113243 -0.0102489 0.00366024
6.25 -0.00903123 0.0125822 -0.000941405
6.26 0.0145089 -0.018968 -0.0205141
6.27 -0.0184195 0.0156828 -0.00172329
6.28 0.012952 -0.0325681 -0.0647722
6.29 -0.0115259 0.0244253 0.022111
6.3 0.00500536 -0.0363377 -0.0719126
6.31 -0.00449723 0.0333186 0.0614394
6.32 0.00874546 -0.0178578 -0.000770925
6.33 -0.00678665 0.0250581 0.0428814
6.34 0.00728036 -0.0181799 -0.0244335
6.35 -0.00395443 0.0225598 0.0575546
6.36 0.00242531 -0.0191431 -0.0584547
6.37 -0.00440395 -0.00106964 -0.0139648
6.38 -0.000340715 0.00219351 0.00311919
6.39 0.00586028 -0.00208938 0.0124561
6.4 -0.00882737 0.00358171 -0.0221894
6.41 0.00663992 -0.0137406 -0.00502924
6.42 -0.00356198 0.0220397 0.0247761
6.43 0.00169298 -0.0292971 -0.0434447
6.44 -0.0043116 0.0258466 0.0194044
6.45 0.00723385 -0.0231038 -0.00204918
6.46 -0.00654556 0.0323494 0.0405483
6.47 0.0086804 -0.0275456 -0.0198422
6.48 -0.00705213 0.0347926 0.0556487
6.49 0.00953609 -0.0226419 -0.00859473
6.5 -0.00677203 0.0272961 0.0383723
6.51 0.0084459 -0.0104464 0.0251911
6.52 -0.00315736 0.0191073 0.0257871
6.53 0.00377172 -0.0079237 0.00865314
6.54 -0.00322959 0.00635663 0.00168472
6.55 0.00611797 0.00735176 0.0410546
6.56 -0.00334565 -0.000237396 0.00783816
6.57 0.00461489 0.0104548 0.0207509
6.58 -0.00201906 -0.0071657 0.00925768
6.59 0.00145182 0.0134474 0.00453103
6.6 0.000355135 -0.017528 -0.0106996
6.61 -0.00417009 0.0162601 -0.00431388
6.62 0.00804169 -0.0133556 0.0248939
6.63 -0.0074721 0.026282 0.0264998
6.64 0.0110349 -0.0252288 -0.0194277
6.65 -0.0157375 0.0201548 -0.00227098
6.66 0.0181272 -0.0188321 0.00567932
6.67 -0.0183649 0.0181172 -0.0054009
6.68 0.0160757 -0.0223012 -0.0181931
6.69 -0.0148471 0.022588 0.0274647
6.7 0.0152927 -0.0180841 -0.0187078
6.71 -0.0148514 0.0156367 0.0212112
6.72 0.0146053 -0.00507716 0.0118561
6.73 -0.00901821 0.00416984 -0.00345785
6.74 0.00201822 -0.000233138 0.009696
6.75 0.00619006 0.000125 0.000935899
6.76 -0.011786 0.0035141 0.00294104
6.77 0.0149174 -0.00686369 -0.00420674
6.78 -0.0172748 0.00352195 -0.0251643
6.79 0.0144299 -0.0164453 -0.0179022
6.8 -0.0154472 0.019801 0.0218797
6.81 0.0177803 -0.029154 -0.0576145
6.82 -0.0259975 0.0209225 0.0200236
6.83 0.0305955 -0.0169104 -0.00212916
6.84 -0.0298378 0.0100837 -0.0306247
6.85 0.0185542 -0.0222375 -0.0183613
6.86 -0.00909344 0.0202057 0.00576614
6.87 0.0015654 -0.0178698 0.00415288
6.88 0.00377491 0.0226521 0.0229913
6.89 -0.00306501 -0.0205689 -0.025618
6.9 -0.000732805 0.0127682 0.00637591
6.91 0.00157414 -0.00671479 0.005719
6.92 0.00436132 0.00937038 0.0180143
6.93 -0.010772 0.00107669 0.0187807
6.94 0.0203195 -0.00512358 -0.0287756
6.95 -0.0294402 0.00116107 0.00217733
6.96 0.0305042 -0.00454535 -0.00405718
6.97 -0.0249814 0.00762023 0.000372635
6.98 0.0155246 -0.011034 0.00346862
6.99 -0.00528984 0.0210978 0.0247277
7 0.00262018 -0.0204031 -0.0115629
7.01 -0.00419642 0.0242795 0.0256027
7.02 0.0100469 -0.022318 -0.0188473
7.03 -0.0134838 0.024747 0.0333995
7.04 0.0122421 -0.0290159 -0.0559024
7.05 -0.00951839 0.0176294 0.00782904
7.06 -0.000988624 -0.0183676 -0.0120967
7.07 0.0133593 0.024671 0.0428952
7.08 -0.0168904 -0.0120749 0.00465286
7.09 0.0162163 0.00218688 -0.0352283
7.1 -0.014216 -0.00109154 0.0238876
7.11 0.0109384 0.0033881 0.00413885
7.12 -0.00430355 0.00819549 0.0296492
7.13 0.00182028 -0.0164959 -0.0526357
7.14 -0.00513633 0.0196821 0.0585003
7.15 0.012545 -0.0147763 -0.0323646
7.16 -0.0172899 0.0105587 0.00920237
7.17 0.0140948 -0.0173273 -0.032368
7.18 -0.00874624 0.0153771 0.0154737
7.19 0.000903437 -0.017031 -0.0152968
7.2 0.004017 0.0138036 -0.00326659
7.21 -0.00641754 -0.0170059 -0.0116988
7.22 0.00171254 0.00948332 -0.0156947
7.23 0.00214223 -0.0150491 -0.0182875
7.24 -0.00872629 0.00847454 -0.000262256
7.25 0.0112478 -0.00404816 0.010959
7.26 -0.0075151 0.00527954 0.000340253
7.27 0.00263562 0.00347154 0.0350454
7.28 0.006327 0.000198972 -0.016219
7.29 -0.0111228 0.00238108 0.0232076
7.3 0.011076 -0.00719641 -0.0371867
7.31 -0.00821109 0.0103344 0.042127
7.32 0.00559603 -0.00860947 -0.0259558
7.33 -0.00346716 0.00999091 0.0257456
7.34 0.00507206 -0.00709065 -0.00983746
7.35 -0.00802565 0.00903786 0.018544
7.36 0.0125756 -0.0103722 -0.0269429
7.37 -0.0175634 0.0073888 0.017066
7.38 0.0199941 -0.00159371 0.00677193
7.39 -0.0165841 0.000635966 -0.012207
7.4 0.00944592 -0.00110868 0.0135487
7.41 -0.00109264 0.00605021 0.00533556
7.42 -0.00233766 -0.00304632 0.00802306
7.43 0.00287303 0.00276398 -0.00601101
7.44 0.00061037 0.00710084 0.0451163
7.45 0.000586542 -0.00369181 -0.026971
7.46 -0.00371207 0.00281098 0.0225606
7.47 0.00934095 0.000132562 -0.0109442
7.48 -0.0152839 -0.00370786 -0.00320993
7.49 0.0172796 -0.00290233 -0.0268002
7.5 -0.0209341 -0.00606231 -0.0137042
7.51 0.0184008 0.00157763 -0.00316958
7.52 -0.0144576 0.00288691 0.0190788
7.53 0.0130374 0.00158942 0.00394597
7.54 -0.00956633 0.00657713 0.0304174
7.55 0.0102804 -0.00366101 -0.0175737
7.56 -0.0109449 0.000475461 0.00408801
7.57 0.00884112 0.000248124 -0.000127935
7.58 -0.00375193 -0.000686981 -0.0047526
7.59 -0.00338436 0.00159451 0.0134704
7.6 0.0126564 0.00678275 0.0191214
7.61 -0.0160609 -0.00285611 0.00030795
7.62 0.0163837 -0.00125645 -0.018147
7.63 -0.0154938 0.0038329 0.0283701
7.64 0.0152857 -0.00295771 -0.023854
7.65 -0.015141 0.00374563 0.0278206
7.66 0.01607 -0.00147978 -0.019201
7.67 -0.0167579 -0.00324897 -0.000584646
7.68 0.0133748 -0.00123715 -0.0192584
7.69 -0.0118899 -0.0100348 -0.032359
7.7 0.00440261 0.00523915 0.0149091
7.71 0.00480643 0.00961694 0.0476081
7.72 -0.00374134 0.00401464 0.0132283
7.73 0.00439877 -0.00360749 -0.0106443
7.74 -0.00521064 0.00159327 0.00118595
7.75 0.0061256 -0.000975406 0.00140377
7.76 -0.00683768 0.00549405 0.0200366
7.77 0.0101204 -0.00460868 -0.0191903
7.78 -0.012669 0.00781019 0.0375548
7.79 0.0176529 0.00611936 0.020788
7.8 -0.0146174 -0.00453153 -0.0137289
7.81 0.00698099 -0.00357646 -0.0198073
7.82 -0.00183558 0.00335949 0.0171835
7.83 -6.90125e-05 8.49319e-05 -0.00257936
7.84 0.000613445 0.00185713 0.0141801
7.85 0.00295086 0.00667755 0.0194954
7.86 -0.00219632 0.000460555 0.0156554
7.87 0.00448022 0.0112104 0.0342532
7.88 -0.000141524 -0.00621123 -0.0130771
7.89 -0.00511347 -3.05749e-05 -0.0125075
7.9 0.0051616 -0.00829791 -0.0256481
7.91 -0.00627701 0.00408892 0.00730889
7.92 0.00417333 -0.00387546 -0.00551909
7.93 0.000238263 0.00862704 0.0255097
7.94 -0.002617 -0.00964588 -0.0307496
7.95 0.000709484 0.000814437 -0.00541632
7.96 -0.000420724 -0.00245396 -0.00593048
7.97 -0.000792865 0.00261125 0.0114123
7.98 0.00233606 -0.00237376 -0.0156575
7.99 -0.0046019 -0.00268657 -0.00165254
8 0.00448151 0.00257368 -0.00300642
8.01 -0.00430996 -0.00560464 -0.00718723
8.02 0.00506006 0.0149852 0.0467623
8.03 -0.00204994 -0.00991078 -0.0236082
8.04 0.00321467 0.017164 0.0555187
8.05 -0.0035721 -0.0157206 -0.0494061
8.06 0.00424812 0.00888612 0.0195149
8.07 -0.00723398 -0.00392826 0.00272736
8.08 0.0125047 0.00663423 0.00908021
8.09 -0.0144763 -0.00524964 -0.00494127
8.1 0.0112225 -0.0034225 -0.0287058
8.11 -0.00822917 -0.000304749 0.0054783
8.12 0.00116993 -0.00512642 -0.0217712
8.13 0.00456699 0.00593938 0.0182519
8.14 -0.00895883 -0.00839613 -0.024053
8.15 0.0101568 0.00643329 0.0125846
8.16 -0.0112575 -0.00917634 -0.0235764
8.17 0.0112566 0.00820101 0.0188703
8.18 -0.0131397 -0.0122244 -0.0365269
8.19 0.0136183 0.00710441 0.0137171
8.2 -0.0159658 -0.00580933 -0.00756649
8.21 0.0175895 0.000794172 -0.0151723
8.22 -0.0194316 -0.00106095 0.0139242
8.23 0.0188995 0.00331558 -0.00189362
8.24 -0.0141162 -0.00436128 -0.00784176
8.25 0.00517257 0.000764633 -0.000573299
8.26 0.00281808 -0.00331215 -0.0187636
8.27 -0.0116907 -0.00633312 -0.0176356
8.28 0.012188 -0.00217622 -0.0232227
8.29 -0.0146065 -0.0104886 -0.032531
8.3 0.0112692 0.00984572 0.0318949
8.31 -0.00778974 -0.00832086 -0.0281003
8.32 0.00585812 0.000431063 -0.00593917
8.33 -0.0107184 -0.00266989 -0.00148043
8.34 0.0190786 0.0137262 0.0471435
8.35 -0.0198347 -0.00615567 -0.0132479
8.36 0.018418 0.00872195 0.0284653
8.37 -0.0106691 -0.002911 -0.0102531
8.38 0.00294784 0.00434503 0.025721
8.39 0.00490751 -0.000559119 -0.0172648
8.4 -0.00890593 -0.00258036 0.00868621
8.41 0.00788639 0.00315002 -0.00774869
8.42 -0.00422534 -0.00407437 0.00269551
8.43 -0.000101649 0.00134907 -0.0136425
8.44 -0.000903611 -0.0104642 -0.0264921
8.45 0.00229561 0.0127225 0.0356342
8.46 -0.00302425 -0.00709932 -0.0100005
8.47 0.00629642 0.0103398 0.0243204
8.48 -0.0080292 -0.0144844 -0.0451556
8.49 0.00398108 0.00675061 0.0167721
8.5 -0.00138374 -0.012724 -0.0516861
8.51 -0.00470404 0.00716547 0.037056
8.52 0.00827575 -0.00508542 -0.0373694
8.53 -0.00872775 0.0024849 0.0333356
8.54 0.00616608 0.00151697 -0.0206235
8.55 -0.00127565 -0.00489161 0.00871402
8.56 -0.00116424 0.0220838 0.0663609
8.57 0.0111847 -0.0052505 0.00821879
8.58 -0.0118101 0.00839689 0.00356826
8.59 0.00960517 -0.00257262 0.0274137
8.6 -0.00241907 0.00566651 -0.0202964
8.61 -0.00535102 -0.0202488 -0.0407554
8.62 0.0009256 0.0111159 0.00355962
8.63 0.00600511 -0.0129004 -0.0205715
8.64 -0.0147198 0.01463 0.0404619
8.65 0.0230212 -0.00699351 -0.0183697
8.66 -0.0221109 0.0105454 0.0421752
8.67 0.0154482 -0.0122406 -0.0543021
8.68 -0.00630957 0.0112673 0.053629
8.69 -0.000440413 -0.00123857 -0.0139691
8.7 0.00695559 -0.000566858 0.0127574
8.71 -0.010401 -0.00087963 -0.0288288
8.72 0.00839525 -0.00450784 0.0171935
8.73 -0.00490514 0.0119991 0.00396136
8.74 0.00610349 -0.00863069 0.0199882
8.75 -0.00764643 0.0164247 0.00967426
8.76 0.013283 -0.0201821 -0.0261385
8.77 -0.0203702 0.0227477 0.041023
8.78 0.0267847 -0.0186947 -0.0277011
8.79 -0.0277178 0.0135129 0.00743998
8.8 0.0215054 -0.00943969 0.0113045
8.81 -0.00700518 0.0244354 0.0536722
8.82 0.00120595 -0.0120328 -0.0010299
8.83 0.00432592 0.0167743 0.0298231
8.84 -0.00216388 -0.0107397 -0.0164373
8.85 -0.00277033 0.00273688 -0.00282322
8.86 0.00289043 -0.00917872 -0.0415572
8.87 -0.00314974 0.00319411 0.0291326
8.88 -0.000836927 0.000968352 -0.021971
8.89 0.00878718 0.000774796 0.0387863
8.9 -0.014623 0.00358744 -0.028587
8.91 0.0160284 -0.0157217 -0.0151881
8.92 -0.0181741 0.0128171 -0.0081605
8.93 0.0145787 -0.0208259 -0.0166873
8.94 -0.0120438 0.0177032 -0.00662746
8.95 0.00736981 -0.0226999 -0.00853959
8.96 -0.00446136 0.0284214 0.0314042
8.97 0.00801641 -0.0176329 0.0140111
8.98 -0.00659134 0.0313135 0.052765
8.99 0.0106264 -0.0248103 -0.0337098
9 -0.0127165 0.0191651 0.0200612
9.01 0.00993028 -0.0200898 -0.0354511
9.02 -0.00621421 0.0143594 0.0214924
9.03 0.00146953 -0.00806521 -0.00569756
9.04 0.00356776 0.00590131 0.00971688
9.05 -0.00722278 -0.0108451 -0.0484754
9.06 0.0040547 0.00579673 0.0472035
9.07 0.00228648 0.00353846 -0.028939
9.08 -0.00743395 -0.0176806 -0.0132719
9.09 0.00473548 0.023937 0.0272051
9.1 0.00503067 -0.0225888 -0.0142428
9.11 -0.0165867 0.015681 -0.0203963
9.12 0.0194211 -0.0270095 -0.0250991
9.13 -0.019941 0.0268046 0.0186022
9.14 0.0150488 -0.0331411 -0.0417487
9.15 -0.0117564 0.0294376 0.0235725
9.16 0.00998195 -0.0246256 -0.00506085
9.17 -0.0084756 0.0291551 0.0333204
9.18 0.0127656 -0.0217563 -0.0142115
9.19 -0.0168765 0.0175923 0.0127101
9.2 0.0186413 -0.0146512 -0.0172934
9.21 -0.0154115 0.0194447 0.0558682
9.22 0.013166 -0.00937413 -0.0284407
9.23 -0.00596132 0.0109195 0.0523233
9.24 0.00384165 0.0140133 0.0418511
9.25 0.00837129 -0.00184337 0.0269492
9.26 -0.0126068 0.0137786 0.0105576
9.27 0.0159933 -0.0178347 -0.0126732
9.28 -0.0175455 0.020021 0.0070777
9.29 0.0173953 -0.0241115 -0.0117352
9.3 -0.0161017 0.0362438 0.0561999
9.31 0.0227883 -0.0230808 0.00615394
9.32 -0.0237057 0.0331677 0.0382838
9.33 0.0255492 -0.0372411 -0.0598546
9.34 -0.0288988 0.0280495 0.0256469
9.35 0.0259285 -0.0293868 -0.039141
9.36 -0.0213094 0.0216575 0.0129151
9.37 0.011976 -0.0222875 -0.0246633
9.38 -0.00152817 0.030206 0.0722579
9.39 0.000491334 -0.0124548 -0.0113
9.4 0.000866635 0.000868147 -0.0199541
9.41 -0.00455595 0.00609616 0.0316402
9.42 0.0105567 -0.0111538 -0.0372483
9.43 -0.0194625 0.00565153 -0.00240285
9.44 0.02252 -0.0153849 -0.025329
9.45 -0.0243547 0.0199833 0.0305139
9.46 0.0249833 -0.0203148 -0.0177239
9.47 -0.021807 0.030163 0.0491299
9.48 0.0230653 -0.0200835 0.00474797
9.49 -0.0183009 0.0328375 0.0456901
9.5 0.0165882 -0.0380352 -0.0676534
9.51 -0.0197861 0.0268332 0.0218914
9.52 0.0185158 -0.0264835 -0.0264933
9.53 -0.0152026 0.0215642 0.0115243
9.54 0.00847692 -0.0182031 -0.00376013
9.55 -0.00105884 0.011209 -0.0193199
9.56 -0.00711206 -0.00961346 0.0166399
9.57 0.0129975 0.0119109 0.00694627
9.58 -0.0114192 -0.00133539 0.0223592
9.59 0.00870159 -0.00529396 -0.0325496
9.6 -0.0080968 0.00535099 0.0146846
9.61 0.00850888 -0.00854371 -0.0130798
9.62 -0.00968079 0.0190145 0.0472455
9.63 0.0151952 -0.0218997 -0.0520638
9.64 -0.0229364 0.0149834 0.0158514
9.65 0.0242119 -0.0196445 -0.0305151
9.66 -0.0219284 0.0211486 0.0303575
9.67 0.0173826 -0.0192591 -0.0154173
9.68 -0.0105017 0.0244261 0.0340268
9.69 0.00781509 -0.0219369 -0.0233977
9.7 -0.00957501 0.0127153 -0.012358
9.71 0.0102922 -0.0123565 0.00604567
9.72 -0.010703 0.0121866 0.00254246
9.73 0.0111382 -0.00541731 0.017987
9.74 -0.00731187 0.00511718 -0.0109956
9.75 0.00219775 -0.00120781 0.021121
9.76 0.00288285 -0.00794721 -0.055506
9.77 -0.0114019 0.00232667 0.0248023
9.78 0.0140145 -0.011829 -0.0602444
9.79 -0.018028 0.00500395 0.0223809
9.8 0.0161985 -0.0122887 -0.046425
9.81 -0.0152088 0.0155991 0.0544041
9.82 0.0181668 -0.00856992 -0.0194954
9.83 -0.0204622 0.00796951 0.0153296
9.84 0.0228815 -0.00753291 -0.0133809
9.85 -0.0259167 0.000334013 -0.0182362
9.86 0.0227712 -0.0107585 -0.0278675
9.87 -0.0239934 -0.00276109 -0.0322883
9.88 0.0185537 -0.00232589 0.0109618
9.89 -0.0121362 0.00934297 0.0193413
9.9 0.0101311 -0.00265724 0.00920743
9.91 -0.00780311 -0.0023592 -0.0296962
9.92 0.0028494 0.00144837 0.0247493
9.93 0.00364046 0.0012301 -0.0128309
9.94 -0.0105159 -0.00509496 -0.0044633
9.95 0.0132108 -0.0073544 -0.0504709
9.96 -0.019039 0.0114213 0.0700479
9.97 0.0282621 -0.00314953 -0.0365577
9.98 -0.0339826 -0.00109712 0.0198535
9.99 0.0345792 0.00179143 -0.016093
10 -0.0307408 0.00133117 0.0270467
