0.01 -1.85622e-12 4.42581e-08 -0.00033133
0.02 -2.30706e-11 3.73109e-07 -0.00146854
0.03 -1.44696e-10 1.60448e-06 -0.00349352
0.04 -6.18145e-10 4.81178e-06 -0.00636007
0.05 -2.04633e-09 1.15584e-05 -0.0103517
0.06 -5.64749e-09 2.39562e-05 -0.0154089
0.07 -1.36032e-08 4.45593e-05 -0.020601
0.08 -2.9471e-08 7.60679e-05 -0.0256675
0.09 -5.86269e-08 0.0001212 -0.031139
0.1 -1.08716e-07 0.00018276 -0.0367699
0.11 -1.90108e-07 0.000263566 -0.0420019
0.12 -3.1635e-07 0.000366306 -0.0471807
0.13 -5.04599e-07 0.000493646 -0.0530028
0.14 -7.76055e-07 0.000648466 -0.0595618
0.15 -1.15642e-06 0.000833918 -0.0664001
0.16 -1.67636e-06 0.00105326 -0.073188
0.17 -2.37203e-06 0.00130972 -0.080048
0.18 -3.28555e-06 0.00160644 -0.0866643
0.19 -4.46544e-06 0.00194633 -0.0925976
0.2 -5.96707e-06 0.00233198 -0.0982861
0.21 -7.85297e-06 0.00276572 -0.103922
0.22 -1.01932e-05 0.00324974 -0.10949
0.23 -1.30655e-05 0.00378612 -0.115066
0.24 -1.65556e-05 0.00437673 -0.119987
0.25 -2.07576e-05 0.00502309 -0.124215
0.26 -2.57735e-05 0.00572626 -0.128049
0.27 -3.17139e-05 0.00648695 -0.131252
0.28 -3.86974e-05 0.00730547 -0.134182
0.29 -4.68511e-05 0.00818194 -0.137595
0.3 -5.63098e-05 0.0091166 -0.141847
0.31 -6.72161e-05 0.0101099 -0.146598
0.32 -7.97205e-05 0.0111624 -0.151238
0.33 -9.39808e-05 0.0122746 -0.155677
0.34 -0.000110163 0.0134469 -0.160274
0.35 -0.000128438 0.0146794 -0.165183
0.36 -0.000148987 0.0159726 -0.170406
0.37 -0.000171996 0.0173267 -0.175737
0.38 -0.000197657 0.018742 -0.180826
0.39 -0.00022617 0.0202185 -0.185547
0.4 -0.000257741 0.0217559 -0.189761
0.41 -0.000292579 0.0233537 -0.193736
0.42 -0.000330902 0.025011 -0.197929
0.43 -0.00037293 0.0267269 -0.201828
0.44 -0.000418889 0.0285002 -0.204907
0.45 -0.000469008 0.0303292 -0.207781
0.46 -0.000523519 0.0322122 -0.210724
0.47 -0.000582657 0.0341469 -0.212996
0.48 -0.000646659 0.0361311 -0.214362
0.49 -0.000715762 0.0381617 -0.215383
0.5 -0.000790205 0.0402355 -0.216217
0.51 -0.000870226 0.0423491 -0.216711
0.52 -0.00095606 0.0444987 -0.216916
0.53 -0.00104794 0.0466805 -0.216886
0.54 -0.0011461 0.0488904 -0.216479
0.55 -0.00125076 0.0511238 -0.21535
0.56 -0.00136214 0.0533761 -0.213237
0.57 -0.00148045 0.0556418 -0.209925
0.58 -0.00160591 0.0579149 -0.205587
0.59 -0.0017387 0.060189 -0.200731
0.6 -0.00187901 0.0624572 -0.195197
0.61 -0.00202702 0.0647122 -0.188424
0.62 -0.00218288 0.0669462 -0.180677
0.63 -0.00234674 0.0691509 -0.171867
0.64 -0.00251873 0.0713174 -0.161459
0.65 -0.00269895 0.0734362 -0.150171
0.66 -0.00288751 0.0754975 -0.138447
0.67 -0.00308446 0.077491 -0.125967
0.68 -0.00328985 0.0794064 -0.112764
0.69 -0.0035037 0.0812331 -0.0990892
0.7 -0.00372601 0.0829605 -0.08491
0.71 -0.00395673 0.0845777 -0.0704758
0.72 -0.0041958 0.0860743 -0.0566874
0.73 -0.00444312 0.0874402 -0.0441178
0.74 -0.00469856 0.0886661 -0.032753
0.75 -0.00496195 0.0897437 -0.0217184
0.76 -0.00523309 0.0906649 -0.00994181
0.77 -0.00551173 0.0914218 0.00236444
0.78 -0.0057976 0.0920066 0.014865
0.79 -0.00609037 0.0924115 0.0279725
0.8 -0.00638969 0.0926288 0.0415928
0.81 -0.00669517 0.092651 0.0551206
0.82 -0.00700635 0.0924711 0.0678018
0.83 -0.00732276 0.0920826 0.0793048
0.84 -0.00764388 0.0914802 0.0904555
0.85 -0.00796914 0.0906591 0.101802
0.86 -0.00829793 0.089615 0.112747
0.87 -0.0086296 0.088344 0.123116
0.88 -0.00896346 0.086843 0.133444
0.89 -0.00929879 0.0851095 0.143499
0.9 -0.0096348 0.0831416 0.15288
0.91 -0.00997068 0.080938 0.161256
0.92 -0.0103056 0.0784985 0.168535
0.93 -0.0106386 0.0758238 0.175512
0.94 -0.0109689 0.0729153 0.182797
0.95 -0.0112954 0.0697745 0.190615
0.96 -0.0116172 0.0664034 0.1983
0.97 -0.0119332 0.0628045 0.204899
0.98 -0.0122425 0.058981 0.210819
0.99 -0.0125438 0.054937 0.216616
1 -0.0128362 0.0506771 0.22186
1.01 -0.0131185 0.0462067 0.225731
1.02 -0.0133895 0.0415322 0.228114
1.03 -0.0136481 0.0366613 0.229772
1.04 -0.0138932 0.031602 0.23114
1.05 -0.0141235 0.0263633 0.232276
1.06 -0.0143379 0.0209545 0.233242
1.07 -0.0145351 0.0153853 0.234076
1.08 -0.014714 0.00966582 0.234505
1.09 -0.0148734 0.00380666 0.233946
1.1 -0.015012 -0.0021808 0.232483
1.11 -0.0151288 -0.00828456 0.230593
1.12 -0.0152225 -0.0144921 0.228099
1.13 -0.0152921 -0.0207903 0.224891
1.14 -0.0153363 -0.0271658 0.221888
1.15 -0.0153541 -0.0336051 0.21929
1.16 -0.0153444 -0.0400944 0.215967
1.17 -0.0153062 -0.0466198 0.211794
1.18 -0.0152385 -0.0531669 0.207638
1.19 -0.0151403 -0.0597213 0.20368
1.2 -0.0150107 -0.0662686 0.200125
1.21 -0.0148488 -0.0727947 0.197522
1.22 -0.0146539 -0.079286 0.196042
1.23 -0.0144251 -0.0857296 0.195156
1.24 -0.0141617 -0.0921128 0.193588
1.25 -0.0138632 -0.0984227 0.190851
1.26 -0.0135289 -0.104646 0.18753
1.27 -0.0131583 -0.11077 0.183916
1.28 -0.0127509 -0.116781 0.179475
1.29 -0.0123064 -0.122665 0.173902
1.3 -0.0118246 -0.128409 0.168127
1.31 -0.0113051 -0.133998 0.162982
1.32 -0.0107479 -0.139421 0.158221
1.33 -0.0101528 -0.144663 0.153476
1.34 -0.00951992 -0.149714 0.149187
1.35 -0.00884939 -0.154561 0.145704
1.36 -0.00814137 -0.159194 0.142827
1.37 -0.00739618 -0.163603 0.140444
1.38 -0.00661418 -0.167778 0.137796
1.39 -0.00579585 -0.17171 0.134368
1.4 -0.00494176 -0.175391 0.130755
1.41 -0.00405256 -0.178811 0.127279
1.42 -0.00312901 -0.181963 0.123733
1.43 -0.00217193 -0.184839 0.119963
1.44 -0.00118228 -0.187432 0.11604
1.45 -0.000161075 -0.189735 0.112195
1.46 0.000890565 -0.191743 0.108395
1.47 0.00197143 -0.193449 0.103722
1.48 0.00308022 -0.194849 0.0978535
1.49 0.00421554 -0.195936 0.0918441
1.5 0.00537593 -0.196707 0.0863918
1.51 0.00655981 -0.197156 0.0811979
1.52 0.00776555 -0.197281 0.0760402
1.53 0.00899141 -0.197079 0.0708622
1.54 0.0102356 -0.196548 0.0655454
1.55 0.0114962 -0.195686 0.0604633
1.56 0.0127713 -0.194493 0.0555606
1.57 0.0140588 -0.192969 0.0505094
1.58 0.0153566 -0.191113 0.0456302
1.59 0.0166626 -0.188928 0.0413304
1.6 0.0179746 -0.186416 0.0380418
1.61 0.0192902 -0.18358 0.0365207
1.62 0.0206071 -0.180424 0.0370334
1.63 0.0219229 -0.176956 0.0389155
1.64 0.0232352 -0.173182 0.04141
1.65 0.0245416 -0.169113 0.0435406
1.66 0.0258394 -0.164755 0.0447143
1.67 0.0271261 -0.16012 0.0454948
1.68 0.0283992 -0.155216 0.0466298
1.69 0.0296562 -0.150053 0.0481307
1.7 0.0308943 -0.144643 0.0496043
1.71 0.032111 -0.138995 0.0507665
1.72 0.0333036 -0.133123 0.0513684
1.73 0.0344696 -0.127037 0.0518538
1.74 0.0356064 -0.120749 0.0526477
1.75 0.0367113 -0.114271 0.053334
1.76 0.0377818 -0.107618 0.0536676
1.77 0.0388154 -0.1008 0.0537027
1.78 0.0398095 -0.0938317 0.0531705
1.79 0.0407617 -0.0867256 0.0522404
1.8 0.0416695 -0.0794946 0.0512173
1.81 0.0425306 -0.0721519 0.050086
1.82 0.0433427 -0.064711 0.0493525
1.83 0.0441034 -0.0571854 0.0492716
1.84 0.0448105 -0.0495893 0.0500701
1.85 0.045462 -0.0419377 0.0522483
1.86 0.0460558 -0.0342458 0.0553517
1.87 0.0465898 -0.0265299 0.0587681
1.88 0.0470623 -0.0188061 0.0626128
1.89 0.0474713 -0.011091 0.0669349
1.9 0.0478153 -0.00340129 0.0718198
1.91 0.0480925 0.00424594 0.07738
1.92 0.0483016 0.0118336 0.0830962
1.93 0.048441 0.0193446 0.0882851
1.94 0.0485097 0.0267622 0.0928151
1.95 0.0485063 0.0340702 0.0966065
1.96 0.0484299 0.0412531 0.0995078
1.97 0.0482795 0.048296 0.102242
1.98 0.0480545 0.0551844 0.105637
1.99 0.0477541 0.0619037 0.108945
2 0.047378 0.06844 0.111396
2.01 0.0469256 0.07478 0.113473
2.02 0.0463968 0.0809108 0.115611
2.03 0.0457916 0.0868203 0.117683
2.04 0.04511 0.0924965 0.119214
2.05 0.0443522 0.0979283 0.12031
2.06 0.0435185 0.103105 0.121015
2.07 0.0426096 0.108018 0.120952
2.08 0.0416261 0.112658 0.120635
2.09 0.0405687 0.117016 0.119986
2.1 0.0394386 0.121085 0.118326
2.11 0.0382366 0.12486 0.116365
2.12 0.0369642 0.128333 0.115001
2.13 0.0356227 0.131501 0.114122
2.14 0.0342137 0.134358 0.11328
2.15 0.0327389 0.136899 0.112374
2.16 0.0312001 0.139122 0.111559
2.17 0.0295992 0.141022 0.110907
2.18 0.0279384 0.142597 0.110882
2.19 0.0262199 0.143844 0.111779
2.2 0.0244461 0.144762 0.113149
2.21 0.0226195 0.145348 0.114837
2.22 0.0207426 0.145601 0.116793
2.23 0.0188182 0.14552 0.118027
2.24 0.0168492 0.145105 0.117549
2.25 0.0148385 0.144358 0.115561
2.26 0.0127891 0.143282 0.1128
2.27 0.0107042 0.141881 0.110532
2.28 0.00858704 0.140158 0.109673
2.29 0.00644099 0.138119 0.109078
2.3 0.00426942 0.135768 0.107448
2.31 0.00207585 0.133111 0.105033
2.32 -0.000136171 0.130154 0.101967
2.33 -0.00236302 0.126906 0.0982194
2.34 -0.00460102 0.123375 0.0940568
2.35 -0.00684643 0.11957 0.0893951
2.36 -0.0090955 0.115502 0.0843866
2.37 -0.0113444 0.111181 0.0793597
2.38 -0.0135893 0.106618 0.0747418
2.39 -0.0158264 0.101825 0.0705411
2.4 -0.0180517 0.0968131 0.0658548
2.41 -0.0202614 0.0915954 0.0607043
2.42 -0.0224517 0.0861845 0.0554101
2.43 -0.0246187 0.0805937 0.049433
2.44 -0.0267584 0.0748371 0.0425972
2.45 -0.0288672 0.0689293 0.0354184
2.46 -0.0309413 0.0628856 0.0285507
2.47 -0.0329768 0.0567213 0.0216508
2.48 -0.0349701 0.0504518 0.0144153
2.49 -0.0369175 0.0440929 0.00754644
2.5 -0.0388156 0.0376605 0.000986327
2.51 -0.0406606 0.0311704 -0.00616106
2.52 -0.0424494 0.0246387 -0.0143421
2.53 -0.0441784 0.0180823 -0.0233555
2.54 -0.0458445 0.0115181 -0.0326503
2.55 -0.0474445 0.00496361 -0.0417326
2.56 -0.0489754 -0.00156416 -0.050403
2.57 -0.0504342 -0.00804831 -0.0585361
2.58 -0.0518182 -0.0144723 -0.0661691
2.59 -0.0531246 -0.0208202 -0.0733246
2.6 -0.0543509 -0.0270762 -0.0802062
2.61 -0.0554948 -0.0332249 -0.0878131
2.62 -0.0565539 -0.0392508 -0.0967884
2.63 -0.0575261 -0.0451379 -0.107029
2.64 -0.0584094 -0.0508699 -0.118732
2.65 -0.0592022 -0.05643 -0.131904
2.66 -0.0599026 -0.0618011 -0.146031
2.67 -0.0605093 -0.0669658 -0.160747
2.68 -0.0610209 -0.0719071 -0.175695
2.69 -0.0614363 -0.0766079 -0.190368
2.7 -0.0617546 -0.0810522 -0.204252
2.71 -0.0619751 -0.0852245 -0.21703
2.72 -0.062097 -0.0891106 -0.228928
2.73 -0.0621201 -0.0926973 -0.240146
2.74 -0.0620441 -0.0959723 -0.250222
2.75 -0.061869 -0.0989246 -0.258708
2.76 -0.0615951 -0.101545 -0.265944
2.77 -0.0612226 -0.103824 -0.272638
2.78 -0.0607522 -0.105756 -0.278801
2.79 -0.0601846 -0.107333 -0.283776
2.8 -0.0595208 -0.108551 -0.287083
2.81 -0.0587619 -0.109406 -0.289234
2.82 -0.0579093 -0.109897 -0.290886
2.83 -0.0569644 -0.110021 -0.291708
2.84 -0.0559289 -0.109779 -0.291597
2.85 -0.0548048 -0.109172 -0.290473
2.86 -0.0535941 -0.108203 -0.287916
2.87 -0.052299 -0.106875 -0.284265
2.88 -0.050922 -0.105193 -0.280133
2.89 -0.0494655 -0.103163 -0.275864
2.9 -0.0479322 -0.100792 -0.27156
2.91 -0.0463252 -0.0980878 -0.266881
2.92 -0.0446472 -0.0950581 -0.261464
2.93 -0.0429016 -0.0917123 -0.254986
2.94 -0.0410916 -0.0880609 -0.247671
2.95 -0.0392205 -0.0841151 -0.240943
2.96 -0.0372919 -0.0798862 -0.235908
2.97 -0.0353095 -0.0753858 -0.231768
2.98 -0.033277 -0.0706253 -0.22692
2.99 -0.0311981 -0.0656169 -0.221103
3 -0.0290769 -0.0603734 -0.215373
3.01 -0.0269173 -0.0549084 -0.210562
3.02 -0.0247233 -0.0492353 -0.205978
3.03 -0.0224991 -0.0433678 -0.200822
3.04 -0.020249 -0.0373202 -0.195427
3.05 -0.017977 -0.0311072 -0.190024
3.06 -0.0156875 -0.0247439 -0.184311
3.07 -0.0133847 -0.0182459 -0.177969
3.08 -0.011073 -0.011629 -0.170736
3.09 -0.00875664 -0.00491025 -0.161944
3.1 -0.00643998 0.00189278 -0.151716
3.11 -0.00412732 0.00876163 -0.14137
3.12 -0.00182294 0.0156777 -0.131888
3.13 0.000468893 0.0226226 -0.123454
3.14 0.00274395 0.0295784 -0.115544
3.15 0.00499804 0.0365276 -0.107332
3.16 0.00722705 0.0434523 -0.098573
3.17 0.00942689 0.0503349 -0.0894408
3.18 0.0115936 0.0571571 -0.0797561
3.19 0.0137232 0.063901 -0.0689912
3.2 0.0158119 0.0705479 -0.0569346
3.21 0.0178559 0.077079 -0.0443662
3.22 0.0198517 0.0834753 -0.0322578
3.23 0.0217957 0.0897185 -0.0208303
3.24 0.0236844 0.0957906 -0.00973293
3.25 0.0255146 0.101674 0.00212097
3.26 0.0272832 0.107352 0.0146125
3.27 0.0289871 0.112807 0.026391
3.28 0.0306234 0.118023 0.0375618
3.29 0.0321895 0.122985 0.0492196
3.3 0.0336828 0.127675 0.0620623
3.31 0.0351009 0.132081 0.075874
3.32 0.0364415 0.136185 0.0903666
3.33 0.0377026 0.139973 0.105812
3.34 0.0388823 0.143429 0.122087
3.35 0.0399788 0.14654 0.138763
3.36 0.0409908 0.14929 0.155777
3.37 0.0419168 0.151666 0.172662
3.38 0.0427557 0.153655 0.188678
3.39 0.0435065 0.155246 0.203867
3.4 0.0441686 0.156426 0.218533
3.41 0.0447412 0.157188 0.232343
3.42 0.0452242 0.157522 0.245219
3.43 0.0456172 0.157421 0.257649
3.44 0.0459205 0.156881 0.269774
3.45 0.0461341 0.155895 0.281772
3.46 0.0462585 0.15446 0.29394
3.47 0.0462945 0.152572 0.305645
3.48 0.0462427 0.15023 0.315918
3.49 0.0461043 0.147434 0.325034
3.5 0.0458804 0.144183 0.33314
3.51 0.0455725 0.140482 0.339573
3.52 0.0451821 0.136332 0.344549
3.53 0.044711 0.131742 0.34848
3.54 0.0441612 0.126717 0.351094
3.55 0.0435348 0.121267 0.35263
3.56 0.0428341 0.1154 0.353994
3.57 0.0420615 0.10913 0.355216
3.58 0.0412196 0.102466 0.355334
3.59 0.0403112 0.0954221 0.354026
3.6 0.0393392 0.0880133 0.35139
3.61 0.0383065 0.0802552 0.347412
3.62 0.0372164 0.0721651 0.342079
3.63 0.0360721 0.0637616 0.335683
3.64 0.0348769 0.0550645 0.328724
3.65 0.0336343 0.0460942 0.320734
3.66 0.032348 0.0368727 0.310769
3.67 0.0310214 0.0274232 0.298408
3.68 0.0296585 0.0177705 0.284118
3.69 0.0282628 0.00794053 0.268938
3.7 0.0268384 -0.00203959 0.25342
3.71 0.0253889 -0.0121425 0.237678
3.72 0.0239184 -0.0223403 0.221482
3.73 0.0224308 -0.0326049 0.204872
3.74 0.0209299 -0.0429079 0.188542
3.75 0.0194198 -0.0532208 0.172075
3.76 0.0179043 -0.063515 0.1546
3.77 0.0163873 -0.0737618 0.136846
3.78 0.0148728 -0.0839323 0.119741
3.79 0.0133645 -0.093998 0.102967
3.8 0.0118662 -0.103931 0.0857355
3.81 0.0103816 -0.113703 0.0678815
3.82 0.00891445 -0.123286 0.0501497
3.83 0.00746819 -0.132652 0.0330808
3.84 0.00604634 -0.141776 0.0164051
3.85 0.00465227 -0.150631 -0.000214937
3.86 0.00328925 -0.159191 -0.0164701
3.87 0.00196042 -0.167432 -0.0319629
3.88 0.000668805 -0.17533 -0.0467045
3.89 -0.000582696 -0.182863 -0.0607858
3.9 -0.00179133 -0.190009 -0.0742964
3.91 -0.00295449 -0.196747 -0.0869805
3.92 -0.00406971 -0.203059 -0.0986346
3.93 -0.00513469 -0.208927 -0.109862
3.94 -0.0061473 -0.214334 -0.121336
3.95 -0.00710557 -0.219263 -0.133345
3.96 -0.00800771 -0.2237 -0.145959
3.97 -0.00885208 -0.22763 -0.158551
3.98 -0.00963725 -0.23104 -0.170736
3.99 -0.010362 -0.233916 -0.182383
4 -0.0110252 -0.236248 -0.192798
4.01 -0.0116259 -0.238026 -0.202078
4.02 -0.0121636 -0.239242 -0.21103
4.03 -0.0126377 -0.239891 -0.219877
4.04 -0.0130478 -0.239966 -0.228329
4.05 -0.0133939 -0.239463 -0.236216
4.06 -0.0136761 -0.23838 -0.243401
4.07 -0.0138946 -0.236716 -0.249697
4.08 -0.0140498 -0.23447 -0.255354
4.09 -0.0141425 -0.231645 -0.2606
4.1 -0.0141733 -0.228244 -0.265165
4.11 -0.0141434 -0.224271 -0.268788
4.12 -0.0140539 -0.219733 -0.271591
4.13 -0.0139062 -0.214637 -0.273772
4.14 -0.0137018 -0.208992 -0.275749
4.15 -0.0134424 -0.202809 -0.278138
4.16 -0.0131299 -0.196097 -0.280545
4.17 -0.0127663 -0.18887 -0.282126
4.18 -0.0123536 -0.181141 -0.28293
4.19 -0.0118943 -0.172924 -0.283202
4.2 -0.0113908 -0.164235 -0.282694
4.21 -0.0108456 -0.155092 -0.280904
4.22 -0.0102615 -0.145512 -0.278055
4.23 -0.00964108 -0.135517 -0.274606
4.24 -0.00898743 -0.125128 -0.270484
4.25 -0.00830348 -0.114365 -0.266185
4.26 -0.00759233 -0.103253 -0.261891
4.27 -0.00685713 -0.0918156 -0.256905
4.28 -0.00610112 -0.0800766 -0.250945
4.29 -0.0053276 -0.068062 -0.243942
4.3 -0.00453989 -0.0557986 -0.235629
4.31 -0.00374139 -0.0433142 -0.226161
4.32 -0.00293551 -0.0306375 -0.216025
4.33 -0.00212568 -0.017798 -0.205276
4.34 -0.00131534 -0.00482592 -0.193964
4.35 -0.000507945 0.00824822 -0.182565
4.36 0.000293079 0.0213936 -0.171301
4.37 0.00108432 0.0345794 -0.160101
4.38 0.00186238 0.0477746 -0.149084
4.39 0.00262394 0.0609486 -0.138045
4.4 0.00336568 0.0740706 -0.126372
4.41 0.00408439 0.0871096 -0.11424
4.42 0.00477689 0.100035 -0.102517
4.43 0.00544011 0.112816 -0.0910675
4.44 0.00607103 0.125423 -0.0793264
4.45 0.00666677 0.137825 -0.0673892
4.46 0.00722452 0.149994 -0.0555859
4.47 0.00774161 0.161901 -0.0441786
4.48 0.00821547 0.173516 -0.032261
4.49 0.00864368 0.184813 -0.0189922
4.5 0.00902393 0.195763 -0.00505529
4.51 0.00935409 0.206339 0.00861274
4.52 0.00963215 0.216514 0.0216797
4.53 0.00985627 0.226263 0.0345192
4.54 0.0100248 0.235559 0.0475893
4.55 0.0101362 0.244381 0.0607347
4.56 0.0101891 0.252704 0.0739995
4.57 0.0101824 0.260506 0.0876649
4.58 0.0101151 0.267767 0.101403
4.59 0.00998644 0.274465 0.114969
4.6 0.0097958 0.280581 0.128277
4.61 0.00954279 0.286098 0.141528
4.62 0.0092272 0.290999 0.155214
4.63 0.00884902 0.295268 0.168958
4.64 0.00840842 0.29889 0.182051
4.65 0.0079058 0.301853 0.194688
4.66 0.00734175 0.304144 0.207089
4.67 0.00671705 0.305754 0.218978
4.68 0.00603269 0.306674 0.230556
4.69 0.00528984 0.306896 0.241835
4.7 0.00448988 0.306416 0.252165
4.71 0.00363439 0.305229 0.261097
4.72 0.00272512 0.303334 0.269383
4.73 0.00176403 0.300731 0.27791
4.74 0.000753228 0.29742 0.285653
4.75 -0.00030496 0.293404 0.292125
4.76 -0.00140806 0.288689 0.298323
4.77 -0.00255342 0.283281 0.303901
4.78 -0.00373823 0.277187 0.307969
4.79 -0.00495954 0.270418 0.310777
4.8 -0.00621421 0.262985 0.31295
4.81 -0.00749901 0.254902 0.314581
4.82 -0.00881054 0.246185 0.315523
4.83 -0.0101453 0.236849 0.315965
4.84 -0.0114997 0.226912 0.315891
4.85 -0.0128699 0.216394 0.314954
4.86 -0.0142521 0.205315 0.312976
4.87 -0.0156425 0.193699 0.310104
4.88 -0.017037 0.181568 0.306544
4.89 -0.0184316 0.168948 0.302243
4.9 -0.0198221 0.155865 0.297154
4.91 -0.0212044 0.142348 0.290886
4.92 -0.0225742 0.128424 0.283463
4.93 -0.0239275 0.114125 0.275947
4.94 -0.0252598 0.0994818 0.268505
4.95 -0.026567 0.0845256 0.260716
4.96 -0.0278449 0.069289 0.252482
4.97 -0.0290893 0.0538053 0.243295
4.98 -0.0302959 0.0381086 0.232971
4.99 -0.0314607 0.0222338 0.221667
5 -0.0325796 0.00621673 0.209537
5.01 -0.0336486 -0.00990615 0.197101
5.02 -0.0346638 -0.0260981 0.184826
5.03 -0.0356213 -0.0423225 0.172678
5.04 -0.0365174 -0.0585423 0.160366
5.05 -0.0373485 -0.074721 0.148141
5.06 -0.0381111 -0.090822 0.136332
5.07 -0.0388019 -0.106809 0.124752
5.08 -0.0394176 -0.122646 0.113261
5.09 -0.0399551 -0.138299 0.101934
5.1 -0.0404117 -0.153731 0.0906798
5.11 -0.0407844 -0.168909 0.0793875
5.12 -0.0410708 -0.183798 0.0684617
5.13 -0.0412686 -0.198367 0.0584124
5.14 -0.0413755 -0.212581 0.0491151
5.15 -0.0413896 -0.226412 0.0401276
5.16 -0.0413091 -0.239828 0.0312333
5.17 -0.0411325 -0.252801 0.0221831
5.18 -0.0408585 -0.265301 0.0126156
5.19 -0.040486 -0.277303 0.00274341
5.2 -0.0400141 -0.288778 -0.006739
5.21 -0.0394422 -0.299701 -0.015603
5.22 -0.0387699 -0.310048 -0.0239538
5.23 -0.0379971 -0.319796 -0.0318405
5.24 -0.0371237 -0.328924 -0.0393424
5.25 -0.0361503 -0.337411 -0.0466683
5.26 -0.0350774 -0.345239 -0.0540118
5.27 -0.0339057 -0.35239 -0.0611749
5.28 -0.0326364 -0.358848 -0.0677665
5.29 -0.0312709 -0.364599 -0.0737185
5.3 -0.0298106 -0.36963 -0.0794432
5.31 -0.0282573 -0.373929 -0.085381
5.32 -0.0266132 -0.377486 -0.0911098
5.33 -0.0248805 -0.380294 -0.0956258
5.34 -0.0230618 -0.382345 -0.0988288
5.35 -0.0211597 -0.383635 -0.101418
5.36 -0.0191774 -0.384161 -0.103344
5.37 -0.0171178 -0.383923 -0.10372
5.38 -0.0149846 -0.382922 -0.102437
5.39 -0.0127812 -0.381162 -0.100212
5.4 -0.0105115 -0.378648 -0.0969675
5.41 -0.00817947 -0.375387 -0.0923838
5.42 -0.00578935 -0.37139 -0.086789
5.43 -0.00334547 -0.366668 -0.0809774
5.44 -0.000852355 -0.361233 -0.0752849
5.45 0.00168532 -0.355101 -0.0687357
5.46 0.00426272 -0.348286 -0.0605108
5.47 0.00687491 -0.340807 -0.0509831
5.48 0.00951679 -0.332685 -0.0412999
5.49 0.0121832 -0.323939 -0.0317368
5.5 0.0148688 -0.314593 -0.0220659
5.51 0.0175682 -0.304669 -0.0124975
5.52 0.020276 -0.294193 -0.00272116
5.53 0.0229868 -0.283189 0.00723876
5.54 0.0256948 -0.271685 0.017228
5.55 0.0283945 -0.259707 0.027401
5.56 0.0310803 -0.247284 0.0374216
5.57 0.0337465 -0.234444 0.0466876
5.58 0.0363875 -0.221218 0.0554604
5.59 0.0389977 -0.207635 0.0645714
5.6 0.0415714 -0.193726 0.073889
5.61 0.0441032 -0.179521 0.0826915
5.62 0.0465875 -0.165053 0.0907887
5.63 0.0490189 -0.150352 0.0984961
5.64 0.0513919 -0.13545 0.105573
5.65 0.0537014 -0.120379 0.111621
5.66 0.0559422 -0.10517 0.116543
5.67 0.0581092 -0.0898534 0.119942
5.68 0.0601974 -0.0744602 0.122062
5.69 0.062202 -0.0590198 0.123924
5.7 0.0641185 -0.0435618 0.126129
5.71 0.0659423 -0.0281158 0.128442
5.72 0.0676691 -0.0127113 0.130718
5.73 0.0692947 0.00262209 0.133384
5.74 0.0708151 0.0178549 0.136826
5.75 0.0722266 0.0329575 0.140917
5.76 0.0735256 0.0479003 0.145123
5.77 0.0747087 0.062654 0.149151
5.78 0.0757728 0.0771897 0.152616
5.79 0.076715 0.0914794 0.155117
5.8 0.0775325 0.105496 0.156633
5.81 0.0782229 0.119214 0.157313
5.82 0.078784 0.132607 0.157259
5.83 0.0792139 0.145653 0.156547
5.84 0.0795108 0.158327 0.155386
5.85 0.0796733 0.17061 0.153406
5.86 0.0797002 0.182478 0.150069
5.87 0.0795905 0.193915 0.145622
5.88 0.0793437 0.204901 0.140615
5.89 0.0789593 0.215421 0.135465
5.9 0.0784372 0.225459 0.12987
5.91 0.0777775 0.234999 0.123317
5.92 0.0769806 0.244031 0.11623
5.93 0.0760473 0.252541 0.10896
5.94 0.0749784 0.260519 0.101489
5.95 0.0737752 0.267956 0.0940546
5.96 0.0724391 0.274843 0.0867725
5.97 0.0709719 0.281173 0.0801077
5.98 0.0693755 0.286938 0.0748431
5.99 0.0676521 0.292133 0.0710409
6 0.0658042 0.29675 0.0682429
6.01 0.0638346 0.300785 0.0662872
6.02 0.0617461 0.304232 0.0649397
6.03 0.0595419 0.307087 0.0635597
6.04 0.0572255 0.309347 0.0618625
6.05 0.0548005 0.31101 0.0599742
6.06 0.0522706 0.312075 0.057735
6.07 0.0496399 0.312543 0.0548612
6.08 0.0469127 0.312415 0.0513869
6.09 0.0440933 0.311695 0.0471783
6.1 0.0411864 0.310388 0.0420205
6.11 0.0381967 0.3085 0.036115
6.12 0.0351292 0.306038 0.0298274
6.13 0.0319888 0.303013 0.0234321
6.14 0.0287809 0.299433 0.0169492
6.15 0.0255108 0.29531 0.0105224
6.16 0.0221839 0.290657 0.00444198
6.17 0.0188059 0.285485 -0.00188277
6.18 0.0153825 0.279808 -0.00874204
6.19 0.0119193 0.273642 -0.0151517
6.2 0.00842238 0.267003 -0.0206385
6.21 0.00489751 0.259905 -0.0251521
6.22 0.0013507 0.252365 -0.028605
6.23 -0.00221201 0.2444 -0.0314981
6.24 -0.00578457 0.236027 -0.0341509
6.25 -0.00936091 0.227262 -0.0366083
6.26 -0.0129349 0.218124 -0.0387623
6.27 -0.0165005 0.208632 -0.0407467
6.28 -0.0200517 0.198803 -0.0434673
6.29 -0.0235823 0.188659 -0.0469774
6.3 -0.0270863 0.178219 -0.0504581
6.31 -0.0305577 0.167506 -0.0536275
6.32 -0.0339907 0.15654 -0.056586
6.33 -0.0373794 0.145344 -0.0590828
6.34 -0.0407179 0.133938 -0.0606053
6.35 -0.0440006 0.122346 -0.0612314
6.36 -0.0472219 0.110588 -0.061375
6.37 -0.0503763 0.0986864 -0.0615542
6.38 -0.0534584 0.0866627 -0.0622127
6.39 -0.0564629 0.074539 -0.062777
6.4 -0.0593848 0.0623375 -0.0624257
6.41 -0.062219 0.0500801 -0.0617207
6.42 -0.0649607 0.0377885 -0.0608997
6.43 -0.0676053 0.0254843 -0.0594216
6.44 -0.0701482 0.0131887 -0.0577856
6.45 -0.0725851 0.000922903 -0.0560097
6.46 -0.0749119 -0.0112923 -0.0534226
6.47 -0.0771246 -0.0234365 -0.0497338
6.48 -0.0792194 -0.0354903 -0.0451407
6.49 -0.0811929 -0.0474347 -0.0395966
6.5 -0.0830415 -0.0592516 -0.0326066
6.51 -0.0847622 -0.0709239 -0.0246605
6.52 -0.0863521 -0.0824352 -0.0167242
6.53 -0.0878084 -0.0937696 -0.00937502
6.54 -0.0891286 -0.104911 -0.00217353
6.55 -0.0903104 -0.115844 0.00572683
6.56 -0.0913519 -0.126554 0.0141387
6.57 -0.0922512 -0.137027 0.0225707
6.58 -0.0930068 -0.147248 0.0312268
6.59 -0.0936172 -0.157206 0.0400899
6.6 -0.0940814 -0.166887 0.0483551
6.61 -0.0943985 -0.17628 0.0560993
6.62 -0.0945679 -0.185372 0.0636769
6.63 -0.0945891 -0.194151 0.0708425
6.64 -0.0944621 -0.202608 0.078112
6.65 -0.0941869 -0.210731 0.0859343
6.66 -0.0937637 -0.21851 0.0938675
6.67 -0.0931931 -0.225938 0.101679
6.68 -0.092476 -0.233004 0.109227
6.69 -0.0916132 -0.239703 0.116465
6.7 -0.090606 -0.246025 0.123976
6.71 -0.0894559 -0.251966 0.13219
6.72 -0.0881645 -0.257519 0.141029
6.73 -0.0867337 -0.26268 0.14958
6.74 -0.0851656 -0.267445 0.156546
6.75 -0.0834625 -0.27181 0.161923
6.76 -0.0816269 -0.275771 0.166381
6.77 -0.0796615 -0.279323 0.170457
6.78 -0.0775691 -0.282464 0.174852
6.79 -0.075353 -0.285191 0.179465
6.8 -0.0730163 -0.287503 0.183723
6.81 -0.0705625 -0.289397 0.187538
6.82 -0.0679953 -0.290874 0.190529
6.83 -0.0653183 -0.291933 0.192406
6.84 -0.0625356 -0.292573 0.193665
6.85 -0.0596513 -0.292796 0.194518
6.86 -0.0566696 -0.292601 0.195297
6.87 -0.0535949 -0.291989 0.196525
6.88 -0.0504317 -0.290964 0.198063
6.89 -0.0471847 -0.289529 0.199718
6.9 -0.0438586 -0.287686 0.201549
6.91 -0.0404584 -0.285441 0.203748
6.92 -0.036989 -0.2828 0.206281
6.93 -0.0334555 -0.279769 0.209371
6.94 -0.0298632 -0.276356 0.213254
6.95 -0.0262172 -0.272568 0.217778
6.96 -0.0225229 -0.268416 0.222828
6.97 -0.0187857 -0.263909 0.227874
6.98 -0.015011 -0.259059 0.232652
6.99 -0.0112045 -0.253878 0.237479
7 -0.00737155 -0.248376 0.242425
7.01 -0.00351785 -0.242567 0.247745
7.02 0.000351017 -0.236464 0.253747
7.03 0.00422943 -0.230082 0.259879
7.04 0.00811174 -0.223434 0.2658
7.05 0.0119923 -0.216537 0.271636
7.06 0.0158656 -0.209404 0.276646
7.07 0.0197258 -0.202053 0.28039
7.08 0.0235676 -0.194497 0.283724
7.09 0.0273852 -0.186752 0.286554
7.1 0.0311733 -0.178833 0.287433
7.11 0.0349263 -0.170755 0.286179
7.12 0.0386389 -0.162531 0.283869
7.13 0.0423056 -0.154175 0.28109
7.14 0.0459214 -0.1457 0.277755
7.15 0.0494809 -0.137118 0.274157
7.16 0.0529791 -0.128444 0.270546
7.17 0.056411 -0.119691 0.266026
7.18 0.0597717 -0.11087 0.259837
7.19 0.0630563 -0.101995 0.251872
7.2 0.0662602 -0.0930773 0.242399
7.21 0.0693789 -0.0841268 0.231973
7.22 0.0724078 -0.0751539 0.220771
7.23 0.0753426 -0.0661684 0.208801
7.24 0.0781792 -0.0571797 0.195796
7.25 0.0809135 -0.0481964 0.181602
7.26 0.0835416 -0.0392268 0.166683
7.27 0.0860598 -0.0302788 0.151473
7.28 0.0884643 -0.02136 0.13626
7.29 0.0907517 -0.0124778 0.12097
7.3 0.0929188 -0.00363968 0.105086
7.31 0.0949624 0.00514738 0.0884537
7.32 0.0968794 0.0138767 0.0713557
7.33 0.0986671 0.0225422 0.0535865
7.34 0.100323 0.0311381 0.0349454
7.35 0.101844 0.039659 0.0159688
7.36 0.103229 0.0480999 -0.00289251
7.37 0.104474 0.0564562 -0.0217116
7.38 0.105579 0.0647229 -0.0404722
7.39 0.106541 0.0728954 -0.0595224
7.4 0.107359 0.0809696 -0.07961
7.41 0.108031 0.0889417 -0.100265
7.42 0.108556 0.0968083 -0.120826
7.43 0.108933 0.104567 -0.141673
7.44 0.109161 0.112213 -0.162471
7.45 0.10924 0.119746 -0.182361
7.46 0.109169 0.127162 -0.201542
7.47 0.108947 0.134458 -0.220371
7.48 0.108574 0.141631 -0.239045
7.49 0.108052 0.148677 -0.25765
7.5 0.107378 0.155595 -0.275967
7.51 0.106555 0.16238 -0.294071
7.52 0.105582 0.169031 -0.312419
7.53 0.104461 0.175544 -0.331002
7.54 0.103192 0.181918 -0.348989
7.55 0.101777 0.188151 -0.365937
7.56 0.100216 0.194239 -0.381912
7.57 0.0985117 0.20018 -0.397185
7.58 0.0966649 0.205972 -0.412524
7.59 0.0946778 0.211611 -0.42804
7.6 0.0925524 0.217096 -0.442623
7.61 0.0902906 0.222422 -0.455773
7.62 0.087895 0.227588 -0.467757
7.63 0.0853678 0.23259 -0.478568
7.64 0.0827119 0.237424 -0.487921
7.65 0.0799299 0.242086 -0.49537
7.66 0.0770249 0.246571 -0.500957
7.67 0.0739999 0.250872 -0.504917
7.68 0.0708583 0.254984 -0.507168
7.69 0.0676033 0.2589 -0.508227
7.7 0.0642387 0.262613 -0.508748
7.71 0.0607681 0.266116 -0.508616
7.72 0.0571954 0.269402 -0.507663
7.73 0.0535246 0.272463 -0.506156
7.74 0.0497597 0.275294 -0.504272
7.75 0.0459052 0.277886 -0.501417
7.76 0.0419653 0.280233 -0.497174
7.77 0.0379447 0.282328 -0.491944
7.78 0.0338479 0.284164 -0.486503
7.79 0.0296798 0.285735 -0.481489
7.8 0.0254453 0.287033 -0.476561
7.81 0.0211493 0.288054 -0.471429
7.82 0.0167971 0.288793 -0.466212
7.83 0.0123938 0.289244 -0.46011
7.84 0.00794477 0.289404 -0.452784
7.85 0.00345546 0.289267 -0.444802
7.86 -0.00106862 0.288829 -0.436284
7.87 -0.00562186 0.288087 -0.427657
7.88 -0.0101986 0.287037 -0.419403
7.89 -0.014793 0.285676 -0.411725
7.9 -0.0193993 0.284002 -0.4045
7.91 -0.0240115 0.282014 -0.396535
7.92 -0.0286237 0.279711 -0.387457
7.93 -0.0332299 0.277093 -0.378194
7.94 -0.0378241 0.274159 -0.368814
7.95 -0.0424001 0.27091 -0.359012
7.96 -0.0469518 0.267346 -0.348962
7.97 -0.051473 0.263469 -0.338425
7.98 -0.0559576 0.25928 -0.327016
7.99 -0.0603994 0.254781 -0.314739
8 -0.0647923 0.249974 -0.301695
8.01 -0.0691299 0.244861 -0.287976
8.02 -0.0734063 0.239444 -0.273854
8.03 -0.0776152 0.233726 -0.259687
8.04 -0.0817506 0.22771 -0.245569
8.05 -0.0858062 0.221401 -0.231537
8.06 -0.0897762 0.214803 -0.217016
8.07 -0.0936546 0.207921 -0.201537
8.08 -0.0974353 0.200759 -0.185665
8.09 -0.101113 0.193324 -0.169688
8.1 -0.104681 0.18562 -0.153666
8.11 -0.108134 0.177654 -0.137758
8.12 -0.111467 0.169434 -0.121477
8.13 -0.114674 0.160965 -0.104354
8.14 -0.117749 0.152256 -0.0868099
8.15 -0.120688 0.143314 -0.0686371
8.16 -0.123486 0.134146 -0.0493184
8.17 -0.126137 0.12476 -0.0291791
8.18 -0.128636 0.115164 -0.00799551
8.19 -0.130979 0.105364 0.0148004
8.2 -0.133161 0.0953676 0.0386864
8.21 -0.135179 0.0851813 0.0629434
8.22 -0.137027 0.0748121 0.0875339
8.23 -0.138702 0.0642669 0.112242
8.24 -0.1402 0.0535529 0.137037
8.25 -0.141518 0.0426778 0.16249
8.26 -0.142652 0.0316488 0.189046
8.27 -0.143598 0.0204734 0.215501
8.28 -0.144355 0.00915923 0.240483
8.29 -0.144919 -0.00228523 0.264698
8.3 -0.145287 -0.0138509 0.288953
8.31 -0.145458 -0.0255283 0.312894
8.32 -0.14543 -0.0373075 0.335394
8.33 -0.1452 -0.0491778 0.355934
8.34 -0.144767 -0.0611274 0.375075
8.35 -0.144131 -0.0731433 0.392779
8.36 -0.143289 -0.0852121 0.408988
8.37 -0.142241 -0.0973192 0.424677
8.38 -0.140988 -0.10945 0.44007
8.39 -0.139527 -0.121589 0.454503
8.4 -0.137861 -0.133722 0.468011
8.41 -0.135989 -0.145831 0.481094
8.42 -0.133911 -0.157902 0.494059
8.43 -0.131629 -0.169917 0.506903
8.44 -0.129145 -0.181862 0.519213
8.45 -0.126458 -0.19372 0.530451
8.46 -0.123573 -0.205475 0.540926
8.47 -0.12049 -0.21711 0.551305
8.48 -0.117211 -0.228608 0.561517
8.49 -0.113741 -0.239955 0.571317
8.5 -0.110082 -0.251133 0.580518
8.51 -0.106236 -0.262127 0.588485
8.52 -0.102209 -0.272921 0.595106
8.53 -0.0980031 -0.283497 0.600988
8.54 -0.0936232 -0.293841 0.606362
8.55 -0.0890739 -0.303936 0.61091
8.56 -0.0843599 -0.313765 0.614055
8.57 -0.0794861 -0.323312 0.61559
8.58 -0.0744581 -0.332562 0.615904
8.59 -0.0692815 -0.341497 0.615664
8.6 -0.0639621 -0.350102 0.614973
8.61 -0.0585061 -0.35836 0.61312
8.62 -0.0529199 -0.366256 0.609923
8.63 -0.0472103 -0.373775 0.605438
8.64 -0.0413841 -0.3809 0.599642
8.65 -0.0354484 -0.387618 0.592951
8.66 -0.0294108 -0.393912 0.584956
8.67 -0.0232787 -0.399768 0.575557
8.68 -0.0170601 -0.405171 0.565848
8.69 -0.0107629 -0.410107 0.555609
8.7 -0.0043954 -0.414563 0.543607
8.71 0.00203404 -0.418525 0.529922
8.72 0.00851681 -0.421981 0.515063
8.73 0.0150442 -0.424917 0.499
8.74 0.0216072 -0.427321 0.481705
8.75 0.0281969 -0.42918 0.462819
8.76 0.034804 -0.430484 0.442494
8.77 0.0414193 -0.43122 0.421391
8.78 0.0480333 -0.431378 0.399089
8.79 0.0546366 -0.430948 0.374784
8.8 0.0612196 -0.429917 0.348433
8.81 0.0677726 -0.428278 0.320935
8.82 0.0742859 -0.42602 0.29352
8.83 0.0807498 -0.423135 0.266819
8.84 0.0871545 -0.419615 0.240594
8.85 0.0934902 -0.415456 0.214337
8.86 0.0997471 -0.410653 0.187888
8.87 0.105915 -0.405203 0.161174
8.88 0.111985 -0.399103 0.133798
8.89 0.117947 -0.392353 0.105038
8.9 0.123792 -0.384952 0.0749419
8.91 0.129509 -0.376899 0.0444542
8.92 0.135089 -0.368196 0.013995
8.93 0.140523 -0.358844 -0.0161283
8.94 0.145802 -0.348847 -0.0458079
8.95 0.150916 -0.338209 -0.0756277
8.96 0.155856 -0.326937 -0.10565
8.97 0.160614 -0.315036 -0.135497
8.98 0.165181 -0.302516 -0.164548
8.99 0.169549 -0.289385 -0.192473
9 0.173709 -0.275656 -0.219629
9.01 0.177653 -0.261341 -0.246427
9.02 0.181373 -0.246453 -0.272953
9.03 0.184862 -0.231008 -0.298472
9.04 0.188113 -0.215024 -0.322494
9.05 0.191119 -0.198517 -0.34558
9.06 0.193872 -0.181508 -0.368369
9.07 0.196367 -0.164017 -0.391001
9.08 0.198597 -0.146067 -0.413357
9.09 0.200557 -0.127679 -0.435037
9.1 0.202241 -0.108878 -0.455782
9.11 0.203644 -0.0896888 -0.47603
9.12 0.204762 -0.0701363 -0.495786
9.13 0.205589 -0.0502476 -0.514311
9.14 0.206124 -0.0300503 -0.531617
9.15 0.206361 -0.00957327 -0.548157
9.16 0.206298 0.0111537 -0.563445
9.17 0.205931 0.0320998 -0.576815
9.18 0.20526 0.0532331 -0.588137
9.19 0.204282 0.0745203 -0.597861
9.2 0.202995 0.0959271 -0.607255
9.21 0.201399 0.117419 -0.617183
9.22 0.199493 0.138962 -0.627382
9.23 0.197278 0.160521 -0.636518
9.24 0.194753 0.182062 -0.642896
9.25 0.19192 0.203547 -0.646465
9.26 0.18878 0.224942 -0.648589
9.27 0.185335 0.246207 -0.649881
9.28 0.181588 0.267305 -0.649758
9.29 0.177541 0.288197 -0.648112
9.3 0.173198 0.308846 -0.645756
9.31 0.168563 0.329213 -0.642887
9.32 0.163639 0.349259 -0.639168
9.33 0.158432 0.368949 -0.634057
9.34 0.152948 0.388243 -0.626587
9.35 0.147191 0.407104 -0.616759
9.36 0.141168 0.425493 -0.60553
9.37 0.134885 0.443373 -0.593484
9.38 0.128351 0.460706 -0.580531
9.39 0.121573 0.477455 -0.566502
9.4 0.114558 0.493584 -0.551827
9.41 0.107315 0.509058 -0.537042
9.42 0.0998532 0.523843 -0.522197
9.43 0.0921821 0.537905 -0.507153
9.44 0.0843113 0.551214 -0.491268
9.45 0.076251 0.563739 -0.47434
9.46 0.0680117 0.575451 -0.457202
9.47 0.0596045 0.586322 -0.440432
9.48 0.0510406 0.596326 -0.423509
9.49 0.0423318 0.605437 -0.405522
9.5 0.0334899 0.613634 -0.386678
9.51 0.0245273 0.620893 -0.367649
9.52 0.0154567 0.627195 -0.348429
9.53 0.00629083 0.63252 -0.32825
9.54 -0.00295705 0.636851 -0.306837
9.55 -0.0122736 0.640172 -0.285178
9.56 -0.0216451 0.64247 -0.263624
9.57 -0.0310578 0.64373 -0.241825
9.58 -0.0404977 0.643944 -0.2198
9.59 -0.0499506 0.643101 -0.197038
9.6 -0.0594021 0.641195 -0.17351
9.61 -0.0688379 0.63822 -0.149876
9.62 -0.0782433 0.634172 -0.126118
9.63 -0.0876038 0.62905 -0.102572
9.64 -0.0969046 0.622853 -0.0798274
9.65 -0.106131 0.615585 -0.0574875
9.66 -0.115269 0.607249 -0.0350467
9.67 -0.124302 0.597853 -0.0128044
9.68 -0.133217 0.587405 0.00868864
9.69 -0.142 0.575916 0.02897
9.7 -0.150634 0.563399 0.0478681
9.71 -0.159107 0.549871 0.0657112
9.72 -0.167404 0.53535 0.0828889
9.73 -0.17551 0.519855 0.0997969
9.74 -0.183412 0.50341 0.116233
9.75 -0.191096 0.486038 0.131695
9.76 -0.198549 0.467766 0.146328
9.77 -0.205758 0.448622 0.159983
9.78 -0.212708 0.428636 0.17197
9.79 -0.219389 0.407842 0.182265
9.8 -0.225787 0.386273 0.191884
9.81 -0.231891 0.363967 0.20152
9.82 -0.23769 0.34096 0.210733
9.83 -0.243171 0.317293 0.21904
9.84 -0.248324 0.293007 0.226255
9.85 -0.253139 0.268142 0.232105
9.86 -0.257607 0.242744 0.23626
9.87 -0.261717 0.216858 0.238615
9.88 -0.265461 0.190531 0.240032
9.89 -0.268831 0.163812 0.241274
9.9 -0.271818 0.13675 0.242008
9.91 -0.274416 0.109395 0.241816
9.92 -0.276618 0.0817978 0.241067
9.93 -0.278418 0.0540094 0.24009
9.94 -0.279811 0.0260817 0.23832
9.95 -0.280791 -0.00193307 0.235822
9.96 -0.281354 -0.0299824 0.233213
9.97 -0.281497 -0.0580139 0.230125
9.98 -0.281218 -0.0859748 0.226398
9.99 -0.280512 -0.113813 0.222249
10 -0.27938 -0.141475 0.217455
10.01 -0.27782 -0.168909 0.212206
10.02 -0.275833 -0.196064 0.206949
10.03 -0.273417 -0.222888 0.201821
10.04 -0.270576 -0.24933 0.196599
10.05 -0.26731 -0.275342 0.190883
10.06 -0.263622 -0.300873 0.18434
10.07 -0.259515 -0.325876 0.177
10.08 -0.254994 -0.350304 0.169359
10.09 -0.250063 -0.374108 0.161751
10.1 -0.244728 -0.397245 0.153995
10.11 -0.238994 -0.419671 0.145992
10.12 -0.232868 -0.441342 0.137857
10.13 -0.226358 -0.462217 0.129321
10.14 -0.219472 -0.482257 0.120107
10.15 -0.212218 -0.501422 0.11013
10.16 -0.204607 -0.519677 0.0993441
10.17 -0.196647 -0.536984 0.0878407
10.18 -0.18835 -0.553309 0.0764199
10.19 -0.179727 -0.568621 0.065827
10.2 -0.170789 -0.582888 0.0554726
10.21 -0.16155 -0.596083 0.0448318
10.22 -0.152022 -0.60818 0.0342509
10.23 -0.142219 -0.619155 0.0234179
10.24 -0.132155 -0.628985 0.012024
10.25 -0.121845 -0.637652 0.000980907
10.26 -0.111302 -0.645136 -0.00940589
10.27 -0.100544 -0.651423 -0.0195106
10.28 -0.0895857 -0.6565 -0.0291217
10.29 -0.0784436 -0.660356 -0.0383927
10.3 -0.0671346 -0.662985 -0.0478784
10.31 -0.0556756 -0.664379 -0.0574689
10.32 -0.0440842 -0.664536 -0.0668493
10.33 -0.0323781 -0.663455 -0.0758567
10.34 -0.0205752 -0.661136 -0.0844853
10.35 -0.00869388 -0.657584 -0.0928232
10.36 0.00324751 -0.652804 -0.100795
10.37 0.0152303 -0.646806 -0.108528
10.38 0.0272356 -0.639599 -0.116018
10.39 0.0392446 -0.631198 -0.123241
10.4 0.0512381 -0.621618 -0.130007
10.41 0.0631972 -0.610876 -0.135928
10.42 0.0751027 -0.598992 -0.141152
10.43 0.0869355 -0.585991 -0.145748
10.44 0.0986765 -0.571895 -0.149398
10.45 0.110307 -0.556733 -0.151381
10.46 0.121807 -0.540535 -0.150832
10.47 0.133159 -0.523335 -0.147426
10.48 0.144344 -0.505168 -0.142056
10.49 0.155343 -0.486074 -0.136006
10.5 0.166138 -0.466093 -0.12954
10.51 0.176712 -0.445269 -0.122364
10.52 0.187046 -0.423646 -0.114175
10.53 0.197123 -0.40127 -0.105387
10.54 0.206927 -0.37819 -0.0968857
10.55 0.216441 -0.354454 -0.0891262
10.56 0.225648 -0.330112 -0.0823059
10.57 0.234533 -0.305213 -0.0763314
10.58 0.243081 -0.279809 -0.0711181
10.59 0.251276 -0.25395 -0.0663994
10.6 0.259105 -0.227688 -0.0620798
10.61 0.266555 -0.201073 -0.0585539
10.62 0.273611 -0.174158 -0.0553896
10.63 0.280261 -0.146994 -0.0521332
10.64 0.286495 -0.119633 -0.0488937
10.65 0.292299 -0.0921281 -0.0448488
10.66 0.297665 -0.0645314 -0.0387829
10.67 0.302582 -0.036897 -0.0307056
10.68 0.30704 -0.00927943 -0.0215455
10.69 0.311032 0.0182663 -0.0121021
10.7 0.31455 0.0456851 -0.00262291
10.71 0.317587 0.0729228 0.00664339
10.72 0.320137 0.0999253 0.0150818
10.73 0.322195 0.12664 0.0227381
10.74 0.323755 0.153015 0.0300288
10.75 0.324815 0.178999 0.0367745
10.76 0.32537 0.204543 0.0428285
10.77 0.32542 0.229599 0.0485949
10.78 0.324963 0.25412 0.0543554
10.79 0.323999 0.278059 0.0598172
10.8 0.322527 0.301373 0.0645607
10.81 0.320549 0.324019 0.0685713
10.82 0.318068 0.345956 0.0720566
10.83 0.315085 0.367143 0.0748188
10.84 0.311605 0.387545 0.0765621
10.85 0.307633 0.407126 0.0772332
10.86 0.303173 0.425852 0.0772645
10.87 0.298232 0.443692 0.0771418
10.88 0.292817 0.460618 0.0765366
10.89 0.286935 0.476602 0.0755152
10.9 0.280596 0.491619 0.0743356
10.91 0.273807 0.505646 0.0720126
10.92 0.266581 0.518662 0.0676901
10.93 0.258926 0.530649 0.0619624
10.94 0.250856 0.541593 0.0555887
10.95 0.242381 0.55148 0.0485524
10.96 0.233515 0.560301 0.0410058
10.97 0.224272 0.568047 0.0332029
10.98 0.214665 0.574712 0.0248178
10.99 0.20471 0.580293 0.0156615
11 0.194421 0.584788 0.0059699
11.01 0.183815 0.588199 -0.00490164
11.02 0.172908 0.59053 -0.0176442
11.03 0.161717 0.591787 -0.031578
11.04 0.15026 0.591979 -0.046421
11.05 0.138554 0.591118 -0.062172
11.06 0.126618 0.589219 -0.0783087
11.07 0.11447 0.586296 -0.0946515
11.08 0.10213 0.582369 -0.110989
11.09 0.0896161 0.577457 -0.127512
11.1 0.076949 0.571582 -0.144597
11.11 0.0641483 0.564768 -0.162071
11.12 0.051234 0.557039 -0.180013
11.13 0.0382265 0.548425 -0.198333
11.14 0.0251462 0.538953 -0.216728
11.15 0.0120138 0.528655 -0.235368
11.16 -0.00115023 0.517562 -0.254546
11.17 -0.0143251 0.505709 -0.273721
11.18 -0.0274901 0.49313 -0.291473
11.19 -0.0406245 0.479861 -0.307317
11.2 -0.0537078 0.465938 -0.321766
11.21 -0.0667194 0.451396 -0.335003
11.22 -0.0796389 0.436273 -0.347078
11.23 -0.092446 0.420604 -0.358004
11.24 -0.105121 0.404427 -0.367689
11.25 -0.117643 0.387779 -0.376481
11.26 -0.129994 0.370697 -0.384772
11.27 -0.142154 0.353218 -0.392671
11.28 -0.154103 0.335382 -0.400292
11.29 -0.165824 0.317225 -0.407242
11.3 -0.177299 0.298787 -0.412897
11.31 -0.188508 0.280106 -0.41778
11.32 -0.199436 0.261219 -0.422748
11.33 -0.210065 0.242165 -0.427365
11.34 -0.220379 0.222982 -0.431034
11.35 -0.230361 0.203709 -0.433737
11.36 -0.239998 0.184381 -0.434787
11.37 -0.249272 0.165035 -0.433535
11.38 -0.258172 0.145706 -0.430432
11.39 -0.266683 0.126428 -0.425974
11.4 -0.274792 0.107235 -0.420195
11.41 -0.282486 0.0881565 -0.412765
11.42 -0.289755 0.0692244 -0.403479
11.43 -0.296588 0.0504676 -0.392706
11.44 -0.302973 0.031914 -0.380615
11.45 -0.308902 0.0135903 -0.367545
11.46 -0.314366 -0.00447785 -0.354122
11.47 -0.319357 -0.0222657 -0.340452
11.48 -0.323867 -0.0397492 -0.326075
11.49 -0.32789 -0.0569055 -0.310671
11.5 -0.33142 -0.073713 -0.294071
11.51 -0.334453 -0.0901513 -0.276058
11.52 -0.336983 -0.106202 -0.257055
11.53 -0.339008 -0.121847 -0.237378
11.54 -0.340525 -0.13707 -0.217169
11.55 -0.341531 -0.151857 -0.196426
11.56 -0.342027 -0.166194 -0.174923
11.57 -0.342011 -0.180068 -0.153317
11.58 -0.341484 -0.193466 -0.132332
11.59 -0.340447 -0.206379 -0.111739
11.6 -0.338902 -0.218797 -0.0907414
11.61 -0.336852 -0.23071 -0.0690969
11.62 -0.3343 -0.24211 -0.047414
11.63 -0.331252 -0.252991 -0.0257726
11.64 -0.327711 -0.263347 -0.00334722
11.65 -0.323683 -0.273174 0.0202426
11.66 -0.319175 -0.28247 0.0445107
11.67 -0.314194 -0.291232 0.0692977
11.68 -0.308748 -0.299461 0.0944101
11.69 -0.302845 -0.307158 0.119255
11.7 -0.296494 -0.314325 0.143649
11.71 -0.289706 -0.320964 0.167376
11.72 -0.28249 -0.327079 0.190232
11.73 -0.274858 -0.332674 0.213221
11.74 -0.266821 -0.337753 0.237592
11.75 -0.258391 -0.342324 0.263154
11.76 -0.249582 -0.346393 0.289142
11.77 -0.240406 -0.349971 0.315661
11.78 -0.230877 -0.353067 0.34275
11.79 -0.22101 -0.355693 0.369427
11.8 -0.210819 -0.357861 0.395432
11.81 -0.200318 -0.359583 0.421028
11.82 -0.189525 -0.360872 0.445881
11.83 -0.178454 -0.361742 0.469774
11.84 -0.167122 -0.362206 0.492497
11.85 -0.155545 -0.362278 0.513704
11.86 -0.143741 -0.361971 0.533416
11.87 -0.131726 -0.361298 0.55227
11.88 -0.119518 -0.360274 0.5708
11.89 -0.107134 -0.358911 0.588087
11.9 -0.0945935 -0.357224 0.60304
11.91 -0.0819131 -0.355226 0.616432
11.92 -0.0691115 -0.352928 0.629585
11.93 -0.0562068 -0.350345 0.642532
11.94 -0.0432175 -0.34749 0.654695
11.95 -0.0301622 -0.344376 0.665938
11.96 -0.0170593 -0.341016 0.675888
11.97 -0.00392735 -0.337422 0.68401
11.98 0.00921506 -0.333609 0.690403
11.99 0.0223494 -0.329586 0.695541
12 0.0354573 -0.325366 0.699647
12.01 0.0485204 -0.32096 0.702852
12.02 0.0615204 -0.316378 0.705477
12.03 0.0744391 -0.311632 0.707451
12.04 0.0872586 -0.306731 0.70868
12.05 0.0999611 -0.301688 0.70924
12.06 0.112529 -0.296511 0.709132
12.07 0.124945 -0.291211 0.708389
12.08 0.137192 -0.285798 0.706995
12.09 0.149253 -0.280282 0.704911
12.1 0.161111 -0.274673 0.702258
12.11 0.172751 -0.268979 0.699365
12.12 0.184156 -0.26321 0.695904
12.13 0.195311 -0.257375 0.691443
12.14 0.206201 -0.251482 0.685865
12.15 0.21681 -0.245541 0.678818
12.16 0.227125 -0.239557 0.670495
12.17 0.237131 -0.233538 0.661054
12.18 0.246816 -0.227489 0.649972
12.19 0.256165 -0.221417 0.636942
12.2 0.265166 -0.215325 0.622097
12.21 0.273808 -0.209216 0.605683
12.22 0.282078 -0.203092 0.588009
12.23 0.289965 -0.196957 0.569379
12.24 0.29746 -0.19081 0.549714
12.25 0.304552 -0.184652 0.52885
12.26 0.311231 -0.178483 0.50668
12.27 0.317488 -0.172304 0.483348
12.28 0.323316 -0.166111 0.458984
12.29 0.328707 -0.159904 0.433362
12.3 0.333653 -0.15368 0.40719
12.31 0.338147 -0.147436 0.381412
12.32 0.342185 -0.141169 0.355463
12.33 0.34576 -0.134878 0.328695
12.34 0.348867 -0.128558 0.301334
12.35 0.351503 -0.122207 0.273626
12.36 0.353664 -0.115821 0.245878
12.37 0.355347 -0.109397 0.217491
12.38 0.35655 -0.102931 0.187926
12.39 0.357271 -0.0964183 0.157974
12.4 0.357509 -0.0898553 0.127953
12.41 0.357264 -0.0832376 0.0974381
12.42 0.356535 -0.0765605 0.0660446
12.43 0.355325 -0.0698192 0.0337719
12.44 0.353633 -0.0630088 0.00145961
12.45 0.351462 -0.0561241 -0.0302137
12.46 0.348816 -0.0491607 -0.0617047
12.47 0.345696 -0.0421139 -0.093586
12.48 0.342107 -0.0349796 -0.125949
12.49 0.338054 -0.0277531 -0.158114
12.5 0.33354 -0.0204305 -0.189426
12.51 0.328573 -0.0130081 -0.220283
12.52 0.323159 -0.00548259 -0.251129
12.53 0.317303 0.00214887 -0.281428
12.54 0.311013 0.00988869 -0.310484
12.55 0.304298 0.0177385 -0.338102
12.56 0.297165 0.0256989 -0.363999
12.57 0.289623 0.0337695 -0.388324
12.58 0.281683 0.0419489 -0.41163
12.59 0.273353 0.0502349 -0.433793
12.6 0.264645 0.0586246 -0.454859
12.61 0.255568 0.0671142 -0.475419
12.62 0.246135 0.0756994 -0.494693
12.63 0.236358 0.0843752 -0.511526
12.64 0.226248 0.0931351 -0.526174
12.65 0.215819 0.101971 -0.539352
12.66 0.205083 0.110876 -0.550564
12.67 0.194053 0.119837 -0.559183
12.68 0.182745 0.128846 -0.565864
12.69 0.171172 0.137889 -0.571131
12.7 0.159348 0.146954 -0.575324
12.71 0.14729 0.156026 -0.579191
12.72 0.13501 0.165092 -0.583285
12.73 0.122527 0.174139 -0.586499
12.74 0.109855 0.183152 -0.587394
12.75 0.0970098 0.192116 -0.586459
12.76 0.0840088 0.201015 -0.584051
12.77 0.0708682 0.209832 -0.579467
12.78 0.0576048 0.218551 -0.573035
12.79 0.0442357 0.227152 -0.565417
12.8 0.0307781 0.235617 -0.55586
12.81 0.0172492 0.243927 -0.543727
12.82 0.00366666 0.252061 -0.529782
12.83 -0.00995196 0.259999 -0.514842
12.84 -0.0235889 0.267719 -0.498956
12.85 -0.0372265 0.275201 -0.481986
12.86 -0.0508467 0.282423 -0.463776
12.87 -0.0644317 0.289363 -0.443862
12.88 -0.0779635 0.296001 -0.422182
12.89 -0.0914243 0.302314 -0.39961
12.9 -0.104796 0.308281 -0.37649
12.91 -0.118061 0.313881 -0.35216
12.92 -0.131201 0.319091 -0.326356
12.93 -0.144199 0.323891 -0.299654
12.94 -0.157037 0.328261 -0.272619
12.95 -0.169697 0.33218 -0.245252
12.96 -0.182162 0.335628 -0.217948
12.97 -0.194416 0.338587 -0.191524
12.98 -0.20644 0.341041 -0.166124
12.99 -0.218218 0.342973 -0.140994
13 -0.229733 0.344368 -0.114728
13.01 -0.24097 0.345214 -0.0872862
13.02 -0.251912 0.345496 -0.0596341
13.03 -0.262543 0.345202 -0.0322598
13.04 -0.272848 0.344321 -0.00603447
13.05 -0.282812 0.342843 0.0189493
13.06 -0.29242 0.34076 0.0431836
13.07 -0.301658 0.338066 0.0670051
13.08 -0.310511 0.334756 0.0908374
13.09 -0.318966 0.330827 0.11452
13.1 -0.327011 0.326275 0.138079
13.11 -0.334631 0.321099 0.161592
13.12 -0.341816 0.3153 0.184432
13.13 -0.348553 0.308878 0.206288
13.14 -0.354831 0.301837 0.227552
13.15 -0.36064 0.294181 0.248631
13.16 -0.36597 0.285915 0.269477
13.17 -0.370811 0.277047 0.289675
13.18 -0.375153 0.267585 0.309065
13.19 -0.37899 0.257538 0.327613
13.2 -0.382313 0.246918 0.34509
13.21 -0.385114 0.235737 0.36163
13.22 -0.387389 0.22401 0.377254
13.23 -0.38913 0.211752 0.391443
13.24 -0.390334 0.198981 0.403884
13.25 -0.390995 0.185716 0.414482
13.26 -0.39111 0.171977 0.423438
13.27 -0.390676 0.157787 0.431347
13.28 -0.389691 0.14317 0.437842
13.29 -0.388153 0.128152 0.442228
13.3 -0.386062 0.112758 0.445105
13.31 -0.383418 0.0970174 0.447071
13.32 -0.380222 0.0809594 0.448265
13.33 -0.376475 0.064614 0.44876
13.34 -0.372179 0.0480123 0.448381
13.35 -0.367339 0.0311857 0.447306
13.36 -0.361957 0.0141666 0.445846
13.37 -0.356038 -0.00301234 0.443894
13.38 -0.349589 -0.0203181 0.441648
13.39 -0.342615 -0.0377174 0.439366
13.4 -0.335124 -0.0551769 0.436619
13.41 -0.327123 -0.0726631 0.43348
13.42 -0.318621 -0.0901427 0.430392
13.43 -0.309628 -0.107582 0.42662
13.44 -0.300153 -0.124948 0.42153
13.45 -0.290209 -0.142207 0.415727
13.46 -0.279805 -0.159324 0.409378
13.47 -0.268956 -0.176267 0.401935
13.48 -0.257674 -0.193002 0.393446
13.49 -0.245974 -0.209495 0.384021
13.5 -0.233869 -0.225713 0.373255
13.51 -0.221376 -0.241622 0.361175
13.52 -0.20851 -0.257189 0.347832
13.53 -0.195287 -0.27238 0.33342
13.54 -0.181726 -0.287164 0.318963
13.55 -0.167845 -0.301507 0.304663
13.56 -0.153661 -0.315379 0.289741
13.57 -0.139194 -0.32875 0.273539
13.58 -0.124463 -0.34159 0.256104
13.59 -0.10949 -0.35387 0.238232
13.6 -0.0942938 -0.365561 0.220639
13.61 -0.0788964 -0.376638 0.203517
13.62 -0.0633193 -0.387074 0.187009
13.63 -0.0475847 -0.396846 0.171242
13.64 -0.0317149 -0.405932 0.155827
13.65 -0.0157327 -0.414312 0.140352
13.66 0.000338673 -0.421967 0.124435
13.67 0.0164758 -0.42888 0.107712
13.68 0.0326551 -0.435033 0.0900913
13.69 0.0488526 -0.440412 0.0719626
13.7 0.0650442 -0.445002 0.0540372
13.71 0.0812055 -0.448791 0.0365305
13.72 0.0973124 -0.451768 0.0192499
13.73 0.11334 -0.453924 0.00199803
13.74 0.129264 -0.455252 -0.0153403
13.75 0.145061 -0.455745 -0.0328527
13.76 0.160705 -0.455399 -0.0509289
13.77 0.176171 -0.454212 -0.0695925
13.78 0.191437 -0.45218 -0.0887207
13.79 0.206477 -0.449304 -0.108414
13.8 0.221268 -0.445584 -0.128082
13.81 0.235786 -0.441023 -0.147538
13.82 0.250008 -0.435625 -0.166939
13.83 0.263909 -0.429394 -0.185622
13.84 0.277469 -0.422339 -0.203209
13.85 0.290663 -0.414469 -0.219802
13.86 0.303471 -0.405796 -0.235106
13.87 0.31587 -0.396332 -0.248933
13.88 0.327839 -0.386093 -0.261643
13.89 0.339358 -0.375097 -0.273327
13.9 0.350408 -0.363363 -0.283404
13.91 0.360968 -0.350913 -0.291771
13.92 0.37102 -0.337771 -0.299407
13.93 0.380546 -0.32396 -0.306871
13.94 0.389529 -0.309507 -0.314056
13.95 0.397953 -0.29444 -0.320992
13.96 0.4058 -0.278787 -0.327379
13.97 0.413057 -0.262578 -0.332881
13.98 0.41971 -0.245844 -0.337287
13.99 0.425744 -0.228617 -0.340624
14 0.431148 -0.21093 -0.343514
14.01 0.435911 -0.192818 -0.34596
14.02 0.440022 -0.174316 -0.34748
14.03 0.443471 -0.15546 -0.348218
14.04 0.44625 -0.136287 -0.348801
14.05 0.448352 -0.116835 -0.349711
14.06 0.44977 -0.0971394 -0.350631
14.07 0.450498 -0.0772395 -0.350783
14.08 0.450533 -0.057173 -0.349837
14.09 0.449872 -0.0369784 -0.348093
14.1 0.448511 -0.0166947 -0.346009
14.11 0.44645 0.00363912 -0.343982
14.12 0.44369 0.0239842 -0.342198
14.13 0.440231 0.0443021 -0.340279
14.14 0.436076 0.0645547 -0.337804
14.15 0.431228 0.084704 -0.334437
14.16 0.425692 0.104712 -0.329944
14.17 0.419473 0.12454 -0.324469
14.18 0.41258 0.144152 -0.317701
14.19 0.405018 0.163508 -0.309387
14.2 0.396799 0.182571 -0.299813
14.21 0.387931 0.201304 -0.289125
14.22 0.378427 0.219669 -0.277383
14.23 0.368298 0.237628 -0.264374
14.24 0.357558 0.255146 -0.250707
14.25 0.346222 0.272187 -0.237816
14.26 0.334306 0.288716 -0.226035
14.27 0.321825 0.304702 -0.215302
14.28 0.308797 0.320112 -0.205505
14.29 0.295242 0.334919 -0.196011
14.3 0.281178 0.349096 -0.186213
14.31 0.266626 0.362615 -0.175893
14.32 0.251607 0.375453 -0.165241
14.33 0.236144 0.387585 -0.153928
14.34 0.220259 0.39899 -0.141698
14.35 0.203976 0.409646 -0.128747
14.36 0.18732 0.419532 -0.114574
14.37 0.170316 0.42863 -0.0989661
14.38 0.15299 0.436922 -0.082439
14.39 0.135368 0.44439 -0.0656434
14.4 0.117478 0.451019 -0.0494501
14.41 0.0993468 0.456795 -0.0341744
14.42 0.0810034 0.461708 -0.0193465
14.43 0.062476 0.465746 -0.00515049
14.44 0.043794 0.468904 0.00790789
14.45 0.0249866 0.471175 0.020124
14.46 0.00608382 0.472557 0.0314789
14.47 -0.0128845 0.47305 0.0415071
14.48 -0.0318879 0.472654 0.0503953
14.49 -0.050896 0.471374 0.0589701
14.5 -0.0698782 0.469214 0.0678304
14.51 -0.0888039 0.466183 0.077235
14.52 -0.107642 0.462288 0.0873019
14.53 -0.126363 0.457539 0.0974204
14.54 -0.144935 0.451948 0.106635
14.55 -0.163329 0.445526 0.11477
14.56 -0.181513 0.43829 0.12296
14.57 -0.199459 0.430256 0.131753
14.58 -0.217135 0.421441 0.140408
14.59 -0.234514 0.411864 0.148604
14.6 -0.251566 0.401545 0.155996
14.61 -0.268262 0.390507 0.162208
14.62 -0.284574 0.378773 0.167224
14.63 -0.300476 0.366369 0.170975
14.64 -0.315939 0.353322 0.173687
14.65 -0.330939 0.339661 0.175719
14.66 -0.345448 0.325415 0.177392
14.67 -0.359443 0.310616 0.178842
14.68 -0.3729 0.295295 0.179517
14.69 -0.385795 0.279487 0.179095
14.7 -0.398105 0.263224 0.178442
14.71 -0.40981 0.246542 0.178293
14.72 -0.420889 0.229476 0.17804
14.73 -0.431322 0.212062 0.176983
14.74 -0.44109 0.194335 0.175179
14.75 -0.450177 0.176334 0.172498
14.76 -0.458566 0.158096 0.168766
14.77 -0.466242 0.139658 0.164485
14.78 -0.47319 0.121061 0.160009
14.79 -0.479398 0.102341 0.155218
14.8 -0.484853 0.0835396 0.15003
14.81 -0.489546 0.0646937 0.144271
14.82 -0.493467 0.0458427 0.138078
14.83 -0.496607 0.0270254 0.131518
14.84 -0.498961 0.00828008 0.124376
14.85 -0.500522 -0.0103548 0.116699
14.86 -0.501287 -0.0288412 0.108541
14.87 -0.501252 -0.0471414 0.100175
14.88 -0.500417 -0.0652186 0.0918165
14.89 -0.49878 -0.0830363 0.083332
14.9 -0.496343 -0.100559 0.0745751
14.91 -0.493109 -0.117752 0.0653769
14.92 -0.489081 -0.13458 0.0558952
14.93 -0.484264 -0.151012 0.0465402
14.94 -0.478664 -0.167015 0.0374317
14.95 -0.472291 -0.182557 0.028312
14.96 -0.465151 -0.197609 0.0194718
14.97 -0.457256 -0.212144 0.0116195
14.98 -0.448618 -0.226134 0.0043041
14.99 -0.439248 -0.239554 -0.00269126
15 -0.429162 -0.252381 -0.00882595
15.01 -0.418374 -0.264594 -0.0142652
15.02 -0.406901 -0.276172 -0.0197408
15.03 -0.394761 -0.287097 -0.0258133
15.04 -0.381971 -0.297351 -0.0318432
15.05 -0.368553 -0.306919 -0.0365555
15.06 -0.354527 -0.315788 -0.0399692
15.07 -0.339915 -0.323945 -0.0431887
15.08 -0.32474 -0.33138 -0.046647
15.09 -0.309025 -0.338086 -0.0501509
15.1 -0.292797 -0.344055 -0.0541277
15.11 -0.276079 -0.349281 -0.059042
15.12 -0.2589 -0.35376 -0.0642424
15.13 -0.241285 -0.357488 -0.0692627
15.14 -0.223264 -0.360464 -0.0747935
15.15 -0.204865 -0.362685 -0.0812314
15.16 -0.186117 -0.364154 -0.0881729
15.17 -0.16705 -0.364872 -0.0950444
15.18 -0.147696 -0.364841 -0.101458
15.19 -0.128084 -0.364066 -0.107081
15.2 -0.108247 -0.362554 -0.112081
15.21 -0.0882164 -0.360313 -0.116923
15.22 -0.0680242 -0.357351 -0.121121
15.23 -0.0477031 -0.353682 -0.124625
15.24 -0.0272858 -0.349316 -0.127935
15.25 -0.00680522 -0.344268 -0.130894
15.26 0.0137056 -0.338555 -0.13356
15.27 0.0342137 -0.332191 -0.135936
15.28 0.0546858 -0.325196 -0.137802
15.29 0.0750889 -0.317589 -0.139249
15.3 0.0953901 -0.30939 -0.140046
15.31 0.115557 -0.300621 -0.13965
15.32 0.135556 -0.291305 -0.138115
15.33 0.155356 -0.281467 -0.1363
15.34 0.174924 -0.271133 -0.134894
15.35 0.194229 -0.260328 -0.133895
15.36 0.213239 -0.24908 -0.133165
15.37 0.231925 -0.237416 -0.132606
15.38 0.250255 -0.225362 -0.131814
15.39 0.268201 -0.212947 -0.13067
15.4 0.285732 -0.2002 -0.129617
15.41 0.302822 -0.187149 -0.129149
15.42 0.319443 -0.173824 -0.129293
15.43 0.335567 -0.160254 -0.128778
15.44 0.351168 -0.146467 -0.126713
15.45 0.366223 -0.132495 -0.12374
15.46 0.380706 -0.118367 -0.120688
15.47 0.394594 -0.104116 -0.118123
15.48 0.407865 -0.0897705 -0.115845
15.49 0.420497 -0.0753618 -0.112766
15.5 0.432471 -0.0609203 -0.108668
15.51 0.443767 -0.0464766 -0.104346
15.52 0.454368 -0.0320612 -0.100125
15.53 0.464256 -0.0177042 -0.0964781
15.54 0.473415 -0.00343505 -0.0932758
15.55 0.481832 0.0107176 -0.0900577
15.56 0.489492 0.0247256 -0.0874111
15.57 0.496384 0.0385616 -0.0851171
15.58 0.502496 0.0521992 -0.0828564
15.59 0.50782 0.0656127 -0.0809843
15.6 0.512346 0.0787772 -0.0793514
15.61 0.516069 0.0916687 -0.0778409
15.62 0.518981 0.104264 -0.0759806
15.63 0.521079 0.116541 -0.0735021
15.64 0.52236 0.128478 -0.0708967
15.65 0.522821 0.140053 -0.0679042
15.66 0.522463 0.151246 -0.0640976
15.67 0.521286 0.162038 -0.0596635
15.68 0.519292 0.172409 -0.0548049
15.69 0.516485 0.182341 -0.0491848
15.7 0.51287 0.191817 -0.0426116
15.71 0.508452 0.200818 -0.0361342
15.72 0.503239 0.209331 -0.0305762
15.73 0.49724 0.217339 -0.0256794
15.74 0.490463 0.224831 -0.0208955
15.75 0.482921 0.231794 -0.0164195
15.76 0.474626 0.238219 -0.0124397
15.77 0.46559 0.244096 -0.00824835
15.78 0.45583 0.249417 -0.00385579
15.79 0.445359 0.254175 0.000527343
15.8 0.434195 0.258366 0.00516316
15.81 0.422357 0.261984 0.0102628
15.82 0.409862 0.265026 0.0160118
15.83 0.396731 0.267489 0.0223181
15.84 0.382985 0.26937 0.0288466
15.85 0.368646 0.270669 0.0355599
15.86 0.353736 0.271387 0.0428024
15.87 0.33828 0.271523 0.0503454
15.88 0.322301 0.27108 0.0577056
15.89 0.305825 0.270061 0.0652877
15.9 0.288877 0.268469 0.0735413
15.91 0.271486 0.26631 0.0824188
15.92 0.253677 0.263589 0.0920712
15.93 0.235479 0.260312 0.102726
15.94 0.216921 0.256485 0.114165
15.95 0.198031 0.252115 0.125505
15.96 0.178839 0.247212 0.135797
15.97 0.159376 0.241783 0.144663
15.98 0.139671 0.235841 0.15216
15.99 0.119755 0.229398 0.158429
16 0.0996591 0.222468 0.163852
16.01 0.0794147 0.215066 0.169231
16.02 0.0590531 0.20721 0.17486
16.03 0.0386058 0.198915 0.180098
16.04 0.0181045 0.1902 0.184185
16.05 -0.00241913 0.181084 0.187261
16.06 -0.0229335 0.171586 0.190064
16.07 -0.043407 0.161728 0.192538
16.08 -0.0638081 0.151531 0.194185
16.09 -0.0841055 0.141017 0.195155
16.1 -0.104268 0.13021 0.196309
16.11 -0.124265 0.119133 0.198246
16.12 -0.144065 0.107809 0.200447
16.13 -0.163639 0.0962613 0.2024
16.14 -0.182957 0.0845146 0.204545
16.15 -0.201988 0.0725925 0.20648
16.16 -0.220706 0.0605193 0.207082
16.17 -0.23908 0.0483198 0.206812
16.18 -0.257083 0.0360193 0.206576
16.19 -0.274688 0.0236433 0.206649
16.2 -0.291868 0.0112168 0.206619
16.21 -0.308598 -0.00123468 0.205507
16.22 -0.324851 -0.0136858 0.203426
16.23 -0.340605 -0.0261107 0.201017
16.24 -0.355835 -0.0384837 0.198349
16.25 -0.370519 -0.0507792 0.195597
16.26 -0.384634 -0.0629718 0.192809
16.27 -0.398159 -0.0750367 0.189844
16.28 -0.411076 -0.0869491 0.186679
16.29 -0.423363 -0.0986849 0.183287
16.3 -0.435004 -0.11022 0.180241
16.31 -0.445981 -0.121532 0.17787
16.32 -0.456277 -0.132598 0.175935
16.33 -0.465879 -0.143398 0.174296
16.34 -0.474771 -0.15391 0.172402
16.35 -0.482941 -0.164114 0.169908
16.36 -0.490377 -0.173992 0.167231
16.37 -0.497069 -0.183524 0.164946
16.38 -0.503007 -0.192693 0.162875
16.39 -0.508182 -0.201482 0.160334
16.4 -0.512587 -0.209874 0.157155
16.41 -0.516216 -0.217855 0.153746
16.42 -0.519064 -0.225408 0.150421
16.43 -0.521128 -0.23252 0.147422
16.44 -0.522404 -0.239178 0.145297
16.45 -0.522892 -0.245371 0.144006
16.46 -0.522591 -0.251088 0.143309
16.47 -0.521502 -0.256321 0.143223
16.48 -0.519627 -0.261063 0.143269
16.49 -0.516969 -0.265307 0.142931
16.5 -0.513534 -0.269047 0.142499
16.51 -0.509325 -0.272279 0.142526
16.52 -0.504351 -0.275 0.142904
16.53 -0.498619 -0.277207 0.143421
16.54 -0.492137 -0.2789 0.143873
16.55 -0.484916 -0.280077 0.144066
16.56 -0.476968 -0.280741 0.144179
16.57 -0.468303 -0.280892 0.144131
16.58 -0.458936 -0.280533 0.143784
16.59 -0.44888 -0.279668 0.143543
16.6 -0.438151 -0.278302 0.143741
16.61 -0.426764 -0.276439 0.144001
16.62 -0.414738 -0.274086 0.143724
16.63 -0.402089 -0.27125 0.142677
16.64 -0.388838 -0.267939 0.140822
16.65 -0.375003 -0.264162 0.138386
16.66 -0.360605 -0.259926 0.136155
16.67 -0.345666 -0.255242 0.134523
16.68 -0.330207 -0.25012 0.132621
16.69 -0.314252 -0.244571 0.129844
16.7 -0.297825 -0.238607 0.127146
16.71 -0.280949 -0.232242 0.125108
16.72 -0.263649 -0.225487 0.122676
16.73 -0.245951 -0.218357 0.119304
16.74 -0.227881 -0.210866 0.115603
16.75 -0.209465 -0.20303 0.111863
16.76 -0.19073 -0.194862 0.107863
16.77 -0.171704 -0.186379 0.103657
16.78 -0.152415 -0.177596 0.0993991
16.79 -0.132891 -0.168531 0.0947705
16.8 -0.11316 -0.159199 0.089394
16.81 -0.0932519 -0.149618 0.082807
16.82 -0.0731947 -0.139804 0.0748484
16.83 -0.053018 -0.129774 0.0662153
16.84 -0.0327513 -0.119544 0.057438
16.85 -0.0124242 -0.10913 0.0485613
16.86 0.00793392 -0.0985488 0.0393481
16.87 0.0282932 -0.0878176 0.0298347
16.88 0.0486241 -0.0769533 0.0208114
16.89 0.068897 -0.0659732 0.0120216
16.9 0.0890824 -0.0548947 0.00270961
16.91 0.109151 -0.0437354 -0.00689622
16.92 0.129073 -0.0325127 -0.016785
16.93 0.14882 -0.0212441 -0.0263665
16.94 0.168364 -0.0099472 -0.0347562
16.95 0.187675 0.00135979 -0.0426745
16.96 0.206725 0.0126586 -0.0510643
16.97 0.225487 0.023931 -0.0599075
16.98 0.243933 0.0351592 -0.0685716
16.99 0.262037 0.0463252 -0.076014
17 0.279771 0.0574106 -0.0815301
17.01 0.297111 0.0683963 -0.085421
17.02 0.314029 0.0792626 -0.0883611
17.03 0.330503 0.0899894 -0.0903633
17.04 0.346506 0.100556 -0.091575
17.05 0.362017 0.110943 -0.093041
17.06 0.377011 0.121131 -0.0953036
17.07 0.391467 0.131099 -0.0976604
17.08 0.405363 0.140829 -0.0996731
17.09 0.418679 0.150304 -0.101964
17.1 0.431395 0.159505 -0.104497
17.11 0.443492 0.168416 -0.106626
17.12 0.454951 0.177019 -0.108341
17.13 0.465755 0.185298 -0.109402
17.14 0.475888 0.193237 -0.109336
17.15 0.485335 0.200821 -0.108308
17.16 0.494081 0.208033 -0.10678
17.17 0.502112 0.214857 -0.104755
17.18 0.509417 0.22128 -0.102035
17.19 0.515983 0.227286 -0.0986288
17.2 0.5218 0.232862 -0.0942738
17.21 0.526859 0.237993 -0.0891242
17.22 0.531151 0.242666 -0.0840461
17.23 0.53467 0.246869 -0.0792187
17.24 0.537408 0.25059 -0.0743301
17.25 0.539362 0.253818 -0.0694554
17.26 0.540526 0.256544 -0.0647934
17.27 0.540898 0.25876 -0.0602952
17.28 0.540477 0.260457 -0.0557056
17.29 0.539262 0.26163 -0.0510302
17.3 0.537254 0.262273 -0.0464052
17.31 0.534453 0.26238 -0.0416809
17.32 0.530863 0.261949 -0.0367758
17.33 0.526489 0.260976 -0.0318879
17.34 0.521334 0.259461 -0.0277517
17.35 0.515406 0.257403 -0.024647
17.36 0.508711 0.254803 -0.0219187
17.37 0.501259 0.251664 -0.019182
17.38 0.493058 0.247991 -0.0160522
17.39 0.48412 0.243787 -0.0123149
17.4 0.474455 0.239057 -0.00858802
17.41 0.464078 0.233809 -0.00559684
17.42 0.453002 0.22805 -0.0030528
17.43 0.441241 0.221789 0.000323799
17.44 0.428811 0.215035 0.00455113
17.45 0.415731 0.207799 0.0081962
17.46 0.402017 0.200092 0.0112467
17.47 0.387688 0.191927 0.0143554
17.48 0.372764 0.183318 0.0171814
17.49 0.357266 0.174279 0.0198873
17.5 0.341216 0.164825 0.0228187
17.51 0.324636 0.154974 0.0251623
17.52 0.307548 0.144742 0.0264272
17.53 0.289978 0.134149 0.0274885
17.54 0.27195 0.123214 0.0286182
17.55 0.253489 0.111958 0.0290563
17.56 0.234622 0.100403 0.0286594
17.57 0.215376 0.0885712 0.027431
17.58 0.195778 0.0764863 0.0252335
17.59 0.175856 0.0641733 0.0219778
17.6 0.155639 0.0516582 0.0177697
17.61 0.135156 0.038968 0.013311
17.62 0.114437 0.0261302 0.00865853
17.63 0.0935108 0.0131729 0.00336141
17.64 0.0724091 0.000124935 -0.00227098
17.65 0.051162 -0.0129846 -0.00779136
17.66 0.0298008 -0.0261262 -0.0131257
17.67 0.0083566 -0.0392704 -0.0185872
17.68 -0.0131391 -0.0523872 -0.024977
17.69 -0.0346546 -0.0654466 -0.0320955
17.7 -0.0561583 -0.0784178 -0.0390608
17.71 -0.0776183 -0.0912704 -0.0455237
17.72 -0.0990027 -0.103974 -0.0515162
17.73 -0.12028 -0.116499 -0.0574796
17.74 -0.141418 -0.128816 -0.0637798
17.75 -0.162386 -0.140895 -0.0706419
17.76 -0.183151 -0.152706 -0.0784597
17.77 -0.203684 -0.16422 -0.0870906
17.78 -0.223952 -0.175409 -0.0952235
17.79 -0.243926 -0.186242 -0.10234
17.8 -0.263575 -0.196692 -0.108977
17.81 -0.282869 -0.206733 -0.115627
17.82 -0.301779 -0.216338 -0.122669
17.83 -0.320276 -0.225481 -0.129978
17.84 -0.338331 -0.234138 -0.136746
17.85 -0.355918 -0.242285 -0.142249
17.86 -0.373008 -0.2499 -0.146484
17.87 -0.389576 -0.256961 -0.1496
17.88 -0.405595 -0.26345 -0.151993
17.89 -0.421041 -0.269348 -0.153832
17.9 -0.435889 -0.27464 -0.155357
17.91 -0.450116 -0.279311 -0.157011
17.92 -0.463701 -0.283345 -0.158121
17.93 -0.47662 -0.286732 -0.157821
17.94 -0.488854 -0.289459 -0.156269
17.95 -0.500383 -0.291519 -0.154053
17.96 -0.511189 -0.292903 -0.151606
17.97 -0.521253 -0.293607 -0.14908
17.98 -0.53056 -0.293626 -0.146414
17.99 -0.539094 -0.292957 -0.143661
18 -0.546841 -0.291597 -0.141269
18.01 -0.553788 -0.289547 -0.139061
18.02 -0.559922 -0.286807 -0.136795
18.03 -0.565233 -0.28338 -0.134912
18.04 -0.569712 -0.279267 -0.132805
18.05 -0.573351 -0.274476 -0.130058
18.06 -0.576142 -0.26901 -0.127435
18.07 -0.57808 -0.262879 -0.125521
18.08 -0.579159 -0.256091 -0.124102
18.09 -0.579378 -0.248656 -0.122203
18.1 -0.578735 -0.240585 -0.119036
18.11 -0.577228 -0.231892 -0.114747
18.12 -0.574858 -0.222591 -0.110393
18.13 -0.571628 -0.212699 -0.106362
18.14 -0.567541 -0.202234 -0.101706
18.15 -0.562602 -0.191216 -0.0960714
18.16 -0.556816 -0.179664 -0.0900479
18.17 -0.550191 -0.167602 -0.0837555
18.18 -0.542736 -0.155053 -0.0770323
18.19 -0.534461 -0.142042 -0.0699109
18.2 -0.525376 -0.128596 -0.0626237
18.21 -0.515495 -0.114741 -0.0550816
18.22 -0.50483 -0.100506 -0.0466992
18.23 -0.493397 -0.0859207 -0.0376741
18.24 -0.481212 -0.0710167 -0.0283122
18.25 -0.468292 -0.0558257 -0.0187529
18.26 -0.454656 -0.0403806 -0.00959836
18.27 -0.440323 -0.0247148 -0.00123899
18.28 -0.425314 -0.00886198 0.00634304
18.29 -0.409651 0.00714393 0.0138507
18.3 -0.393356 0.0232685 0.0219577
18.31 -0.376453 0.0394766 0.0304571
18.32 -0.358968 0.0557325 0.0392109
18.33 -0.340925 0.0719999 0.0481971
18.34 -0.322352 0.0882425 0.0566189
18.35 -0.303277 0.104424 0.0637066
18.36 -0.283726 0.120507 0.0695102
18.37 -0.26373 0.136458 0.0744204
18.38 -0.243318 0.152242 0.0786434
18.39 -0.222521 0.167823 0.0822935
18.4 -0.20137 0.183169 0.0859705
18.41 -0.179896 0.198244 0.0898203
18.42 -0.158132 0.213016 0.09291
18.43 -0.136111 0.227451 0.0946553
18.44 -0.113866 0.241519 0.0955717
18.45 -0.091431 0.255187 0.0959052
18.46 -0.0688392 0.268426 0.0954534
18.47 -0.046125 0.281207 0.0952872
18.48 -0.0233231 0.293502 0.0964654
18.49 -0.000468083 0.305281 0.0984128
18.5 0.0224053 0.316517 0.0998579
18.51 0.0452621 0.327182 0.100268
18.52 0.0680675 0.337252 0.100062
18.53 0.0907867 0.346701 0.0996165
18.54 0.113385 0.355507 0.0989231
18.55 0.135828 0.363647 0.0976208
18.56 0.158081 0.371102 0.095357
18.57 0.180109 0.377851 0.0920099
18.58 0.20188 0.383878 0.0874826
18.59 0.22336 0.389168 0.0816446
18.6 0.244515 0.393708 0.0747232
18.61 0.265314 0.397486 0.0673495
18.62 0.285723 0.400492 0.0598299
18.63 0.305713 0.402718 0.0521787
18.64 0.325251 0.404157 0.0447013
18.65 0.344308 0.404804 0.0372525
18.66 0.362854 0.404654 0.029207
18.67 0.380861 0.403706 0.0207067
18.68 0.398301 0.401959 0.0120198
18.69 0.415147 0.399415 0.00295403
18.7 0.431373 0.396076 -0.00634448
18.71 0.446953 0.391946 -0.0157328
18.72 0.461865 0.387032 -0.0248209
18.73 0.476084 0.381341 -0.0330648
18.74 0.489588 0.374882 -0.040886
18.75 0.502358 0.367665 -0.0491239
18.76 0.514372 0.359702 -0.057909
18.77 0.525613 0.351006 -0.0667716
18.78 0.536062 0.341592 -0.0757684
18.79 0.545705 0.331476 -0.0850982
18.8 0.554525 0.320678 -0.0952682
18.81 0.56251 0.309217 -0.106804
18.82 0.569647 0.297115 -0.1188
18.83 0.575925 0.284397 -0.130153
18.84 0.581334 0.271087 -0.141149
18.85 0.585866 0.257211 -0.152279
18.86 0.589514 0.242797 -0.163537
18.87 0.592273 0.227874 -0.175196
18.88 0.594138 0.212472 -0.187163
18.89 0.595107 0.196623 -0.199032
18.9 0.595177 0.180358 -0.210735
18.91 0.594351 0.163712 -0.222353
18.92 0.592628 0.146718 -0.233857
18.93 0.590011 0.129413 -0.244896
18.94 0.586506 0.111832 -0.255183
18.95 0.582116 0.0940119 -0.265081
18.96 0.576851 0.0759889 -0.274889
18.97 0.570717 0.057801 -0.284782
18.98 0.563725 0.0394865 -0.29516
18.99 0.555885 0.0210842 -0.305494
19 0.54721 0.0026336 -0.314824
19.01 0.537714 -0.015826 -0.323294
19.02 0.527412 -0.0342552 -0.331826
19.03 0.516319 -0.0526146 -0.340371
19.04 0.504454 -0.0708645 -0.347865
19.05 0.491835 -0.0889657 -0.354066
19.06 0.478481 -0.10688 -0.359459
19.07 0.464414 -0.124568 -0.364264
19.08 0.449656 -0.141993 -0.368253
19.09 0.43423 -0.159118 -0.370856
19.1 0.418159 -0.175906 -0.371904
19.11 0.401469 -0.192323 -0.37192
19.12 0.384187 -0.208335 -0.371295
19.13 0.366338 -0.223908 -0.370392
19.14 0.34795 -0.239009 -0.369306
19.15 0.329053 -0.253608 -0.367499
19.16 0.309676 -0.267673 -0.36459
19.17 0.289848 -0.281176 -0.360209
19.18 0.269601 -0.294087 -0.3541
19.19 0.248965 -0.306382 -0.346393
19.2 0.227973 -0.318036 -0.33716
19.21 0.206658 -0.329026 -0.326459
19.22 0.185051 -0.339332 -0.314397
19.23 0.163186 -0.348935 -0.301451
19.24 0.141097 -0.357817 -0.288327
19.25 0.118819 -0.365963 -0.275164
19.26 0.0963839 -0.373358 -0.261342
19.27 0.0738277 -0.379988 -0.246357
19.28 0.0511844 -0.385843 -0.230477
19.29 0.0284888 -0.390912 -0.213658
19.3 0.00577552 -0.39519 -0.195942
19.31 -0.0169209 -0.398668 -0.178261
19.32 -0.039566 -0.401344 -0.16079
19.33 -0.0621253 -0.403215 -0.142148
19.34 -0.0845645 -0.404279 -0.1217
19.35 -0.10685 -0.404537 -0.100194
19.36 -0.128947 -0.403994 -0.0781245
19.37 -0.150824 -0.402655 -0.0556086
19.38 -0.172447 -0.400527 -0.0326663
19.39 -0.193784 -0.397617 -0.0095359
19.4 -0.214802 -0.393938 0.0140187
19.41 -0.235471 -0.389501 0.0387051
19.42 -0.255759 -0.384319 0.0642851
19.43 -0.275637 -0.37841 0.0904382
19.44 -0.295074 -0.37179 0.117225
19.45 -0.314043 -0.36448 0.143898
19.46 -0.332515 -0.356501 0.169587
19.47 -0.350463 -0.347873 0.194453
19.48 -0.367861 -0.33862 0.218692
19.49 -0.384684 -0.328765 0.242094
19.5 -0.400906 -0.318334 0.264729
19.51 -0.416506 -0.307351 0.286942
19.52 -0.431459 -0.295842 0.309245
19.53 -0.445746 -0.283836 0.331008
19.54 -0.459344 -0.271361 0.35108
19.55 -0.472237 -0.258445 0.369587
19.56 -0.484404 -0.245118 0.387445
19.57 -0.495829 -0.231408 0.405344
19.58 -0.506497 -0.217347 0.42264
19.59 -0.516393 -0.202965 0.438519
19.6 -0.525504 -0.188294 0.453304
19.61 -0.533816 -0.173365 0.46705
19.62 -0.541321 -0.15821 0.479647
19.63 -0.548007 -0.142861 0.491555
19.64 -0.553867 -0.127349 0.502552
19.65 -0.558893 -0.111708 0.51188
19.66 -0.56308 -0.0959675 0.519146
19.67 -0.566424 -0.0801601 0.52418
19.68 -0.56892 -0.064316 0.527959
19.69 -0.570568 -0.0484657 0.531808
19.7 -0.571367 -0.0326396 0.535312
19.71 -0.571317 -0.0168682 0.537226
19.72 -0.57042 -0.00118152 0.537391
19.73 -0.568681 0.0143911 0.536875
19.74 -0.566102 0.0298207 0.536007
19.75 -0.562691 0.0450785 0.534265
19.76 -0.558454 0.0601361 0.531842
19.77 -0.5534 0.0749655 0.528839
19.78 -0.547538 0.0895392 0.525063
19.79 -0.540879 0.10383 0.520785
19.8 -0.533435 0.117813 0.516003
19.81 -0.525219 0.13146 0.510529
19.82 -0.516244 0.144747 0.504162
19.83 -0.506528 0.15765 0.496607
19.84 -0.496085 0.170145 0.487837
19.85 -0.484934 0.182211 0.477468
19.86 -0.473093 0.193827 0.46557
19.87 -0.460581 0.204973 0.452931
19.88 -0.447419 0.21563 0.439504
19.89 -0.433627 0.225783 0.42487
19.9 -0.41923 0.235415 0.409076
19.91 -0.404248 0.244512 0.392333
19.92 -0.388707 0.25306 0.374571
19.93 -0.37263 0.261048 0.355335
19.94 -0.356044 0.268465 0.334453
19.95 -0.338974 0.275304 0.312094
19.96 -0.321448 0.281557 0.288491
19.97 -0.303491 0.28722 0.264022
19.98 -0.285132 0.292289 0.238822
19.99 -0.2664 0.296762 0.212926
20 -0.247323 0.300637 0.18645
