0.01 1.85433e-12 -4.91089e-08 -0.000330884
0.02 2.30469e-11 -4.1399e-07 -0.00146649
0.03 1.44546e-10 -1.78019e-06 -0.00348833
0.04 6.17493e-10 -5.33842e-06 -0.00634983
0.05 2.04414e-09 -1.28224e-05 -0.0103335
0.06 5.6413e-09 -2.65735e-05 -0.0153789
0.07 1.35879e-08 -4.9422e-05 -0.0205555
0.08 2.9437e-08 -8.43578e-05 -0.0256022
0.09 5.85573e-08 -0.000134387 -0.0310475
0.1 1.08583e-07 -0.000202609 -0.0366451
0.11 1.89867e-07 -0.000292131 -0.0418361
0.12 3.15933e-07 -0.000405912 -0.0469648
0.13 5.03906e-07 -0.000546879 -0.0527256
0.14 7.74945e-07 -0.000718192 -0.0592109
0.15 1.15469e-06 -0.000923301 -0.0659622
0.16 1.67374e-06 -0.00116577 -0.0726491
0.17 2.36815e-06 -0.00144911 -0.0793925
0.18 3.27991e-06 -0.00177673 -0.0858757
0.19 4.45741e-06 -0.00215178 -0.091659
0.2 5.9558e-06 -0.00257704 -0.0971789
0.21 7.83741e-06 -0.00305498 -0.102626
0.22 1.0172e-05 -0.00358791 -0.107985
0.23 1.3037e-05 -0.004178 -0.113332
0.24 1.65177e-05 -0.00482717 -0.118001
0.25 2.07076e-05 -0.00553693 -0.121956
0.26 2.57084e-05 -0.00630831 -0.125495
0.27 3.16299e-05 -0.00714188 -0.12838
0.28 3.859e-05 -0.00803779 -0.130971
0.29 4.67148e-05 -0.00899596 -0.134021
0.3 5.61381e-05 -0.0100164 -0.137886
0.31 6.70014e-05 -0.0110994 -0.142227
0.32 7.9454e-05 -0.0122453 -0.146435
0.33 9.36521e-05 -0.0134544 -0.15042
0.34 0.00010976 -0.0147269 -0.154539
0.35 0.000127947 -0.0160626 -0.158948
0.36 0.000148392 -0.0174616 -0.16365
0.37 0.000171278 -0.0189241 -0.168435
0.38 0.000196797 -0.0204499 -0.172959
0.39 0.000225144 -0.0220388 -0.177093
0.4 0.000256521 -0.0236901 -0.180699
0.41 0.000291137 -0.0254029 -0.184047
0.42 0.000329204 -0.0271758 -0.187593
0.43 0.000370939 -0.0290075 -0.190825
0.44 0.000416564 -0.0308964 -0.19322
0.45 0.000466302 -0.0328402 -0.195393
0.46 0.000520381 -0.0348365 -0.197619
0.47 0.000579032 -0.0368828 -0.199159
0.48 0.000642485 -0.0389759 -0.199781
0.49 0.000710973 -0.0411122 -0.200046
0.5 0.000784726 -0.0432879 -0.200114
0.51 0.000863977 -0.0454987 -0.199834
0.52 0.000948954 -0.0477402 -0.199258
0.53 0.00103988 -0.0500078 -0.198441
0.54 0.00113699 -0.0522965 -0.197245
0.55 0.00124048 -0.0546013 -0.195328
0.56 0.00135058 -0.0569165 -0.192429
0.57 0.00146748 -0.0592358 -0.188336
0.58 0.00159139 -0.0615525 -0.183225
0.59 0.00172249 -0.063859 -0.177605
0.6 0.00186095 -0.0661476 -0.171321
0.61 0.00200694 -0.0684102 -0.163815
0.62 0.00216061 -0.0706378 -0.155355
0.63 0.00232209 -0.0728212 -0.145855
0.64 0.00249151 -0.0749504 -0.134786
0.65 0.00266895 -0.077015 -0.122868
0.66 0.0028545 -0.0790039 -0.110548
0.67 0.00304821 -0.080906 -0.0975115
0.68 0.00325013 -0.0827099 -0.0837962
0.69 0.00346025 -0.0844039 -0.0696554
0.7 0.00367856 -0.0859766 -0.0550621
0.71 0.00390501 -0.0874161 -0.0402694
0.72 0.00413953 -0.0887112 -0.0261808
0.73 0.00438199 -0.0898511 -0.0133723
0.74 0.00463227 -0.0908259 -0.00183347
0.75 0.00489018 -0.091627 0.00930625
0.76 0.0051555 -0.0922459 0.021115
0.77 0.00542799 -0.0926746 0.033378
0.78 0.00570736 -0.092905 0.0457577
0.79 0.00599329 -0.0929293 0.058664
0.8 0.00628539 -0.0927399 0.0720003
0.81 0.00658328 -0.0923293 0.08516
0.82 0.00688651 -0.0916906 0.0973879
0.83 0.00719459 -0.0908179 0.108351
0.84 0.00750698 -0.0897064 0.118874
0.85 0.00782313 -0.0883518 0.129502
0.86 0.00814243 -0.0867506 0.13964
0.87 0.00846422 -0.0848999 0.14911
0.88 0.00878782 -0.0827977 0.15845
0.89 0.0091125 -0.0804425 0.167427
0.9 0.00943749 -0.0778337 0.17564
0.91 0.00976198 -0.0749714 0.182763
0.92 0.0100851 -0.0718571 0.188701
0.93 0.0104061 -0.0684932 0.194253
0.94 0.0107239 -0.0648827 0.200029
0.95 0.0110377 -0.0610293 0.206258
0.96 0.0113464 -0.0569368 0.212275
0.97 0.0116491 -0.0526098 0.217132
0.98 0.0119447 -0.0480536 0.221238
0.99 0.0122322 -0.0432745 0.225152
1 0.0125106 -0.0382797 0.228449
1.01 0.0127786 -0.0330768 0.230313
1.02 0.0130353 -0.027675 0.230633
1.03 0.0132794 -0.0220842 0.230178
1.04 0.0135099 -0.0163156 0.229385
1.05 0.0137257 -0.0103808 0.228319
1.06 0.0139255 -0.00429184 0.227047
1.07 0.0141082 0.00193873 0.225612
1.08 0.0142728 0.00829798 0.223747
1.09 0.014418 0.0147724 0.220877
1.1 0.0145427 0.0213479 0.217091
1.11 0.0146458 0.0280095 0.212871
1.12 0.0147262 0.0347418 0.208049
1.13 0.0147829 0.0415291 0.202518
1.14 0.0148147 0.0483549 0.197206
1.15 0.0148207 0.0552031 0.192317
1.16 0.0147998 0.0620574 0.18673
1.17 0.0147512 0.0689012 0.180327
1.18 0.0146738 0.0757177 0.173979
1.19 0.0145668 0.08249 0.167875
1.2 0.0144294 0.0892014 0.162225
1.21 0.0142608 0.0958358 0.157584
1.22 0.0140602 0.102378 0.154127
1.23 0.013827 0.108812 0.151332
1.24 0.0135606 0.115125 0.14793
1.25 0.0132604 0.121303 0.143439
1.26 0.012926 0.12733 0.138449
1.27 0.0125569 0.133193 0.133254
1.28 0.0121527 0.138877 0.127325
1.29 0.0117132 0.144367 0.120365
1.3 0.0112383 0.149649 0.113304
1.31 0.0107277 0.154709 0.106978
1.32 0.0101815 0.159533 0.101146
1.33 0.00959961 0.164109 0.0954451
1.34 0.00898224 0.168424 0.0903148
1.35 0.00832957 0.172468 0.0861093
1.36 0.0076419 0.176229 0.0826312
1.37 0.00691961 0.1797 0.0797699
1.38 0.00616316 0.182871 0.0767692
1.39 0.00537312 0.185734 0.0731161
1.4 0.00455012 0.188282 0.0694043
1.41 0.0036949 0.190509 0.0659575
1.42 0.00280828 0.192407 0.0625676
1.43 0.00189117 0.193972 0.0590824
1.44 0.000944574 0.195198 0.0555714
1.45 -3.04307e-05 0.19608 0.0522656
1.46 -0.00103267 0.196617 0.0491289
1.47 -0.0020609 0.196803 0.0452452
1.48 -0.00311376 0.196638 0.0402908
1.49 -0.00418985 0.196118 0.0353162
1.5 -0.00528766 0.195243 0.0310171
1.51 -0.00640562 0.19401 0.027093
1.52 -0.00754206 0.192421 0.0233191
1.53 -0.00869527 0.190475 0.0196363
1.54 -0.00986344 0.188176 0.0159227
1.55 -0.0110447 0.185525 0.012548
1.56 -0.0122371 0.182526 0.00945316
1.57 -0.0134387 0.179182 0.0063064
1.58 -0.0146474 0.175499 0.00342362
1.59 -0.0158611 0.171481 0.00120693
1.6 -0.0170776 0.167137 8.27492e-05
1.61 -0.0182948 0.162472 0.000800757
1.62 -0.0195104 0.157498 0.003621
1.63 -0.020722 0.152225 0.00787339
1.64 -0.0219274 0.146667 0.0127946
1.65 -0.0231242 0.140836 0.0174027
1.66 -0.0243101 0.134747 0.0210976
1.67 -0.0254826 0.128414 0.0244354
1.68 -0.0266393 0.121851 0.0281551
1.69 -0.0277778 0.115073 0.032261
1.7 -0.0288957 0.108096 0.0363526
1.71 -0.0299906 0.100936 0.0401389
1.72 -0.03106 0.0936091 0.0433637
1.73 -0.0321017 0.0861309 0.046463
1.74 -0.0331131 0.0785183 0.049854
1.75 -0.0340919 0.0707878 0.0531138
1.76 -0.0350359 0.0629563 0.0559905
1.77 -0.0359427 0.0550408 0.0585313
1.78 -0.0368101 0.047058 0.0604612
1.79 -0.037636 0.0390245 0.0619425
1.8 -0.0384181 0.0309567 0.0632737
1.81 -0.0391544 0.0228711 0.0644335
1.82 -0.0398428 0.014784 0.0659215
1.83 -0.0404815 0.00671198 0.0679864
1.84 -0.0410685 -0.00132818 0.0708489
1.85 -0.041602 -0.00931918 0.0750033
1.86 -0.0420804 -0.0172432 0.0799899
1.87 -0.0425019 -0.0250822 0.0851917
1.88 -0.042865 -0.0328179 0.0907186
1.89 -0.0431683 -0.0404321 0.0966144
1.9 -0.0434104 -0.0479068 0.102959
1.91 -0.0435901 -0.0552237 0.109861
1.92 -0.0437062 -0.0623648 0.116797
1.93 -0.0437578 -0.0693124 0.123079
1.94 -0.0437439 -0.0760494 0.128573
1.95 -0.0436636 -0.0825598 0.133196
1.96 -0.0435165 -0.0888283 0.136794
1.97 -0.0433018 -0.0948407 0.140087
1.98 -0.0430192 -0.100583 0.1439
1.99 -0.0426684 -0.106043 0.147484
2 -0.0422493 -0.111208 0.15007
2.01 -0.0417618 -0.116067 0.152139
2.02 -0.0412061 -0.120608 0.154126
2.03 -0.0405823 -0.124822 0.155905
2.04 -0.039891 -0.128701 0.157002
2.05 -0.0391325 -0.132235 0.157524
2.06 -0.0383076 -0.135419 0.157518
2.07 -0.037417 -0.138247 0.156608
2.08 -0.0364617 -0.140713 0.155311
2.09 -0.0354428 -0.142814 0.153553
2.1 -0.0343614 -0.144547 0.15066
2.11 -0.0332189 -0.14591 0.147344
2.12 -0.0320167 -0.146904 0.144506
2.13 -0.0307565 -0.147527 0.142042
2.14 -0.0294399 -0.147781 0.139507
2.15 -0.0280688 -0.147667 0.136806
2.16 -0.0266451 -0.147187 0.134101
2.17 -0.0251709 -0.146344 0.131468
2.18 -0.0236485 -0.14514 0.129378
2.19 -0.02208 -0.14358 0.128131
2.2 -0.0204679 -0.141668 0.127285
2.21 -0.0188147 -0.139408 0.126692
2.22 -0.0171229 -0.136806 0.126308
2.23 -0.0153953 -0.133866 0.125152
2.24 -0.0136347 -0.130596 0.12224
2.25 -0.0118438 -0.127004 0.117783
2.26 -0.0100257 -0.123099 0.112524
2.27 -0.00818333 -0.118892 0.107736
2.28 -0.00631974 -0.114395 0.10434
2.29 -0.00443808 -0.109618 0.101203
2.3 -0.00254153 -0.104573 0.0970338
2.31 -0.000633321 -0.0992725 0.0920895
2.32 0.00128328 -0.0937295 0.0865132
2.33 0.00320495 -0.0879582 0.0802813
2.34 0.00512838 -0.0819739 0.073669
2.35 0.0070502 -0.0757921 0.0666001
2.36 0.00896704 -0.0694291 0.0592351
2.37 0.0108755 -0.0629017 0.0519101
2.38 0.0127723 -0.056227 0.0450597
2.39 0.0146539 -0.0494221 0.0386997
2.4 0.0165171 -0.0425041 0.0319361
2.41 0.0183585 -0.0354907 0.0247974
2.42 0.0201748 -0.0283997 0.0176108
2.43 0.0219627 -0.0212492 0.00984452
2.44 0.023719 -0.0140578 0.00132974
2.45 0.0254405 -0.00684439 -0.00741198
2.46 0.027124 0.00037179 -0.0157209
2.47 0.0287666 0.0075718 -0.0239342
2.48 0.0303651 0.0147367 -0.0323492
2.49 0.0319166 0.0218478 -0.0402594
2.5 0.0334184 0.0288865 -0.0477178
2.51 0.0348676 0.0358347 -0.055615
2.52 0.0362616 0.0426742 -0.0643927
2.53 0.0375978 0.0493865 -0.0738461
2.54 0.0388737 0.0559532 -0.0834215
2.55 0.0400871 0.062356 -0.0926225
2.56 0.0412356 0.0685771 -0.101247
2.57 0.0423171 0.0745994 -0.109168
2.58 0.0433296 0.0804067 -0.116421
2.59 0.0442714 0.0859835 -0.123028
2.6 0.0451405 0.0913151 -0.129192
2.61 0.0459356 0.0963875 -0.135911
2.62 0.046655 0.101187 -0.143827
2.63 0.0472975 0.105699 -0.152838
2.64 0.047862 0.109911 -0.163144
2.65 0.0483474 0.113808 -0.174749
2.66 0.0487529 0.117376 -0.187143
2.67 0.0490778 0.1206 -0.199962
2.68 0.0493215 0.123468 -0.212851
2.69 0.0494837 0.125966 -0.225305
2.7 0.0495642 0.128083 -0.236814
2.71 0.0495629 0.129807 -0.247066
2.72 0.0494798 0.131129 -0.256289
2.73 0.0493154 0.132042 -0.264688
2.74 0.04907 0.132539 -0.271807
2.75 0.0487443 0.132615 -0.277204
2.76 0.048339 0.132267 -0.281226
2.77 0.0478551 0.131494 -0.284586
2.78 0.0472936 0.130295 -0.287303
2.79 0.0466557 0.128671 -0.288731
2.8 0.0459431 0.126625 -0.288396
2.81 0.045157 0.124161 -0.286821
2.82 0.0442994 0.121285 -0.284672
2.83 0.0433721 0.118004 -0.281628
2.84 0.0423769 0.114327 -0.277598
2.85 0.0413162 0.110264 -0.272511
2.86 0.0401921 0.105825 -0.26596
2.87 0.0390071 0.101024 -0.258295
2.88 0.0377636 0.0958737 -0.250142
2.89 0.0364644 0.09039 -0.241853
2.9 0.0351121 0.0845885 -0.233546
2.91 0.0337096 0.0784857 -0.224892
2.92 0.0322598 0.0720988 -0.215541
2.93 0.0307658 0.065446 -0.205183
2.94 0.0292307 0.0585467 -0.194054
2.95 0.0276576 0.0514206 -0.183589
2.96 0.0260498 0.0440881 -0.174903
2.97 0.0244107 0.0365687 -0.167212
2.98 0.0227435 0.0288821 -0.158927
2.99 0.0210518 0.0210482 -0.149797
3 0.0193389 0.0130879 -0.140887
3.01 0.0176082 0.00502175 -0.13304
3.02 0.0158634 -0.00312954 -0.125573
3.03 0.0141079 -0.0113455 -0.117699
3.04 0.0123452 -0.0196054 -0.109759
3.05 0.0105788 -0.0278883 -0.101993
3.06 0.0088122 -0.0361735 -0.0941065
3.07 0.0070489 -0.04444 -0.0857895
3.08 0.00529234 -0.0526667 -0.076787
3.09 0.00354593 -0.060832 -0.0664398
3.1 0.00181306 -0.0689139 -0.054877
3.11 9.70429e-05 -0.07689 -0.0434219
3.12 -0.00159884 -0.0847381 -0.0330603
3.13 -0.00327139 -0.0924367 -0.0239814
3.14 -0.00491747 -0.0999654 -0.0156666
3.15 -0.00653401 -0.107304 -0.00729413
3.16 -0.00811803 -0.114435 0.00137806
3.17 -0.00966666 -0.121337 0.0101736
3.18 -0.0111771 -0.127993 0.0192699
3.19 -0.0126467 -0.134384 0.0291928
3.2 -0.0140728 -0.140491 0.0401528
3.21 -0.015453 -0.146298 0.0513706
3.22 -0.0167849 -0.151785 0.0618762
3.23 -0.0180663 -0.156936 0.0714497
3.24 -0.0192952 -0.161735 0.0804434
3.25 -0.0204695 -0.166168 0.0899453
3.26 -0.0215875 -0.17022 0.0998395
3.27 -0.0226473 -0.173878 0.108781
3.28 -0.0236476 -0.17713 0.11688
3.29 -0.0245869 -0.179964 0.125234
3.3 -0.025464 -0.182371 0.134546
3.31 -0.0262778 -0.184339 0.144607
3.32 -0.0270273 -0.185859 0.155135
3.33 -0.0277118 -0.186923 0.16641
3.34 -0.0283306 -0.187521 0.178315
3.35 -0.0288833 -0.187646 0.190429
3.36 -0.0293696 -0.18729 0.202701
3.37 -0.0297893 -0.186447 0.214668
3.38 -0.0301425 -0.185112 0.225604
3.39 -0.0304292 -0.183281 0.235558
3.4 -0.0306499 -0.180951 0.244845
3.41 -0.0308051 -0.178123 0.253144
3.42 -0.0308954 -0.174796 0.260389
3.43 -0.0309215 -0.170973 0.267077
3.44 -0.0308846 -0.166658 0.273364
3.45 -0.0307855 -0.161856 0.279437
3.46 -0.0306257 -0.156571 0.285609
3.47 -0.0304065 -0.150812 0.29126
3.48 -0.0301294 -0.144586 0.295435
3.49 -0.0297961 -0.137903 0.298423
3.5 -0.0294085 -0.130775 0.300385
3.51 -0.0289683 -0.123213 0.300674
3.52 -0.0284778 -0.115234 0.299521
3.53 -0.027939 -0.106854 0.297352
3.54 -0.0273541 -0.098089 0.293911
3.55 -0.0267257 -0.0889596 0.289452
3.56 -0.0260561 -0.0794859 0.284896
3.57 -0.0253479 -0.0696892 0.280288
3.58 -0.0246037 -0.0595914 0.274684
3.59 -0.0238263 -0.0492158 0.267777
3.6 -0.0230184 -0.0385867 0.25968
3.61 -0.0221828 -0.0277297 0.250395
3.62 -0.0213225 -0.0166714 0.239925
3.63 -0.0204404 -0.00543979 0.228574
3.64 -0.0195394 0.00593667 0.216859
3.65 -0.0186225 0.0174287 0.204327
3.66 -0.0176928 0.0290064 0.190047
3.67 -0.0167532 0.0406386 0.173615
3.68 -0.0158068 0.0522929 0.155511
3.69 -0.0148565 0.063936 0.136785
3.7 -0.0139054 0.0755343 0.118002
3.71 -0.0129564 0.0870539 0.0992893
3.72 -0.0120125 0.0984614 0.080429
3.73 -0.0110765 0.109723 0.0614702
3.74 -0.0101512 0.120807 0.0431188
3.75 -0.00923945 0.131679 0.0249662
3.76 -0.0083439 0.142308 0.00615099
3.77 -0.00746716 0.152662 -0.0125893
3.78 -0.00661178 0.16271 -0.0303224
3.79 -0.00578019 0.172423 -0.0473607
3.8 -0.00497473 0.18177 -0.0644844
3.81 -0.00419761 0.190723 -0.0818562
3.82 -0.00345096 0.199256 -0.0987288
3.83 -0.00273678 0.207341 -0.11456
3.84 -0.00205692 0.214954 -0.129619
3.85 -0.00141312 0.22207 -0.144242
3.86 -0.000806979 0.228668 -0.158122
3.87 -0.000239958 0.234726 -0.170864
3.88 0.000286635 0.240225 -0.182483
3.89 0.000771639 0.245148 -0.193074
3.9 0.00121405 0.249479 -0.202734
3.91 0.001613 0.253204 -0.211212
3.92 0.00196782 0.25631 -0.218315
3.93 0.00227795 0.258788 -0.224653
3.94 0.00254303 0.260628 -0.230909
3.95 0.00276284 0.261824 -0.237383
3.96 0.00293733 0.26237 -0.244156
3.97 0.00306662 0.26226 -0.250613
3.98 0.00315096 0.261492 -0.256385
3.99 0.0031908 0.260063 -0.261355
4 0.00318673 0.257974 -0.264843
4.01 0.00313949 0.255226 -0.266962
4.02 0.00304998 0.251823 -0.268537
4.03 0.00291926 0.247773 -0.269806
4.04 0.00274853 0.24308 -0.270498
4.05 0.00253912 0.237756 -0.27046
4.06 0.00229254 0.231809 -0.269578
4.07 0.00201039 0.225252 -0.267682
4.08 0.00169443 0.2181 -0.265042
4.09 0.00134653 0.210367 -0.261908
4.1 0.000968697 0.202071 -0.258029
4.11 0.000563024 0.19323 -0.253167
4.12 0.00013173 0.183864 -0.247466
4.13 -0.000322874 0.173996 -0.241143
4.14 -0.000798383 0.163647 -0.23464
4.15 -0.00129231 0.152842 -0.228595
4.16 -0.00180208 0.141606 -0.222632
4.17 -0.00232507 0.129964 -0.215934
4.18 -0.00285859 0.117943 -0.208569
4.19 -0.00339987 0.10557 -0.200804
4.2 -0.00394614 0.0928742 -0.192412
4.21 -0.00449456 0.0798855 -0.182912
4.22 -0.00504228 0.0666346 -0.172549
4.23 -0.00558643 0.0531534 -0.161801
4.24 -0.00612414 0.0394744 -0.150616
4.25 -0.00665251 0.0256308 -0.139507
4.26 -0.00716869 0.0116561 -0.128676
4.27 -0.00766982 -0.00241614 -0.117445
4.28 -0.00815308 -0.0165519 -0.10555
4.29 -0.00861568 -0.0307166 -0.0929384
4.3 -0.00905489 -0.0448753 -0.0793614
4.31 -0.00946801 -0.0589924 -0.0649886
4.32 -0.00985243 -0.0730323 -0.0503207
4.33 -0.0102056 -0.0869589 -0.0354273
4.34 -0.010525 -0.100737 -0.0203728
4.35 -0.0108084 -0.11433 -0.0056422
4.36 -0.0110534 -0.127703 0.0085283
4.37 -0.0112578 -0.140822 0.0222019
4.38 -0.0114196 -0.153655 0.0352494
4.39 -0.0115368 -0.166167 0.0478694
4.4 -0.0116076 -0.178327 0.0606655
4.41 -0.0116304 -0.190105 0.0734573
4.42 -0.0116036 -0.201469 0.0853734
4.43 -0.0115258 -0.212392 0.0965474
4.44 -0.0113958 -0.222845 0.107541
4.45 -0.0112124 -0.232801 0.118259
4.46 -0.0109748 -0.242236 0.128372
4.47 -0.0106822 -0.251124 0.137621
4.48 -0.010334 -0.259444 0.146914
4.49 -0.00992972 -0.267173 0.157095
4.5 -0.00946919 -0.274291 0.167488
4.51 -0.00895233 -0.280778 0.177164
4.52 -0.00837923 -0.286616 0.185797
4.53 -0.00775019 -0.291789 0.193771
4.54 -0.00706569 -0.296282 0.201554
4.55 -0.00632636 -0.300082 0.209001
4.56 -0.00553305 -0.303177 0.216168
4.57 -0.00468678 -0.305557 0.223351
4.58 -0.00378872 -0.307214 0.230236
4.59 -0.00284027 -0.30814 0.236595
4.6 -0.00184295 -0.30833 0.242356
4.61 -0.000798497 -0.307781 0.247738
4.62 0.000291205 -0.30649 0.253252
4.63 0.0014241 -0.304457 0.258539
4.64 0.00259796 -0.301683 0.26291
4.65 0.00381043 -0.298171 0.266581
4.66 0.00505896 -0.293925 0.269794
4.67 0.00634088 -0.288953 0.272293
4.68 0.00765337 -0.283262 0.274301
4.69 0.00899347 -0.276862 0.275856
4.7 0.0103581 -0.269766 0.276328
4.71 0.0117441 -0.261986 0.275296
4.72 0.013148 -0.253539 0.273535
4.73 0.0145666 -0.244443 0.271954
4.74 0.0159962 -0.234715 0.269556
4.75 0.0174333 -0.224376 0.26588
4.76 0.0188741 -0.213449 0.261946
4.77 0.0203149 -0.201957 0.257435
4.78 0.0217519 -0.189926 0.251484
4.79 0.0231811 -0.177382 0.244368
4.8 0.0245988 -0.164353 0.236735
4.81 0.0260008 -0.150871 0.228707
4.82 0.0273832 -0.136964 0.22016
4.83 0.0287422 -0.122667 0.211309
4.84 0.0300736 -0.108011 0.202161
4.85 0.0313734 -0.0930304 0.192395
4.86 0.0326379 -0.0777603 0.181856
4.87 0.0338629 -0.0622363 0.170714
4.88 0.0350447 -0.0464951 0.159197
4.89 0.0361794 -0.030574 0.147274
4.9 0.0372632 -0.0145108 0.13492
4.91 0.0382926 0.00165589 0.121763
4.92 0.0392638 0.0178871 0.107848
4.93 0.0401733 0.0341435 0.0942522
4.94 0.0410179 0.0503854 0.081162
4.95 0.0417941 0.0665739 0.0681721
4.96 0.0424989 0.0826699 0.0552012
4.97 0.0431292 0.0986346 0.0417545
4.98 0.0436821 0.114429 0.0276612
4.99 0.044155 0.130015 0.0130914
5 0.0445453 0.145354 -0.0017915
5.01 0.0448505 0.160406 -0.0164576
5.02 0.0450686 0.175136 -0.0304332
5.03 0.0451974 0.189505 -0.0437454
5.04 0.0452352 0.20348 -0.0566787
5.05 0.0451803 0.217024 -0.0689795
5.06 0.0450314 0.230105 -0.0803174
5.07 0.0447871 0.242692 -0.0908766
5.08 0.0444466 0.254753 -0.100798
5.09 0.0440091 0.26626 -0.110011
5.1 0.0434739 0.277185 -0.118608
5.11 0.0428409 0.287503 -0.126707
5.12 0.04211 0.297189 -0.133908
5.13 0.0412812 0.30622 -0.139713
5.14 0.0403551 0.314577 -0.144253
5.15 0.0393322 0.322239 -0.147983
5.16 0.0382133 0.329191 -0.151132
5.17 0.0369997 0.335417 -0.153962
5.18 0.0356926 0.340904 -0.156849
5.19 0.0342937 0.345641 -0.159598
5.2 0.0328046 0.349616 -0.161533
5.21 0.0312275 0.352822 -0.162444
5.22 0.0295646 0.355252 -0.162456
5.23 0.0278184 0.356901 -0.161639
5.24 0.0259916 0.357768 -0.160094
5.25 0.024087 0.357852 -0.158054
5.26 0.0221079 0.357154 -0.155736
5.27 0.0200575 0.355677 -0.152967
5.28 0.0179394 0.353427 -0.149382
5.29 0.0157571 0.35041 -0.144939
5.3 0.0135147 0.346636 -0.140078
5.31 0.0112161 0.342113 -0.135265
5.32 0.00886562 0.336856 -0.130108
5.33 0.00646752 0.330876 -0.123631
5.34 0.00402634 0.324191 -0.115765
5.35 0.0015467 0.316817 -0.107237
5.36 -0.000966631 0.308775 -0.0980273
5.37 -0.00350879 0.300086 -0.08728
5.38 -0.00607479 0.290774 -0.0749171
5.39 -0.0086596 0.280863 -0.0616844
5.4 -0.0112581 0.270382 -0.0475357
5.41 -0.013865 0.259359 -0.0321813
5.42 -0.0164751 0.247825 -0.0159797
5.43 -0.0190831 0.235812 0.000245942
5.44 -0.0216837 0.223352 0.0161305
5.45 -0.0242716 0.210481 0.0326195
5.46 -0.0268413 0.197232 0.0505024
5.47 -0.0293876 0.183643 0.0693789
5.48 -0.0319052 0.16975 0.0880755
5.49 -0.0343887 0.155592 0.106291
5.5 -0.0368331 0.141206 0.124226
5.51 -0.039233 0.126633 0.141647
5.52 -0.0415835 0.111909 0.158841
5.53 -0.0438795 0.0970735 0.175761
5.54 -0.0461162 0.0821657 0.192231
5.55 -0.0482887 0.0672241 0.208387
5.56 -0.0503925 0.0522869 0.223874
5.57 -0.052423 0.0373921 0.238074
5.58 -0.0543758 0.0225768 0.251233
5.59 -0.0562467 0.00787755 0.264168
5.6 -0.0580316 -0.00666974 0.276733
5.61 -0.0597268 -0.0210297 0.288199
5.62 -0.0613285 -0.0351681 0.298367
5.63 -0.0628332 -0.0490516 0.307543
5.64 -0.0642377 -0.0626482 0.315482
5.65 -0.0655389 -0.0759273 0.321784
5.66 -0.0667339 -0.0888596 0.326348
5.67 -0.0678201 -0.101418 0.328779
5.68 -0.0687952 -0.113577 0.329323
5.69 -0.0696569 -0.125312 0.329003
5.7 -0.0704034 -0.136603 0.328425
5.71 -0.071033 -0.147426 0.327362
5.72 -0.0715443 -0.157764 0.325679
5.73 -0.0719361 -0.167597 0.32381
5.74 -0.0722075 -0.176907 0.322157
5.75 -0.0723579 -0.185678 0.320604
5.76 -0.0723869 -0.193894 0.318632
5.77 -0.0722943 -0.201542 0.315966
5.78 -0.0720803 -0.208609 0.312237
5.79 -0.0717452 -0.215083 0.307067
5.8 -0.0712897 -0.220957 0.300454
5.81 -0.0707147 -0.226222 0.292568
5.82 -0.0700212 -0.230874 0.283535
5.83 -0.0692107 -0.234911 0.273456
5.84 -0.0682848 -0.23833 0.262566
5.85 -0.0672454 -0.241132 0.250523
5.86 -0.0660945 -0.243319 0.236817
5.87 -0.0648346 -0.244897 0.221724
5.88 -0.063468 -0.245871 0.205823
5.89 -0.0619977 -0.246249 0.189564
5.9 -0.0604265 -0.246042 0.172676
5.91 -0.0587577 -0.24526 0.154678
5.92 -0.0569946 -0.243915 0.136027
5.93 -0.0551407 -0.242023 0.117109
5.94 -0.0531997 -0.239598 0.097938
5.95 -0.0511756 -0.236658 0.0787854
5.96 -0.0490723 -0.233219 0.0598012
5.97 -0.046894 -0.2293 0.0414835
5.98 -0.044645 -0.224921 0.024648
5.99 -0.0423298 -0.2201 0.00938991
6 -0.0399528 -0.214855 -0.00471578
6.01 -0.0375186 -0.209207 -0.0177988
6.02 -0.0350321 -0.203175 -0.0300618
6.03 -0.032498 -0.196777 -0.042114
6.04 -0.0299211 -0.190034 -0.0542099
6.05 -0.0273064 -0.182967 -0.0661943
6.06 -0.0246588 -0.175597 -0.0781985
6.07 -0.0219833 -0.167945 -0.0904779
6.08 -0.019285 -0.160035 -0.102972
6.09 -0.0165688 -0.151889 -0.115788
6.1 -0.0138397 -0.143531 -0.129116
6.11 -0.0111029 -0.134985 -0.142731
6.12 -0.00836314 -0.126277 -0.156244
6.13 -0.00562553 -0.117431 -0.169361
6.14 -0.00289494 -0.108472 -0.182039
6.15 -0.0001762 -0.0994264 -0.194118
6.16 0.00252589 -0.0903181 -0.20529
6.17 0.00520664 -0.0811716 -0.216128
6.18 0.00786141 -0.0720114 -0.226908
6.19 0.0104857 -0.0628616 -0.236635
6.2 0.0130751 -0.0537456 -0.244825
6.21 0.0156252 -0.044686 -0.251417
6.22 0.018132 -0.0357042 -0.256319
6.23 0.0205913 -0.0268207 -0.260024
6.24 0.0229993 -0.0180547 -0.262847
6.25 0.0253522 -0.00942496 -0.264833
6.26 0.0276463 -0.000949185 -0.265873
6.27 0.0298782 0.00735571 -0.266104
6.28 0.0320447 0.0154735 -0.266432
6.29 0.0341425 0.0233885 -0.266917
6.3 0.0361688 0.0310854 -0.266748
6.31 0.0381207 0.0385497 -0.265651
6.32 0.0399958 0.0457678 -0.263737
6.33 0.0417915 0.0527272 -0.260769
6.34 0.0435057 0.0594167 -0.256247
6.35 0.0451364 0.0658262 -0.250264
6.36 0.0466816 0.0719473 -0.243253
6.37 0.0481399 0.0777725 -0.235748
6.38 0.0495096 0.0832954 -0.228213
6.39 0.0507897 0.0885102 -0.220098
6.4 0.051979 0.0934124 -0.210604
6.41 0.0530766 0.0979984 -0.200318
6.42 0.054082 0.102266 -0.189502
6.43 0.0549946 0.106214 -0.177644
6.44 0.0558141 0.109842 -0.165269
6.45 0.0565404 0.11315 -0.152426
6.46 0.0571737 0.116142 -0.138473
6.47 0.0577141 0.11882 -0.123152
6.48 0.0581621 0.121188 -0.106693
6.49 0.0585184 0.123253 -0.0890813
6.5 0.0587836 0.125021 -0.0698566
6.51 0.0589587 0.126501 -0.0495432
6.52 0.0590447 0.127703 -0.0291407
6.53 0.0590431 0.128636 -0.00926118
6.54 0.0589549 0.129313 0.0104984
6.55 0.0587819 0.129743 0.0309477
6.56 0.0585257 0.129939 0.0518638
6.57 0.0581879 0.129913 0.07272
6.58 0.0577705 0.12968 0.0936842
6.59 0.0572754 0.129251 0.114704
6.6 0.0567048 0.128641 0.13494
6.61 0.0560608 0.127864 0.154434
6.62 0.0553456 0.126933 0.173507
6.63 0.0545616 0.125863 0.191881
6.64 0.0537111 0.124667 0.210037
6.65 0.0527967 0.123358 0.228393
6.66 0.0518208 0.121952 0.246476
6.67 0.0507859 0.120461 0.264025
6.68 0.0496948 0.118899 0.280869
6.69 0.0485499 0.117281 0.296934
6.7 0.0473539 0.11562 0.312776
6.71 0.0461095 0.113928 0.3288
6.72 0.0448194 0.112219 0.344903
6.73 0.0434861 0.110507 0.360151
6.74 0.0421123 0.108804 0.373229
6.75 0.0407007 0.107121 0.384114
6.76 0.0392539 0.105469 0.393457
6.77 0.0377744 0.103857 0.401779
6.78 0.0362648 0.102293 0.409768
6.79 0.0347277 0.100787 0.417309
6.8 0.0331654 0.0993446 0.423823
6.81 0.0315805 0.0979739 0.429211
6.82 0.0299752 0.0966808 0.433088
6.83 0.028352 0.0954703 0.435161
6.84 0.026713 0.0943464 0.43592
6.85 0.0250604 0.0933119 0.435579
6.86 0.0233963 0.092369 0.434471
6.87 0.0217228 0.091519 0.433121
6.88 0.020042 0.090763 0.431398
6.89 0.0183555 0.0901016 0.429114
6.9 0.0166654 0.0895347 0.426337
6.91 0.0149733 0.0890621 0.423271
6.92 0.013281 0.0886827 0.419894
6.93 0.0115899 0.0883955 0.416443
6.94 0.00990164 0.088199 0.413168
6.95 0.00821764 0.0880916 0.409934
6.96 0.00653923 0.0880715 0.406647
6.97 0.0048677 0.0881367 0.402797
6.98 0.00320423 0.0882848 0.398141
6.99 0.00154996 0.0885124 0.393019
7 -9.40956e-05 0.0888162 0.387525
7.01 -0.00172695 0.089192 0.381941
7.02 -0.00334771 0.0896358 0.376599
7.03 -0.00495555 0.0901433 0.370978
7.04 -0.00654972 0.0907098 0.364764
7.05 -0.00812952 0.0913303 0.358116
7.06 -0.00969432 0.0919993 0.350322
7.07 -0.0112435 0.0927107 0.340977
7.08 -0.0127767 0.0934572 0.330968
7.09 -0.0142933 0.0942312 0.320236
7.1 -0.015793 0.0950243 0.30737
7.11 -0.0172753 0.0958269 0.292224
7.12 -0.01874 0.0966282 0.275911
7.13 -0.0201868 0.0974169 0.259053
7.14 -0.0216153 0.0981809 0.241602
7.15 -0.0230255 0.098908 0.223887
7.16 -0.024417 0.099586 0.206198
7.17 -0.0257898 0.100203 0.187676
7.18 -0.0271435 0.100745 0.167599
7.19 -0.0284781 0.1012 0.145901
7.2 -0.0297933 0.101552 0.122886
7.21 -0.0310891 0.101789 0.0991468
7.22 -0.0323652 0.101894 0.0748975
7.23 -0.0336214 0.101852 0.0501822
7.24 -0.0348576 0.101649 0.0247726
7.25 -0.0360734 0.101269 -0.00145137
7.26 -0.0372687 0.100697 -0.0279898
7.27 -0.0384432 0.0999184 -0.054375
7.28 -0.0395965 0.098918 -0.0802873
7.29 -0.0407282 0.0976821 -0.105767
7.3 -0.0418379 0.0961975 -0.131301
7.31 -0.0429252 0.0944514 -0.157014
7.32 -0.0439895 0.0924316 -0.182595
7.33 -0.0450302 0.0901263 -0.208223
7.34 -0.0460467 0.0875242 -0.234073
7.35 -0.0470384 0.0846149 -0.259586
7.36 -0.0480043 0.0813884 -0.284289
7.37 -0.0489437 0.0778358 -0.308236
7.38 -0.0498557 0.0739495 -0.331392
7.39 -0.0507393 0.0697228 -0.354088
7.4 -0.0515933 0.0651499 -0.377057
7.41 -0.0524168 0.0602257 -0.399816
7.42 -0.0532084 0.054946 -0.421694
7.43 -0.0539669 0.0493077 -0.443061
7.44 -0.0546909 0.0433087 -0.463577
7.45 -0.0553791 0.0369482 -0.48238
7.46 -0.0560298 0.0302271 -0.499665
7.47 -0.0566416 0.0231478 -0.515789
7.48 -0.0572127 0.0157141 -0.530951
7.49 -0.0577415 0.00793102 -0.545241
7.5 -0.0582262 -0.000194942 -0.558446
7.51 -0.0586649 -0.00865619 -0.570652
7.52 -0.0590559 -0.0174439 -0.582323
7.53 -0.0593971 -0.0265482 -0.593464
7.54 -0.0596865 -0.0359581 -0.603261
7.55 -0.0599223 -0.0456614 -0.611285
7.56 -0.0601022 -0.0556442 -0.617625
7.57 -0.0602242 -0.0658912 -0.622569
7.58 -0.0602861 -0.0763857 -0.626909
7.59 -0.060286 -0.0871101 -0.63078
7.6 -0.0602216 -0.0980461 -0.633098
7.61 -0.0600907 -0.109174 -0.633395
7.62 -0.0598914 -0.120472 -0.631964
7.63 -0.0596213 -0.131918 -0.628833
7.64 -0.0592785 -0.143488 -0.62375
7.65 -0.0588609 -0.155156 -0.616303
7.66 -0.0583664 -0.166896 -0.606572
7.67 -0.057793 -0.178679 -0.594829
7.68 -0.0571389 -0.190475 -0.581031
7.69 -0.0564021 -0.202254 -0.565738
7.7 -0.0555809 -0.213983 -0.549642
7.71 -0.0546736 -0.225631 -0.532671
7.72 -0.0536786 -0.237165 -0.514702
7.73 -0.0525944 -0.248552 -0.496044
7.74 -0.0514196 -0.259759 -0.476921
7.75 -0.0501529 -0.270752 -0.456781
7.76 -0.0487932 -0.281499 -0.435256
7.77 -0.0473396 -0.291966 -0.412789
7.78 -0.0457912 -0.302119 -0.390201
7.79 -0.0441473 -0.311926 -0.368176
7.8 -0.0424075 -0.321354 -0.346417
7.81 -0.0405714 -0.330372 -0.324679
7.82 -0.0386389 -0.33895 -0.303125
7.83 -0.03661 -0.347058 -0.280998
7.84 -0.0344851 -0.354668 -0.258002
7.85 -0.0322645 -0.361751 -0.234747
7.86 -0.0299491 -0.368279 -0.211392
7.87 -0.0275396 -0.374226 -0.188406
7.88 -0.0250372 -0.379568 -0.166305
7.89 -0.0224433 -0.384281 -0.145331
7.9 -0.0197594 -0.388342 -0.125398
7.91 -0.0169875 -0.391733 -0.105346
7.92 -0.0141295 -0.394434 -0.0848347
7.93 -0.0111878 -0.396429 -0.0648239
7.94 -0.00816504 -0.397702 -0.0454097
7.95 -0.00506391 -0.398239 -0.0263133
7.96 -0.00188752 -0.398027 -0.00773609
7.97 0.00136084 -0.397056 0.0105384
7.98 0.00467762 -0.395317 0.0288738
7.99 0.00805902 -0.392803 0.0472451
8 0.011501 -0.389507 0.0655347
8.01 0.0149993 -0.385425 0.0836353
8.02 0.0185494 -0.380554 0.101262
8.03 0.0221466 -0.374894 0.118045
8.04 0.0257859 -0.368445 0.133883
8.05 0.0294621 -0.361211 0.148732
8.06 0.0331698 -0.353197 0.163162
8.07 0.0369035 -0.34441 0.17764
8.08 0.0406573 -0.334859 0.191601
8.09 0.0444252 -0.324553 0.204761
8.1 0.0482012 -0.313505 0.217065
8.11 0.0519787 -0.301729 0.228361
8.12 0.0557514 -0.289242 0.239145
8.13 0.0595127 -0.27606 0.249897
8.14 0.0632556 -0.262205 0.260211
8.15 0.0669733 -0.247695 0.27031
8.16 0.0706589 -0.232554 0.280729
8.17 0.0743051 -0.216804 0.291163
8.18 0.0779048 -0.20047 0.301857
8.19 0.0814507 -0.183577 0.313402
8.2 0.0849355 -0.166152 0.325301
8.21 0.0883518 -0.148221 0.336863
8.22 0.0916923 -0.129811 0.348079
8.23 0.0949495 -0.110953 0.358765
8.24 0.0981159 -0.091676 0.36892
8.25 0.101184 -0.0720115 0.379148
8.26 0.104147 -0.0519915 0.389929
8.27 0.106998 -0.0316486 0.400097
8.28 0.109728 -0.0110164 0.408317
8.29 0.112331 0.00987019 0.415333
8.3 0.114801 0.030975 0.421992
8.31 0.117129 0.0522611 0.427981
8.32 0.119309 0.0736908 0.432216
8.33 0.121336 0.0952249 0.43422
8.34 0.123201 0.116823 0.434599
8.35 0.124899 0.138444 0.433358
8.36 0.126424 0.160045 0.430486
8.37 0.127769 0.181583 0.427004
8.38 0.12893 0.203014 0.423178
8.39 0.129902 0.224294 0.418395
8.4 0.130677 0.245381 0.412735
8.41 0.131253 0.266228 0.406743
8.42 0.131625 0.286794 0.400774
8.43 0.131788 0.307035 0.394868
8.44 0.131738 0.326909 0.38866
8.45 0.131472 0.346373 0.381657
8.46 0.130987 0.365385 0.374211
8.47 0.13028 0.383906 0.367032
8.48 0.129348 0.401896 0.36009
8.49 0.12819 0.419315 0.353183
8.5 0.126803 0.436126 0.346164
8.51 0.125188 0.452293 0.338439
8.52 0.123341 0.467781 0.32993
8.53 0.121265 0.482554 0.321282
8.54 0.118957 0.496581 0.312761
8.55 0.11642 0.509828 0.304081
8.56 0.113653 0.522265 0.294697
8.57 0.110658 0.533865 0.284435
8.58 0.107438 0.544597 0.273708
8.59 0.103993 0.554437 0.26321
8.6 0.100328 0.563359 0.253069
8.61 0.0964452 0.57134 0.242596
8.62 0.0923482 0.57836 0.231631
8.63 0.0880412 0.5844 0.220247
8.64 0.0835288 0.58944 0.208438
8.65 0.0788161 0.593466 0.196633
8.66 0.0739085 0.596463 0.184436
8.67 0.068812 0.598419 0.171756
8.68 0.0635329 0.599323 0.159695
8.69 0.0580781 0.599168 0.148035
8.7 0.0524547 0.597947 0.135552
8.71 0.0466705 0.595655 0.122324
8.72 0.0407334 0.592291 0.108858
8.73 0.0346519 0.587854 0.0951199
8.74 0.0284349 0.582345 0.0810776
8.75 0.0220914 0.575767 0.0663623
8.76 0.0156311 0.568124 0.0511187
8.77 0.00906389 0.559424 0.0359915
8.78 0.0023999 0.549676 0.0205487
8.79 -0.00435029 0.538888 0.00396911
8.8 -0.0111759 0.527074 -0.0138074
8.81 -0.0180657 0.514247 -0.0319027
8.82 -0.0250085 0.500421 -0.0491108
8.83 -0.0319927 0.485614 -0.0648261
8.84 -0.0390063 0.469846 -0.0793124
8.85 -0.0460375 0.45314 -0.0931038
8.86 -0.0530739 0.435521 -0.106391
8.87 -0.0601033 0.417015 -0.119278
8.88 -0.0671132 0.397652 -0.132196
8.89 -0.074091 0.377461 -0.145899
8.9 -0.081024 0.356475 -0.160377
8.91 -0.0878994 0.334726 -0.174723
8.92 -0.0947044 0.312249 -0.188556
8.93 -0.101426 0.289079 -0.201608
8.94 -0.108052 0.265254 -0.213813
8.95 -0.11457 0.240814 -0.225795
8.96 -0.120965 0.215799 -0.237658
8.97 -0.127227 0.190251 -0.24907
8.98 -0.133342 0.164213 -0.259454
8.99 -0.139299 0.137731 -0.268525
9 -0.145084 0.110849 -0.276683
9.01 -0.150686 0.0836163 -0.284386
9.02 -0.156093 0.0560805 -0.291766
9.03 -0.161293 0.0282911 -0.298134
9.04 -0.166275 0.000298229 -0.303047
9.05 -0.171028 -0.0278466 -0.307109
9.06 -0.175542 -0.0560915 -0.311007
9.07 -0.179805 -0.0843839 -0.314925
9.08 -0.183808 -0.112671 -0.318788
9.09 -0.187541 -0.140901 -0.322242
9.1 -0.190995 -0.169022 -0.325071
9.11 -0.194161 -0.196979 -0.327755
9.12 -0.19703 -0.224722 -0.330342
9.13 -0.199595 -0.252198 -0.332131
9.14 -0.201848 -0.279356 -0.333178
9.15 -0.203782 -0.306143 -0.33397
9.16 -0.205391 -0.332509 -0.33406
9.17 -0.206668 -0.358403 -0.332819
9.18 -0.207609 -0.383775 -0.330151
9.19 -0.208208 -0.408574 -0.326538
9.2 -0.208462 -0.432752 -0.323278
9.21 -0.208366 -0.45626 -0.321263
9.22 -0.207918 -0.479053 -0.320258
9.23 -0.207115 -0.501086 -0.318956
9.24 -0.205956 -0.522317 -0.315688
9.25 -0.20444 -0.542702 -0.310422
9.26 -0.202565 -0.562202 -0.304544
9.27 -0.200332 -0.580775 -0.29868
9.28 -0.197743 -0.598384 -0.292267
9.29 -0.194797 -0.61499 -0.285207
9.3 -0.191499 -0.63056 -0.278327
9.31 -0.187849 -0.64506 -0.27183
9.32 -0.183853 -0.65846 -0.265387
9.33 -0.179513 -0.67073 -0.258461
9.34 -0.174835 -0.681845 -0.250089
9.35 -0.169824 -0.691778 -0.24027
9.36 -0.164486 -0.700507 -0.229959
9.37 -0.158829 -0.70801 -0.219736
9.38 -0.152858 -0.714267 -0.209503
9.39 -0.146584 -0.719262 -0.199084
9.4 -0.140013 -0.722981 -0.188896
9.41 -0.133155 -0.725412 -0.179462
9.42 -0.12602 -0.726546 -0.170815
9.43 -0.118619 -0.726378 -0.162799
9.44 -0.110962 -0.724904 -0.154754
9.45 -0.103061 -0.722124 -0.146454
9.46 -0.0949279 -0.71804 -0.138709
9.47 -0.0865752 -0.712657 -0.132067
9.48 -0.078016 -0.705983 -0.125983
9.49 -0.0692637 -0.69803 -0.119515
9.5 -0.0603322 -0.688809 -0.112838
9.51 -0.0512361 -0.678337 -0.106591
9.52 -0.0419899 -0.666632 -0.100733
9.53 -0.0326088 -0.653715 -0.09446
9.54 -0.0231084 -0.639608 -0.0874605
9.55 -0.0135043 -0.624336 -0.0806826
9.56 -0.00381266 -0.607926 -0.0744367
9.57 0.00595017 -0.590408 -0.0683331
9.58 0.0157676 -0.571814 -0.0623484
9.59 0.025623 -0.552177 -0.0559301
9.6 0.0354992 -0.531534 -0.0490071
9.61 0.0453793 -0.50992 -0.0421925
9.62 0.055246 -0.487376 -0.0354261
9.63 0.0650821 -0.463943 -0.0289981
9.64 0.0748702 -0.439663 -0.0234538
9.65 0.084593 -0.414582 -0.0183509
9.66 0.0942333 -0.388745 -0.0131399
9.67 0.103774 -0.362202 -0.00807462
9.68 0.113197 -0.335001 -0.00366068
9.69 0.122486 -0.307194 -0.000315326
9.7 0.131624 -0.278833 0.00183422
9.71 0.140595 -0.249973 0.00315968
9.72 0.149381 -0.220671 0.00409344
9.73 0.157966 -0.190982 0.0050732
9.74 0.166335 -0.160964 0.00593913
9.75 0.174472 -0.130676 0.00622957
9.76 0.182361 -0.100177 0.00612959
9.77 0.189988 -0.0695266 0.00552797
9.78 0.197337 -0.0387845 0.00377425
9.79 0.204395 -0.00801184 0.000880116
9.8 0.211148 0.0227299 -0.00210569
9.81 0.217583 0.0533794 -0.00445855
9.82 0.223687 0.0838757 -0.00658469
9.83 0.229448 0.114158 -0.00893866
9.84 0.234855 0.144168 -0.0116772
9.85 0.239895 0.173843 -0.0150483
9.86 0.24456 0.203127 -0.0193566
9.87 0.248839 0.231959 -0.0246865
9.88 0.252724 0.260281 -0.0301558
9.89 0.256205 0.288035 -0.0349838
9.9 0.259275 0.315166 -0.0394893
9.91 0.261927 0.341618 -0.0440744
9.92 0.264155 0.36734 -0.0483611
9.93 0.265953 0.392278 -0.0520103
9.94 0.267316 0.416384 -0.0555825
9.95 0.268241 0.439609 -0.0590062
9.96 0.268725 0.461908 -0.0616657
9.97 0.268764 0.483236 -0.0639296
9.98 0.268357 0.503553 -0.0659602
9.99 0.267503 0.52282 -0.0675461
10 0.266203 0.540998 -0.0689205
10.01 0.264456 0.558054 -0.0699019
10.02 0.262265 0.573956 -0.0700592
10.03 0.259632 0.588674 -0.06927
10.04 0.25656 0.602181 -0.0677743
10.05 0.253053 0.614454 -0.0659931
10.06 0.249116 0.625473 -0.0642796
10.07 0.244755 0.635217 -0.0626292
10.08 0.239975 0.643672 -0.0605737
10.09 0.234784 0.650823 -0.0578064
10.1 0.22919 0.656662 -0.0545398
10.11 0.223201 0.661179 -0.0509027
10.12 0.216827 0.664372 -0.0468172
10.13 0.210077 0.666237 -0.0425851
10.14 0.202964 0.666775 -0.0385209
10.15 0.195497 0.665991 -0.034748
10.16 0.187689 0.66389 -0.0313526
10.17 0.179553 0.66048 -0.0282832
10.18 0.171102 0.655772 -0.0247828
10.19 0.162351 0.649779 -0.02015
10.2 0.153312 0.642518 -0.0150171
10.21 0.144003 0.634007 -0.00995327
10.22 0.134438 0.62427 -0.00465789
10.23 0.124633 0.613329 0.000511512
10.24 0.114605 0.601211 0.00520031
10.25 0.10437 0.587945 0.0102727
10.26 0.0939467 0.573561 0.0159871
10.27 0.0833518 0.558093 0.0219231
10.28 0.0726036 0.541576 0.0282453
10.29 0.0617203 0.524049 0.0347539
10.3 0.0507206 0.505551 0.0408487
10.31 0.0396231 0.486123 0.0465938
10.32 0.0284469 0.465809 0.0522587
10.33 0.0172112 0.444652 0.057962
10.34 0.00593512 0.422701 0.0636663
10.35 -0.00536192 0.400001 0.069241
10.36 -0.0166605 0.376603 0.0747201
10.37 -0.0279413 0.352556 0.0799369
10.38 -0.0391848 0.327912 0.0848566
10.39 -0.0503718 0.302723 0.0894659
10.4 -0.061483 0.277043 0.0939196
10.41 -0.0724992 0.250924 0.0985695
10.42 -0.0834016 0.224423 0.103236
10.43 -0.0941714 0.197594 0.107821
10.44 -0.10479 0.170494 0.112612
10.45 -0.115239 0.143179 0.118302
10.46 -0.125501 0.115706 0.125731
10.47 -0.135558 0.0881351 0.135198
10.48 -0.145393 0.0605251 0.145792
10.49 -0.154988 0.0329368 0.156209
10.5 -0.164328 0.00543064 0.166169
10.51 -0.173397 -0.0219335 0.175951
10.52 -0.182179 -0.0490962 0.185844
10.53 -0.190658 -0.0759984 0.195424
10.54 -0.198822 -0.102582 0.203799
10.55 -0.206655 -0.12879 0.21051
10.56 -0.214145 -0.154569 0.215357
10.57 -0.221279 -0.179863 0.218435
10.58 -0.228046 -0.204624 0.21983
10.59 -0.234433 -0.228802 0.219816
10.6 -0.24043 -0.25235 0.218498
10.61 -0.246027 -0.275224 0.215492
10.62 -0.251216 -0.297381 0.211246
10.63 -0.255987 -0.318782 0.20623
10.64 -0.260333 -0.339388 0.200355
10.65 -0.264247 -0.359164 0.194464
10.66 -0.267723 -0.378075 0.189796
10.67 -0.270755 -0.396088 0.186368
10.68 -0.27334 -0.413171 0.183281
10.69 -0.275473 -0.429294 0.179767
10.7 -0.27715 -0.444429 0.175611
10.71 -0.278371 -0.45855 0.170599
10.72 -0.279134 -0.471635 0.164154
10.73 -0.279438 -0.483662 0.15636
10.74 -0.279283 -0.494615 0.147673
10.75 -0.278671 -0.504479 0.137957
10.76 -0.277603 -0.513241 0.127108
10.77 -0.276082 -0.520894 0.115576
10.78 -0.274112 -0.52743 0.10369
10.79 -0.271696 -0.532846 0.0912034
10.8 -0.268841 -0.537141 0.0777478
10.81 -0.265551 -0.540315 0.0633584
10.82 -0.261833 -0.542374 0.0482935
10.83 -0.257695 -0.543323 0.0324076
10.84 -0.253144 -0.543174 0.0154578
10.85 -0.24819 -0.541937 -0.00255619
10.86 -0.24284 -0.539629 -0.0211491
10.87 -0.237107 -0.536266 -0.039782
10.88 -0.230999 -0.531868 -0.0587293
10.89 -0.224529 -0.526458 -0.0778716
10.9 -0.217708 -0.520059 -0.0968979
10.91 -0.210548 -0.512697 -0.11674
10.92 -0.203063 -0.504401 -0.138199
10.93 -0.195266 -0.495201 -0.160632
10.94 -0.187172 -0.485132 -0.183228
10.95 -0.178794 -0.474227 -0.205954
10.96 -0.170147 -0.462524 -0.228608
10.97 -0.161246 -0.450062 -0.250891
10.98 -0.152108 -0.436879 -0.27308
10.99 -0.142748 -0.423018 -0.29532
11 -0.133183 -0.408519 -0.317332
11.01 -0.123428 -0.393427 -0.33972
11.02 -0.113501 -0.377786 -0.363132
11.03 -0.10342 -0.361643 -0.386855
11.04 -0.0931996 -0.345045 -0.410568
11.05 -0.0828589 -0.32804 -0.434239
11.06 -0.072415 -0.310678 -0.457315
11.07 -0.0618853 -0.293007 -0.479586
11.08 -0.0512875 -0.275078 -0.500817
11.09 -0.0406391 -0.256939 -0.521173
11.1 -0.0299578 -0.23864 -0.541013
11.11 -0.0192609 -0.22023 -0.560141
11.12 -0.008566 -0.201757 -0.578626
11.13 0.00210961 -0.18327 -0.596363
11.14 0.0127488 -0.164818 -0.613041
11.15 0.0233344 -0.146447 -0.628824
11.16 0.0338498 -0.128203 -0.644001
11.17 0.0442784 -0.110134 -0.658032
11.18 0.0546038 -0.0922827 -0.669501
11.19 0.06481 -0.0746926 -0.67793
11.2 0.0748814 -0.0574039 -0.683843
11.21 0.0848026 -0.040455 -0.687435
11.22 0.0945586 -0.0238819 -0.688771
11.23 0.104135 -0.00771865 -0.687886
11.24 0.113517 0.008003 -0.684711
11.25 0.122691 0.0232535 -0.679618
11.26 0.131645 0.0380054 -0.673031
11.27 0.140364 0.0522333 -0.665089
11.28 0.148838 0.0659135 -0.655941
11.29 0.157053 0.0790246 -0.645232
11.3 0.164999 0.091547 -0.632382
11.31 0.172665 0.103464 -0.617954
11.32 0.180041 0.114759 -0.602849
11.33 0.187117 0.125421 -0.586682
11.34 0.193884 0.135438 -0.568905
11.35 0.200334 0.1448 -0.549552
11.36 0.206458 0.153502 -0.527993
11.37 0.21225 0.16154 -0.503634
11.38 0.217702 0.168912 -0.476985
11.39 0.222809 0.17562 -0.448602
11.4 0.227566 0.181668 -0.418579
11.41 0.231967 0.187062 -0.386651
11.42 0.236008 0.191813 -0.352678
11.43 0.239685 0.195931 -0.317093
11.44 0.242997 0.199429 -0.28013
11.45 0.245939 0.202324 -0.242197
11.46 0.248511 0.204634 -0.203986
11.47 0.250711 0.206377 -0.16567
11.48 0.252538 0.207573 -0.126857
11.49 0.253994 0.208244 -0.087296
11.5 0.255077 0.208414 -0.0468856
11.51 0.255789 0.208107 -0.00547388
11.52 0.256133 0.207349 0.0364492
11.53 0.25611 0.206169 0.0785025
11.54 0.255722 0.204594 0.12048
11.55 0.254974 0.202653 0.16232
11.56 0.253869 0.200378 0.204188
11.57 0.252411 0.197797 0.245366
11.58 0.250605 0.194942 0.285074
11.59 0.248456 0.191844 0.323483
11.6 0.24597 0.188534 0.361337
11.61 0.243153 0.18504 0.398824
11.62 0.240011 0.181395 0.435288
11.63 0.236552 0.177628 0.470602
11.64 0.232781 0.173769 0.505547
11.65 0.228708 0.169849 0.540461
11.66 0.22434 0.165897 0.57482
11.67 0.219684 0.161944 0.608429
11.68 0.214751 0.158017 0.641062
11.69 0.209548 0.154147 0.672098
11.7 0.204084 0.150361 0.701327
11.71 0.19837 0.146685 0.72851
11.72 0.192413 0.143144 0.753427
11.73 0.186226 0.139762 0.777063
11.74 0.179816 0.136561 0.800653
11.75 0.173194 0.133564 0.824001
11.76 0.166371 0.130792 0.846335
11.77 0.159356 0.128265 0.86776
11.78 0.152161 0.126003 0.888317
11.79 0.144796 0.124024 0.90703
11.8 0.137272 0.122344 0.92365
11.81 0.129598 0.120979 0.938452
11.82 0.121787 0.119942 0.951121
11.83 0.113849 0.119244 0.961459
11.84 0.105794 0.118894 0.969281
11.85 0.0976337 0.118899 0.974273
11.86 0.0893787 0.119263 0.976483
11.87 0.0810396 0.11999 0.976586
11.88 0.0726273 0.12108 0.975154
11.89 0.0641524 0.12253 0.971311
11.9 0.0556254 0.124338 0.964013
11.91 0.0470568 0.126497 0.954082
11.92 0.0384571 0.128999 0.94289
11.93 0.0298365 0.131834 0.930525
11.94 0.0212053 0.13499 0.916467
11.95 0.0125735 0.138454 0.900642
11.96 0.00395103 0.142211 0.882738
11.97 -0.00465223 0.146246 0.862287
11.98 -0.0132267 0.150538 0.839456
11.99 -0.0217627 0.155068 0.814786
12 -0.0302511 0.159814 0.788573
12.01 -0.0386826 0.164751 0.761021
12.02 -0.0470482 0.169855 0.732523
12.03 -0.0553391 0.175101 0.703085
12.04 -0.0635465 0.180461 0.672689
12.05 -0.0716619 0.185909 0.641489
12.06 -0.0796771 0.191415 0.609565
12.07 -0.0875839 0.196952 0.577027
12.08 -0.0953744 0.20249 0.543936
12.09 -0.103041 0.208 0.510335
12.1 -0.110576 0.213452 0.476421
12.11 -0.117971 0.218815 0.4426
12.12 -0.125221 0.22406 0.408624
12.13 -0.132317 0.229157 0.374135
12.14 -0.139254 0.234077 0.339092
12.15 -0.146023 0.238789 0.30322
12.16 -0.15262 0.243263 0.266784
12.17 -0.159037 0.24747 0.230011
12.18 -0.165269 0.25138 0.192452
12.19 -0.171311 0.254963 0.153866
12.2 -0.177155 0.25819 0.114454
12.21 -0.182797 0.261031 0.0745251
12.22 -0.188231 0.263457 0.0344506
12.23 -0.193453 0.265441 -0.00540726
12.24 -0.198458 0.266953 -0.0450696
12.25 -0.20324 0.267969 -0.0846467
12.26 -0.207796 0.268462 -0.124193
12.27 -0.21212 0.268408 -0.163519
12.28 -0.216209 0.267784 -0.202448
12.29 -0.220059 0.266567 -0.241164
12.3 -0.223666 0.264737 -0.278924
12.31 -0.227027 0.262275 -0.314747
12.32 -0.230137 0.259164 -0.349171
12.33 -0.232994 0.255389 -0.382813
12.34 -0.235594 0.250936 -0.415426
12.35 -0.237935 0.245796 -0.446747
12.36 -0.240014 0.239958 -0.476451
12.37 -0.241828 0.233417 -0.505128
12.38 -0.243375 0.226166 -0.533309
12.39 -0.244652 0.218202 -0.560202
12.4 -0.245659 0.209525 -0.58549
12.41 -0.246392 0.200136 -0.609603
12.42 -0.24685 0.190038 -0.632935
12.43 -0.247033 0.179235 -0.6555
12.44 -0.246937 0.167734 -0.676478
12.45 -0.246564 0.155545 -0.695212
12.46 -0.24591 0.142679 -0.712184
12.47 -0.244977 0.129149 -0.727995
12.48 -0.243763 0.114973 -0.742771
12.49 -0.242268 0.100166 -0.75587
12.5 -0.240493 0.0847506 -0.766678
12.51 -0.238436 0.0687476 -0.775638
12.52 -0.2361 0.0521819 -0.783242
12.53 -0.233484 0.0350799 -0.789006
12.54 -0.230588 0.0174703 -0.79229
12.55 -0.227416 -0.000615942 -0.792957
12.56 -0.223966 -0.0191453 -0.790786
12.57 -0.220242 -0.0380821 -0.78599
12.58 -0.216245 -0.0573879 -0.779191
12.59 -0.211977 -0.0770228 -0.770332
12.6 -0.20744 -0.0969448 -0.759535
12.61 -0.202638 -0.11711 -0.747463
12.62 -0.197572 -0.137475 -0.733414
12.63 -0.192247 -0.157991 -0.716315
12.64 -0.186665 -0.178611 -0.6965
12.65 -0.18083 -0.199285 -0.674768
12.66 -0.174747 -0.219961 -0.650706
12.67 -0.168419 -0.240586 -0.623774
12.68 -0.161852 -0.261107 -0.594711
12.69 -0.155051 -0.281467 -0.564129
12.7 -0.14802 -0.30161 -0.532455
12.71 -0.140765 -0.321482 -0.500521
12.72 -0.133293 -0.341025 -0.468971
12.73 -0.125609 -0.360185 -0.436783
12.74 -0.11772 -0.378907 -0.402606
12.75 -0.109634 -0.397137 -0.367017
12.76 -0.101357 -0.414819 -0.330455
12.77 -0.0928967 -0.431899 -0.292302
12.78 -0.0842618 -0.448324 -0.25297
12.79 -0.0754603 -0.464039 -0.2132
12.8 -0.0665008 -0.478993 -0.172319
12.81 -0.0573924 -0.493134 -0.12977
12.82 -0.0481445 -0.506411 -0.0863914
12.83 -0.0387666 -0.518775 -0.0430725
12.84 -0.0292688 -0.530177 6.71744e-05
12.85 -0.0196614 -0.540572 0.0430964
12.86 -0.00995526 -0.549916 0.0861065
12.87 -0.000161201 -0.558166 0.129499
12.88 0.00970941 -0.565283 0.173276
12.89 0.0196449 -0.571229 0.216507
12.9 0.0296335 -0.575968 0.258801
12.91 0.0396629 -0.579468 0.300766
12.92 0.0497206 -0.581698 0.342624
12.93 0.0597938 -0.582632 0.383758
12.94 0.0698696 -0.582244 0.423565
12.95 0.0799347 -0.580513 0.462015
12.96 0.0899757 -0.577422 0.498682
12.97 0.0999787 -0.572956 0.532728
12.98 0.10993 -0.567106 0.56399
12.99 0.119815 -0.559865 0.593206
13 0.129621 -0.551232 0.621772
13.01 0.139331 -0.541208 0.64972
13.02 0.148933 -0.529796 0.676087
13.03 0.158411 -0.517005 0.700388
13.04 0.167751 -0.502847 0.721761
13.05 0.176937 -0.487337 0.740128
13.06 0.185956 -0.470497 0.755997
13.07 0.194792 -0.452349 0.769727
13.08 0.20343 -0.432923 0.781767
13.09 0.211856 -0.412249 0.79199
13.1 0.220055 -0.390364 0.800455
13.11 0.228012 -0.367304 0.807281
13.12 0.235713 -0.343111 0.811884
13.13 0.243144 -0.317831 0.814002
13.14 0.250289 -0.291512 0.814078
13.15 0.257137 -0.264205 0.812572
13.16 0.263671 -0.235965 0.809496
13.17 0.26988 -0.206848 0.804498
13.18 0.27575 -0.176915 0.797482
13.19 0.281268 -0.146229 0.788484
13.2 0.286421 -0.114853 0.777346
13.21 0.291197 -0.0828562 0.764275
13.22 0.295585 -0.0503079 0.749369
13.23 0.299574 -0.01728 0.732188
13.24 0.303151 0.0161531 0.712503
13.25 0.306308 0.0499153 0.690299
13.26 0.309034 0.0839281 0.665864
13.27 0.31132 0.118112 0.639879
13.28 0.313157 0.152385 0.612063
13.29 0.314538 0.186665 0.581815
13.3 0.315454 0.220868 0.549821
13.31 0.315899 0.254911 0.51677
13.32 0.315867 0.288707 0.482891
13.33 0.315352 0.322173 0.448349
13.34 0.31435 0.355223 0.413059
13.35 0.312857 0.387775 0.37729
13.36 0.310869 0.419745 0.341441
13.37 0.308385 0.451052 0.305493
13.38 0.305402 0.481613 0.269731
13.39 0.30192 0.511351 0.234501
13.4 0.297939 0.540189 0.199455
13.41 0.293461 0.568051 0.164749
13.42 0.288486 0.594864 0.130905
13.43 0.283017 0.620559 0.0972647
13.44 0.277059 0.645067 0.0632724
13.45 0.270615 0.668323 0.0296017
13.46 0.263692 0.690263 -0.00350922
13.47 0.256294 0.710828 -0.0365426
13.48 0.24843 0.72996 -0.0693884
13.49 0.240107 0.747605 -0.101876
13.5 0.231335 0.763711 -0.134353
13.51 0.222124 0.778232 -0.166741
13.52 0.212483 0.791121 -0.198939
13.53 0.202425 0.802337 -0.23071
13.54 0.191963 0.811842 -0.260989
13.55 0.181109 0.819603 -0.289537
13.56 0.169878 0.82559 -0.317099
13.57 0.158286 0.829778 -0.344305
13.58 0.146347 0.832146 -0.371083
13.59 0.134078 0.832675 -0.39662
13.6 0.121498 0.831353 -0.420184
13.61 0.108624 0.82817 -0.441573
13.62 0.0954749 0.823124 -0.46064
13.63 0.0820708 0.816216 -0.477256
13.64 0.0684317 0.807452 -0.491813
13.65 0.0545788 0.796844 -0.504731
13.66 0.0405334 0.784407 -0.516405
13.67 0.0263178 0.770161 -0.527216
13.68 0.0119547 0.75413 -0.537279
13.69 -0.00253292 0.736343 -0.546228
13.7 -0.0171213 0.716832 -0.553384
13.71 -0.0317864 0.695633 -0.558567
13.72 -0.0465037 0.672787 -0.562007
13.73 -0.0612485 0.648339 -0.563944
13.74 -0.0759958 0.622339 -0.56454
13.75 -0.0907201 0.594839 -0.563933
13.76 -0.105396 0.565895 -0.562565
13.77 -0.119998 0.535567 -0.560518
13.78 -0.1345 0.503918 -0.557728
13.79 -0.148876 0.471014 -0.55436
13.8 -0.1631 0.436922 -0.54989
13.81 -0.177147 0.401714 -0.544199
13.82 -0.19099 0.365464 -0.537516
13.83 -0.204605 0.328249 -0.529253
13.84 -0.217965 0.290148 -0.519107
13.85 -0.231046 0.251242 -0.507258
13.86 -0.243822 0.211618 -0.493491
13.87 -0.256269 0.171361 -0.477701
13.88 -0.268364 0.13056 -0.460329
13.89 -0.280081 0.0893079 -0.441551
13.9 -0.291398 0.0476963 -0.420872
13.91 -0.302292 0.00582003 -0.398274
13.92 -0.312741 -0.036225 -0.374822
13.93 -0.322723 -0.0783422 -0.351161
13.94 -0.332219 -0.120435 -0.327272
13.95 -0.341206 -0.162405 -0.303271
13.96 -0.349667 -0.204158 -0.278941
13.97 -0.357583 -0.245596 -0.254034
13.98 -0.364936 -0.286623 -0.228423
13.99 -0.371709 -0.327145 -0.202217
14 -0.377887 -0.367067 -0.176118
14.01 -0.383455 -0.406295 -0.150209
14.02 -0.388399 -0.444739 -0.124086
14.03 -0.392706 -0.482307 -0.097967
14.04 -0.396364 -0.518913 -0.0725526
14.05 -0.399364 -0.554469 -0.0483953
14.06 -0.401695 -0.588894 -0.0252445
14.07 -0.40335 -0.622107 -0.00238736
14.08 -0.404321 -0.654031 0.0204428
14.09 -0.404603 -0.684592 0.0428902
14.1 -0.404191 -0.713717 0.0644416
14.11 -0.403081 -0.741339 0.0846489
14.12 -0.401272 -0.767393 0.103279
14.13 -0.398762 -0.79182 0.120668
14.14 -0.395553 -0.814562 0.137196
14.15 -0.391646 -0.835569 0.153163
14.16 -0.387045 -0.85479 0.168772
14.17 -0.381753 -0.872183 0.183852
14.18 -0.375776 -0.887705 0.198692
14.19 -0.369122 -0.90132 0.213525
14.2 -0.361798 -0.912996 0.228051
14.21 -0.353815 -0.922704 0.242114
14.22 -0.345183 -0.930418 0.255648
14.23 -0.335915 -0.93612 0.268866
14.24 -0.326023 -0.939791 0.28116
14.25 -0.315522 -0.941422 0.291108
14.26 -0.304429 -0.941006 0.298386
14.27 -0.29276 -0.938542 0.303074
14.28 -0.280533 -0.934037 0.305303
14.29 -0.267768 -0.927499 0.305735
14.3 -0.254485 -0.918946 0.305003
14.31 -0.240705 -0.908397 0.303361
14.32 -0.226452 -0.895877 0.300656
14.33 -0.211748 -0.881415 0.29726
14.34 -0.196617 -0.865046 0.293474
14.35 -0.181086 -0.846806 0.289152
14.36 -0.165181 -0.826738 0.284847
14.37 -0.148927 -0.804886 0.280829
14.38 -0.132354 -0.781299 0.276639
14.39 -0.115489 -0.75603 0.271692
14.4 -0.0983612 -0.729133 0.26518
14.41 -0.081001 -0.700669 0.256858
14.42 -0.0634385 -0.670701 0.247264
14.43 -0.0457042 -0.639298 0.236288
14.44 -0.0278295 -0.60653 0.223498
14.45 -0.00984579 -0.572472 0.209266
14.46 0.00821492 -0.537203 0.193653
14.47 0.0263205 -0.500804 0.176274
14.48 0.0444386 -0.46336 0.157397
14.49 0.0625368 -0.424958 0.137931
14.5 0.0805824 -0.385687 0.118558
14.51 0.098543 -0.345639 0.0996201
14.52 0.116386 -0.304906 0.08132
14.53 0.134079 -0.263582 0.063132
14.54 0.15159 -0.22176 0.0441856
14.55 0.168887 -0.179537 0.0243904
14.56 0.185938 -0.13701 0.004961
14.57 0.202712 -0.0942741 -0.0134725
14.58 0.219177 -0.0514277 -0.0315702
14.59 0.235305 -0.00856729 -0.0495705
14.6 0.251065 0.0342105 -0.0677422
14.61 0.266427 0.0768091 -0.086385
14.62 0.281363 0.119132 -0.105439
14.63 0.295846 0.161084 -0.1249
14.64 0.309847 0.20257 -0.144474
14.65 0.323342 0.243495 -0.163734
14.66 0.336305 0.283766 -0.182295
14.67 0.348711 0.323293 -0.19996
14.68 0.360538 0.361986 -0.21722
14.69 0.371761 0.399759 -0.234343
14.7 0.382362 0.436526 -0.25041
14.71 0.392318 0.472206 -0.264641
14.72 0.401612 0.506719 -0.277597
14.73 0.410226 0.53999 -0.289938
14.74 0.418142 0.571947 -0.30157
14.75 0.425347 0.602519 -0.312591
14.76 0.431825 0.63164 -0.323148
14.77 0.437564 0.659247 -0.332715
14.78 0.442553 0.68528 -0.340918
14.79 0.446782 0.709685 -0.347862
14.8 0.450242 0.732409 -0.35362
14.81 0.452928 0.753406 -0.358359
14.82 0.454831 0.772632 -0.36194
14.83 0.45595 0.790049 -0.364301
14.84 0.456281 0.805622 -0.365664
14.85 0.455822 0.81932 -0.365994
14.86 0.454574 0.831119 -0.365253
14.87 0.452539 0.840997 -0.363191
14.88 0.44972 0.848937 -0.359619
14.89 0.446121 0.854928 -0.354699
14.9 0.441748 0.858962 -0.348613
14.91 0.436609 0.861038 -0.341567
14.92 0.430713 0.861157 -0.333448
14.93 0.424071 0.859326 -0.323891
14.94 0.416693 0.855556 -0.312829
14.95 0.408593 0.849864 -0.300574
14.96 0.399785 0.842271 -0.286892
14.97 0.390285 0.832801 -0.271139
14.98 0.380111 0.821487 -0.25383
14.99 0.36928 0.808361 -0.23525
15 0.357811 0.793465 -0.214931
15.01 0.345726 0.776841 -0.193112
15.02 0.333047 0.758539 -0.170602
15.03 0.319795 0.73861 -0.148038
15.04 0.305995 0.71711 -0.124865
15.05 0.291672 0.694098 -0.0998916
15.06 0.276852 0.669636 -0.0732224
15.07 0.261561 0.643792 -0.0460472
15.08 0.245828 0.616635 -0.0188863
15.09 0.229679 0.588238 0.00836439
15.1 0.213145 0.558675 0.0351885
15.11 0.196255 0.528024 0.0610323
15.12 0.17904 0.496363 0.0864566
15.13 0.16153 0.463773 0.111837
15.14 0.143758 0.430336 0.136396
15.15 0.125754 0.396134 0.159647
15.16 0.107551 0.361253 0.181907
15.17 0.0891815 0.325777 0.203661
15.18 0.0706787 0.289791 0.225214
15.19 0.0520752 0.253382 0.246812
15.2 0.0334043 0.216638 0.268209
15.21 0.0146989 0.179646 0.288858
15.22 -0.00400765 0.142494 0.309169
15.23 -0.0226824 0.10527 0.329115
15.24 -0.0412923 0.0680612 0.348125
15.25 -0.0598047 0.0309555 0.366287
15.26 -0.078187 -0.00596103 0.383474
15.27 -0.0964072 -0.042603 0.399622
15.28 -0.114433 -0.0788863 0.41489
15.29 -0.132234 -0.114728 0.429131
15.3 -0.149779 -0.150047 0.442523
15.31 -0.167037 -0.184763 0.455561
15.32 -0.183979 -0.218798 0.468145
15.33 -0.200576 -0.252075 0.479376
15.34 -0.2168 -0.284521 0.488531
15.35 -0.232622 -0.316065 0.49558
15.36 -0.248017 -0.346637 0.500634
15.37 -0.262958 -0.376173 0.503769
15.38 -0.277421 -0.404612 0.505371
15.39 -0.291381 -0.431895 0.505547
15.4 -0.304816 -0.457966 0.503846
15.41 -0.317703 -0.482774 0.499772
15.42 -0.330022 -0.506271 0.493302
15.43 -0.341753 -0.528414 0.485712
15.44 -0.352878 -0.549161 0.477905
15.45 -0.363378 -0.568477 0.469255
15.46 -0.373238 -0.586326 0.458959
15.47 -0.382442 -0.60268 0.446476
15.48 -0.390978 -0.617513 0.432038
15.49 -0.398831 -0.630803 0.416768
15.5 -0.405992 -0.642533 0.400924
15.51 -0.41245 -0.652689 0.383759
15.52 -0.418197 -0.66126 0.364997
15.53 -0.423224 -0.668242 0.344219
15.54 -0.427527 -0.673631 0.321613
15.55 -0.4311 -0.677432 0.297701
15.56 -0.433941 -0.679651 0.271963
15.57 -0.436047 -0.680298 0.244688
15.58 -0.437417 -0.67939 0.216267
15.59 -0.438052 -0.676945 0.186425
15.6 -0.437954 -0.672986 0.155389
15.61 -0.437127 -0.66754 0.12336
15.62 -0.435575 -0.660637 0.0908955
15.63 -0.433303 -0.652312 0.058352
15.64 -0.430318 -0.6426 0.0253293
15.65 -0.42663 -0.631542 -0.00782006
15.66 -0.422247 -0.619179 -0.0405756
15.67 -0.41718 -0.605557 -0.0730282
15.68 -0.41144 -0.590722 -0.105284
15.69 -0.405042 -0.574726 -0.136908
15.7 -0.397997 -0.557619 -0.167612
15.71 -0.390323 -0.539454 -0.198345
15.72 -0.382033 -0.520288 -0.229829
15.73 -0.373147 -0.500178 -0.26171
15.74 -0.363681 -0.479185 -0.29334
15.75 -0.353654 -0.457371 -0.324816
15.76 -0.343087 -0.434798 -0.356229
15.77 -0.331999 -0.411533 -0.386775
15.78 -0.320412 -0.38764 -0.416371
15.79 -0.308349 -0.363186 -0.445134
15.8 -0.29583 -0.33824 -0.472709
15.81 -0.282881 -0.312867 -0.498798
15.82 -0.269525 -0.287136 -0.523128
15.83 -0.255786 -0.261114 -0.545708
15.84 -0.241689 -0.234869 -0.566791
15.85 -0.22726 -0.208465 -0.586337
15.86 -0.212525 -0.181971 -0.603927
15.87 -0.197509 -0.155449 -0.619719
15.88 -0.182238 -0.128965 -0.634129
15.89 -0.166741 -0.102582 -0.646689
15.9 -0.151043 -0.0763606 -0.656891
15.91 -0.135171 -0.0503617 -0.664729
15.92 -0.119152 -0.0246435 -0.67
15.93 -0.103014 0.000737881 -0.672433
15.94 -0.0867837 0.0257285 -0.672205
15.95 -0.0704877 0.0502766 -0.670163
15.96 -0.0541532 0.0743326 -0.667223
15.97 -0.0378069 0.0978482 -0.663738
15.98 -0.0214753 0.120777 -0.659628
15.99 -0.00518493 0.143073 -0.654737
16 0.0110383 0.164694 -0.648672
16.01 0.0271687 0.185598 -0.640626
16.02 0.0431808 0.205746 -0.630305
16.03 0.0590497 0.225103 -0.618351
16.04 0.0747509 0.243635 -0.605535
16.05 0.0902604 0.26131 -0.591731
16.06 0.105555 0.2781 -0.57622
16.07 0.120611 0.293979 -0.559085
16.08 0.135406 0.308924 -0.540852
16.09 0.14992 0.322913 -0.521405
16.1 0.16413 0.335929 -0.499926
16.11 0.178016 0.347956 -0.47586
16.12 0.19156 0.358984 -0.449775
16.13 0.20474 0.369004 -0.422237
16.14 0.217541 0.37801 -0.392866
16.15 0.229943 0.386001 -0.362125
16.16 0.241931 0.392978 -0.331204
16.17 0.253488 0.398942 -0.299715
16.18 0.264601 0.403899 -0.266827
16.19 0.275253 0.407858 -0.232345
16.2 0.285434 0.41083 -0.196763
16.21 0.295129 0.412828 -0.161145
16.22 0.304327 0.413868 -0.125465
16.23 0.313019 0.413968 -0.0891763
16.24 0.321194 0.413148 -0.052303
16.25 0.328843 0.41143 -0.0147669
16.26 0.335958 0.408839 0.0233815
16.27 0.342533 0.405402 0.0619004
16.28 0.348562 0.401148 0.100665
16.29 0.354038 0.396105 0.139546
16.3 0.358959 0.390309 0.17901
16.31 0.36332 0.383791 0.219279
16.32 0.367119 0.376588 0.26001
16.33 0.370354 0.368739 0.300955
16.34 0.373025 0.360282 0.341458
16.35 0.375132 0.351257 0.381068
16.36 0.376675 0.341706 0.420094
16.37 0.377656 0.331671 0.459007
16.38 0.378078 0.321193 0.497525
16.39 0.377945 0.310317 0.534861
16.4 0.37726 0.299086 0.570746
16.41 0.376028 0.287543 0.60549
16.42 0.374255 0.275733 0.639307
16.43 0.371947 0.263698 0.672346
16.44 0.369111 0.251483 0.705062
16.45 0.365756 0.239131 0.737326
16.46 0.361889 0.226686 0.76881
16.47 0.357519 0.214192 0.799448
16.48 0.352657 0.201693 0.828684
16.49 0.347312 0.189231 0.855925
16.5 0.341495 0.176848 0.881388
16.51 0.335217 0.164583 0.905557
16.52 0.328491 0.152477 0.928261
16.53 0.321328 0.140568 0.949229
16.54 0.313742 0.128892 0.968204
16.55 0.305745 0.117486 0.984939
16.56 0.297351 0.106382 0.99957
16.57 0.288574 0.095613 1.01198
16.58 0.279429 0.0852083 1.02198
16.59 0.26993 0.0751959 1.02997
16.6 0.260091 0.0656019 1.03624
16.61 0.24993 0.0564503 1.04041
16.62 0.239459 0.047763 1.04185
16.63 0.228697 0.0395596 1.04033
16.64 0.217657 0.0318571 1.03581
16.65 0.206357 0.0246697 1.02852
16.66 0.194813 0.018009 1.01925
16.67 0.183041 0.0118847 1.00842
16.68 0.171057 0.00630395 0.995171
16.69 0.158878 0.0012718 0.978928
16.7 0.146521 -0.00320945 0.960677
16.71 0.134003 -0.00713975 0.941032
16.72 0.121339 -0.0105212 0.918984
16.73 0.108547 -0.0133582 0.894033
16.74 0.0956437 -0.015658 0.866844
16.75 0.0826451 -0.01743 0.83776
16.76 0.069568 -0.0186859 0.806625
16.77 0.0564291 -0.0194396 0.773557
16.78 0.0432446 -0.0197071 0.738781
16.79 0.0300309 -0.0195064 0.702055
16.8 0.0168042 -0.0188577 0.66308
16.81 0.00358046 -0.0177832 0.621477
16.82 -0.00962428 -0.0163076 0.577173
16.83 -0.0227943 -0.014458 0.530954
16.84 -0.035914 -0.012263 0.483444
16.85 -0.0489681 -0.00975309 0.434785
16.86 -0.0619412 -0.00695998 0.384838
16.87 -0.0748184 -0.00391666 0.333743
16.88 -0.0875848 -0.000657207 0.282392
16.89 -0.100226 0.00278354 0.230636
16.9 -0.112728 0.00637008 0.177828
16.91 -0.125075 0.0100661 0.124304
16.92 -0.137255 0.0138346 0.0701863
16.93 -0.149254 0.0176381 0.0161745
16.94 -0.161059 0.0214393 -0.0367362
16.95 -0.172655 0.025201 -0.0891542
16.96 -0.184031 0.0288865 -0.14191
16.97 -0.195174 0.0324592 -0.194874
16.98 -0.206072 0.0358825 -0.247304
16.99 -0.216712 0.0391206 -0.29805
17 -0.227083 0.0421387 -0.346301
17.01 -0.237174 0.0449039 -0.39225
17.02 -0.246973 0.0473852 -0.436467
17.03 -0.25647 0.049553 -0.478864
17.04 -0.265654 0.0513793 -0.519488
17.05 -0.274515 0.0528379 -0.559287
17.06 -0.283043 0.0539036 -0.598708
17.07 -0.291228 0.0545524 -0.636959
17.08 -0.299062 0.0547617 -0.673514
17.09 -0.306535 0.0545106 -0.70891
17.1 -0.313639 0.0537797 -0.743032
17.11 -0.320365 0.0525516 -0.775156
17.12 -0.326706 0.0508105 -0.8052
17.13 -0.332654 0.0485432 -0.832858
17.14 -0.338203 0.0457386 -0.857591
17.15 -0.343344 0.0423885 -0.879506
17.16 -0.348071 0.0384872 -0.899011
17.17 -0.352379 0.0340315 -0.916061
17.18 -0.356262 0.0290208 -0.930413
17.19 -0.359714 0.0234568 -0.942037
17.2 -0.36273 0.0173443 -0.950638
17.21 -0.365306 0.0106906 -0.956343
17.22 -0.367437 0.00350557 -0.959995
17.23 -0.36912 -0.00419856 -0.961754
17.24 -0.37035 -0.0124074 -0.9613
17.25 -0.371126 -0.0211044 -0.9587
17.26 -0.371444 -0.030271 -0.954153
17.27 -0.371302 -0.0398863 -0.947614
17.28 -0.370699 -0.0499277 -0.93884
17.29 -0.369633 -0.0603703 -0.927851
17.3 -0.368103 -0.0711874 -0.914805
17.31 -0.366109 -0.0823502 -0.899578
17.32 -0.363651 -0.0938282 -0.882121
17.33 -0.360729 -0.105589 -0.862668
17.34 -0.357344 -0.117598 -0.841995
17.35 -0.353498 -0.129821 -0.820427
17.36 -0.349192 -0.142221 -0.797362
17.37 -0.34443 -0.15476 -0.772471
17.38 -0.339213 -0.167401 -0.745429
17.39 -0.333545 -0.180103 -0.716088
17.4 -0.327431 -0.192824 -0.685133
17.41 -0.320874 -0.205523 -0.653362
17.42 -0.31388 -0.218157 -0.620563
17.43 -0.306453 -0.230681 -0.585537
17.44 -0.2986 -0.243053 -0.548351
17.45 -0.290328 -0.255227 -0.510522
17.46 -0.281643 -0.267158 -0.472152
17.47 -0.272553 -0.278802 -0.432682
17.48 -0.263066 -0.290112 -0.392546
17.49 -0.253191 -0.301046 -0.351679
17.5 -0.242936 -0.311557 -0.309835
17.51 -0.232313 -0.321604 -0.267926
17.52 -0.22133 -0.331142 -0.226544
17.53 -0.209999 -0.34013 -0.184918
17.54 -0.198331 -0.348528 -0.14288
17.55 -0.186338 -0.356295 -0.101292
17.56 -0.174032 -0.363394 -0.0604024
17.57 -0.161427 -0.369788 -0.0203114
17.58 -0.148535 -0.375444 0.0187398
17.59 -0.135372 -0.380327 0.0565591
17.6 -0.12195 -0.384409 0.0931502
17.61 -0.108286 -0.387661 0.129113
17.62 -0.0943945 -0.390058 0.164405
17.63 -0.0802918 -0.391577 0.198478
17.64 -0.0659943 -0.392195 0.231544
17.65 -0.0515188 -0.391894 0.263957
17.66 -0.0368827 -0.390658 0.295698
17.67 -0.0221038 -0.388473 0.326366
17.68 -0.00720009 -0.385326 0.355075
17.69 0.00780973 -0.381208 0.381939
17.7 0.0229068 -0.376115 0.40776
17.71 0.0380717 -0.370043 0.432809
17.72 0.053285 -0.362991 0.456982
17.73 0.0685267 -0.35496 0.479768
17.74 0.0837765 -0.345956 0.500736
17.75 0.099014 -0.335986 0.519599
17.76 0.114219 -0.325059 0.535906
17.77 0.129369 -0.313191 0.549749
17.78 0.144444 -0.300397 0.562386
17.79 0.159424 -0.286699 0.574294
17.8 0.174285 -0.272117 0.584895
17.81 0.189007 -0.256677 0.593665
17.82 0.203568 -0.240404 0.600194
17.83 0.217947 -0.223331 0.604584
17.84 0.232121 -0.205488 0.607621
17.85 0.24607 -0.186912 0.610013
17.86 0.259772 -0.167639 0.611756
17.87 0.273205 -0.147709 0.612692
17.88 0.286348 -0.127161 0.612429
17.89 0.29918 -0.106037 0.6108
17.9 0.311681 -0.0843833 0.607575
17.91 0.323828 -0.0622445 0.602328
17.92 0.335602 -0.0396691 0.595748
17.93 0.346983 -0.016707 0.588726
17.94 0.357951 0.00659102 0.581131
17.95 0.368487 0.0301732 0.572409
17.96 0.378571 0.0539864 0.562165
17.97 0.388186 0.0779765 0.55029
17.98 0.397312 0.102088 0.53689
17.99 0.405934 0.126264 0.521961
18 0.414033 0.150448 0.505113
18.01 0.421593 0.17458 0.486579
18.02 0.428599 0.198601 0.466663
18.03 0.435036 0.222452 0.444991
18.04 0.440889 0.246071 0.422238
18.05 0.446146 0.269398 0.398891
18.06 0.450792 0.292373 0.374264
18.07 0.454816 0.314935 0.347849
18.08 0.458207 0.337023 0.31994
18.09 0.460955 0.358577 0.291595
18.1 0.463049 0.379538 0.263686
18.11 0.464483 0.399848 0.236153
18.12 0.465247 0.419449 0.20803
18.13 0.465336 0.438287 0.179017
18.14 0.464744 0.456307 0.150153
18.15 0.463467 0.473457 0.121881
18.16 0.4615 0.489687 0.0937058
18.17 0.458841 0.504948 0.0655983
18.18 0.455489 0.519193 0.0378128
18.19 0.451444 0.532378 0.0104088
18.2 0.446707 0.544463 -0.0167542
18.21 0.441279 0.555407 -0.0434964
18.22 0.435163 0.565173 -0.069143
18.23 0.428363 0.573729 -0.0938025
18.24 0.420885 0.581042 -0.117693
18.25 0.412736 0.587087 -0.140869
18.26 0.403922 0.591837 -0.163846
18.27 0.394453 0.595271 -0.186934
18.28 0.384338 0.59737 -0.210034
18.29 0.373589 0.598116 -0.232367
18.3 0.362217 0.597498 -0.253185
18.31 0.350236 0.595504 -0.272622
18.32 0.337659 0.592129 -0.290748
18.33 0.324504 0.58737 -0.307519
18.34 0.310785 0.581228 -0.323667
18.35 0.296521 0.573707 -0.339904
18.36 0.281731 0.564813 -0.356123
18.37 0.266433 0.554558 -0.371882
18.38 0.250649 0.542952 -0.386928
18.39 0.234401 0.530013 -0.401102
18.4 0.21771 0.515759 -0.413764
18.41 0.2006 0.500213 -0.424733
18.42 0.183096 0.4834 -0.43491
18.43 0.165223 0.46535 -0.444849
18.44 0.147007 0.446095 -0.454015
18.45 0.128474 0.425669 -0.462141
18.46 0.109652 0.404111 -0.469417
18.47 0.0905703 0.381459 -0.474762
18.48 0.0712563 0.35776 -0.477114
18.49 0.05174 0.333059 -0.477048
18.5 0.0320513 0.307407 -0.475838
18.51 0.0122208 0.280859 -0.474025
18.52 -0.00772053 0.25347 -0.471204
18.53 -0.0277414 0.225298 -0.467018
18.54 -0.04781 0.196404 -0.461495
18.55 -0.0678944 0.16685 -0.455024
18.56 -0.0879623 0.1367 -0.447987
18.57 -0.107981 0.10602 -0.440541
18.58 -0.127918 0.0748782 -0.43282
18.59 -0.147741 0.0433424 -0.424997
18.6 -0.167418 0.0114817 -0.416891
18.61 -0.186914 -0.0206337 -0.407921
18.62 -0.206198 -0.0529329 -0.397833
18.63 -0.225238 -0.0853438 -0.386668
18.64 -0.244001 -0.117794 -0.374182
18.65 -0.262455 -0.150209 -0.360581
18.66 -0.280569 -0.182515 -0.346554
18.67 -0.298312 -0.214638 -0.332028
18.68 -0.315652 -0.246504 -0.316805
18.69 -0.33256 -0.278039 -0.301148
18.7 -0.349005 -0.309169 -0.284987
18.71 -0.364959 -0.339821 -0.268254
18.72 -0.380394 -0.369923 -0.250638
18.73 -0.395281 -0.399403 -0.231674
18.74 -0.409594 -0.42819 -0.211865
18.75 -0.423307 -0.456214 -0.192128
18.76 -0.436394 -0.483405 -0.172679
18.77 -0.448831 -0.509697 -0.153128
18.78 -0.460596 -0.535025 -0.133617
18.79 -0.471666 -0.559326 -0.114426
18.8 -0.482019 -0.582539 -0.0961449
18.81 -0.491636 -0.604607 -0.0793799
18.82 -0.500498 -0.625473 -0.0633072
18.83 -0.508587 -0.645087 -0.0469044
18.84 -0.515887 -0.663398 -0.0305384
18.85 -0.522383 -0.68036 -0.0147739
18.86 -0.528061 -0.695928 0.000316087
18.87 -0.532909 -0.710063 0.0143862
18.88 -0.536915 -0.722728 0.0274578
18.89 -0.54007 -0.733888 0.0398653
18.9 -0.542365 -0.743514 0.0516097
18.91 -0.543795 -0.751579 0.0625456
18.92 -0.544353 -0.75806 0.0726386
18.93 -0.544035 -0.762939 0.0821818
18.94 -0.54284 -0.766199 0.0914029
18.95 -0.540767 -0.767829 0.0998879
18.96 -0.537815 -0.767819 0.107288
18.97 -0.533988 -0.766167 0.113383
18.98 -0.529289 -0.762872 0.117728
18.99 -0.523723 -0.757937 0.120815
19 -0.517297 -0.751371 0.123567
19.01 -0.51002 -0.743185 0.125809
19.02 -0.5019 -0.733396 0.126592
19.03 -0.492949 -0.722022 0.125944
19.04 -0.483181 -0.709086 0.124906
19.05 -0.472608 -0.694617 0.123707
19.06 -0.461247 -0.678643 0.121851
19.07 -0.449114 -0.661199 0.11911
19.08 -0.436229 -0.642321 0.115711
19.09 -0.42261 -0.622051 0.112224
19.1 -0.408279 -0.60043 0.108822
19.11 -0.393258 -0.577506 0.104996
19.12 -0.37757 -0.553327 0.100366
19.13 -0.361241 -0.527946 0.0945872
19.14 -0.344296 -0.501417 0.0875884
19.15 -0.326763 -0.473798 0.0799308
19.16 -0.308669 -0.445151 0.0720261
19.17 -0.290044 -0.415538 0.0642761
19.18 -0.270918 -0.385024 0.0569745
19.19 -0.251322 -0.353675 0.0500309
19.2 -0.231288 -0.321561 0.0434176
19.21 -0.210848 -0.288749 0.0371235
19.22 -0.190037 -0.255311 0.0310911
19.23 -0.168889 -0.221319 0.024897
19.24 -0.147438 -0.186846 0.0178923
19.25 -0.12572 -0.151965 0.00999656
19.26 -0.103771 -0.116754 0.00188912
19.27 -0.0816267 -0.0812889 -0.00586182
19.28 -0.0593251 -0.0456464 -0.0134589
19.29 -0.0369027 -0.00990392 -0.0207902
19.3 -0.0143971 0.0258609 -0.0278284
19.31 0.0081542 0.0615707 -0.0354324
19.32 0.0307135 0.0971479 -0.0437043
19.33 0.053243 0.132515 -0.0511907
19.34 0.075705 0.167595 -0.0571831
19.35 0.0980617 0.202313 -0.0623521
19.36 0.120276 0.236593 -0.0671164
19.37 0.14231 0.270364 -0.0715153
19.38 0.164127 0.303553 -0.0754924
19.39 0.18569 0.33609 -0.0792091
19.4 0.206963 0.367905 -0.0823529
19.41 0.22791 0.398931 -0.084141
19.42 0.248497 0.429104 -0.0847362
19.43 0.268687 0.458361 -0.0843843
19.44 0.288449 0.486641 -0.0829516
19.45 0.307747 0.513888 -0.0811132
19.46 0.32655 0.540046 -0.0796666
19.47 0.344827 0.565061 -0.0783832
19.48 0.362545 0.588882 -0.077
19.49 0.379677 0.611462 -0.0756617
19.5 0.396193 0.632753 -0.0742331
19.51 0.412065 0.652713 -0.0723105
19.52 0.427268 0.671302 -0.069323
19.53 0.441775 0.68848 -0.0658434
19.54 0.455562 0.704216 -0.0629701
19.55 0.468607 0.718477 -0.060524
19.56 0.480888 0.731235 -0.0575452
19.57 0.492385 0.742465 -0.0532995
19.58 0.503078 0.752145 -0.0483881
19.59 0.512951 0.760257 -0.043589
19.6 0.521987 0.766786 -0.0385432
19.61 0.530171 0.771722 -0.033167
19.62 0.53749 0.775055 -0.0275421
19.63 0.543934 0.776781 -0.0211879
19.64 0.54949 0.7769 -0.0143061
19.65 0.554152 0.775414 -0.00763892
19.66 0.557911 0.772329 -0.00156742
19.67 0.560763 0.767653 0.00374684
19.68 0.562703 0.761398 0.00928231
19.69 0.563729 0.75358 0.0163627
19.7 0.563841 0.744216 0.0245688
19.71 0.563038 0.73333 0.0326479
19.72 0.561324 0.720948 0.0404294
19.73 0.558703 0.707098 0.0489642
19.74 0.555179 0.691812 0.0585592
19.75 0.55076 0.675127 0.0686686
19.76 0.545455 0.657081 0.0794575
19.77 0.539274 0.637716 0.0909947
19.78 0.532228 0.617078 0.103051
19.79 0.52433 0.595215 0.115857
19.8 0.515594 0.572178 0.129368
19.81 0.506038 0.54802 0.14335
19.82 0.495677 0.5228 0.15755
19.83 0.484531 0.496575 0.171623
19.84 0.47262 0.469407 0.185485
19.85 0.459964 0.441357 0.198692
19.86 0.446587 0.412492 0.211254
19.87 0.432511 0.382876 0.223894
19.88 0.417762 0.352576 0.236499
19.89 0.402365 0.321662 0.248582
19.9 0.386347 0.290202 0.260118
19.91 0.369737 0.258268 0.271249
19.92 0.352563 0.22593 0.281828
19.93 0.334855 0.193261 0.291328
19.94 0.316643 0.160333 0.299501
19.95 0.297958 0.127216 0.306438
19.96 0.278834 0.093983 0.312294
19.97 0.259302 0.0607049 0.31737
19.98 0.239395 0.0274525 0.321722
19.99 0.219149 -0.00570372 0.325305
20 0.198596 -0.0386939 0.328159
