0.01 -0.000261483 -0.00139155 -0.00627471
0.02 0.000330862 0.00330227 0.0152929
0.03 0.000436608 -0.00341864 -0.0170164
0.04 -0.00196369 -0.000251519 0.00210818
0.05 0.00304062 0.00786221 0.0315582
0.06 0.00153381 0.00108668 0.00646866
0.07 -0.00295836 0.00138531 0.0060198
0.08 0.00286003 -0.00521219 -0.0238325
0.09 -0.00337494 0.00144473 0.00743261
0.1 0.00168647 -0.00075765 -0.00380237
0.11 9.61019e-05 -0.0039236 -0.0184141
0.12 -0.00346621 0.00308441 0.0166867
0.13 0.00498531 -0.00533461 -0.0282829
0.14 -0.0061829 0.000196414 0.00591431
0.15 0.00378314 0.00144449 0.00296945
0.16 0.000714573 -0.00172021 -0.00730092
0.17 -0.00368386 0.00823687 0.0397061
0.18 0.00965334 0.00644645 0.0231959
0.19 -0.00612127 -0.000830782 0.000139729
0.2 0.000276727 -0.00224613 -0.00983579
0.21 0.0032438 -0.00432432 -0.0232704
0.22 -0.00784678 -0.00245449 -0.00434842
0.23 0.00684878 0.00367226 0.0107748
0.24 -0.00233239 -0.00696859 -0.030049
0.25 -0.005679 0.0014355 0.0117949
0.26 0.00995804 0.000188293 -0.0089743
0.27 -0.00857586 0.000539735 0.0126874
0.28 0.00190623 -0.0062957 -0.0357807
0.29 0.000728367 -0.0112271 -0.0455685
0.3 -0.0125669 -0.0134324 -0.060774
0.31 0.00975508 0.00129628 0.00897884
0.32 -0.00329777 0.00801406 0.0268428
0.33 -0.000376015 -0.00297856 0.000881175
0.34 0.00491036 0.00826946 0.0191247
0.35 -0.00351307 -0.00231338 0.00758276
0.36 0.00273343 0.0101369 0.0295915
0.37 0.00270631 -0.00515597 -0.0120433
0.38 -0.00528536 0.00723324 0.025681
0.39 0.00606647 -0.00430121 -0.0154585
0.4 -0.00398268 -0.00301252 -0.0169401
0.41 -0.00395027 -0.00189331 -0.00252133
0.42 0.00940113 -0.000652172 -0.0105849
0.43 -0.0142143 -0.0112861 -0.0440322
0.44 0.00782735 0.00167013 0.00836125
0.45 0.000113369 0.00255849 0.000995176
0.46 -0.00671324 -0.00790049 -0.0169667
0.47 0.00750309 0.00871614 0.0173837
0.48 -0.00186045 -0.000446971 0.0184579
0.49 -0.00228376 0.00166659 -0.0113314
0.5 0.0056202 0.00322268 0.0330861
0.51 -0.00169441 0.0066114 0.00759206
0.52 -0.00193541 -0.00733682 -0.00691461
0.53 0.00427244 0.002203 -0.0192379
0.54 -0.00829793 -0.00957814 -0.0116494
0.55 0.00631335 0.00430835 -0.010554
0.56 -0.00410068 -0.00818866 -0.0103847
0.57 -0.000817545 0.00611562 0.00664461
0.58 0.00520311 -0.00225072 0.00519422
0.59 -0.0045752 0.0089194 0.0283152
0.6 0.00440642 -0.00593147 -0.0183423
0.61 -0.00344272 0.000217153 -0.00425703
0.62 6.69962e-05 -0.00152388 -0.00394452
0.63 0.00228971 0.00332556 0.0154577
0.64 -0.000446616 0.00345968 0.00930259
0.65 0.000250244 0.00282276 0.0250507
0.66 0.00334444 0.00109386 -0.0149975
0.67 -0.0049071 0.00010424 0.0270504
0.68 0.00646123 0.00858737 0.00688094
0.69 -0.00194246 -0.00595414 0.00611548
0.7 -0.00411221 0.00302802 -0.0186032
0.71 0.00660824 -0.0110711 -0.0175661
0.72 -0.00889662 0.0131107 0.0270623
0.73 0.0103954 -0.00845267 -0.00640061
0.74 -0.00772741 0.00915425 0.00847693
0.75 0.00450777 -0.00450419 0.0136376
0.76 0.00235639 0.0161981 0.0380337
0.77 -0.000499082 -0.0030668 0.0170372
0.78 0.000433727 0.00426268 -0.00656126
0.79 -0.000696337 -0.0112299 -0.0310303
0.8 -0.00251756 0.00597781 0.0158042
0.81 0.00290384 -0.00668752 -0.026746
0.82 -0.00165042 0.0043798 0.0230979
0.83 -0.00181192 -0.0015763 -0.015829
0.84 0.00681778 0.000340297 0.0146967
0.85 -0.00990213 0.00673387 0.0122396
0.86 0.0126847 -0.00845595 -0.0150542
0.87 -0.0135589 0.00683029 0.00198735
0.88 0.0102715 -0.00985114 -0.00826865
0.89 -0.00565877 0.0117241 0.00950158
0.9 0.00217761 -0.0097905 0.00460983
0.91 8.79785e-05 0.00764386 -0.0175783
0.92 -0.00436455 -0.0229367 -0.0499666
0.93 0.000117076 0.0160381 0.0236532
0.94 0.00441941 -0.00860667 0.00314845
0.95 -0.00353604 0.010668 0.0108847
0.96 -0.000566843 -0.0117774 -0.0191403
0.97 0.00571769 0.00942273 0.0116975
0.98 -0.0114445 -0.0113132 -0.0244664
0.99 0.01366 0.0109253 0.0304957
1 -0.0118055 -0.00982581 -0.0374385
1.01 0.00551441 0.000315723 0.00961328
1.02 -0.0019649 0.00096139 -0.0177431
1.03 -0.000484866 -0.00955262 -0.00931528
1.04 -0.00337506 0.00587761 -0.0144838
1.05 0.00596043 -0.012635 -0.0100593
1.06 -0.0082408 0.0182265 0.0305787
1.07 0.00936245 -0.0199647 -0.0345198
1.08 -0.00854402 0.0156617 0.0112241
1.09 0.00230868 -0.0195093 -0.023446
1.1 0.00329836 0.015487 0.00178705
1.11 -0.00936823 -0.0183286 -0.0133909
1.12 0.0131819 0.0291507 0.0659334
1.13 -0.00673905 -0.0195908 -0.0349316
1.14 -0.000718084 0.0127016 0.0191971
1.15 0.00423578 -0.0111593 -0.0265628
1.16 -0.00465454 0.00199233 -0.00282679
1.17 -0.00139511 0.00136712 0.0102115
1.18 0.00951373 -0.0046644 -0.0192639
1.19 -0.0142704 0.0142396 0.0556697
1.2 0.0178054 -0.00931614 -0.0255544
1.21 -0.0129561 0.0123034 0.026929
1.22 0.0053619 -0.00635315 0.0138703
1.23 0.00586701 0.010255 -0.010905
1.24 -0.0131726 -0.0145443 0.00185655
1.25 0.0122987 0.0161237 0.00264388
1.26 -0.00492474 -0.0203212 -0.0262519
1.27 -0.00871313 0.010378 -0.00868982
1.28 0.0158674 -0.0118196 -0.00546503
1.29 -0.0182976 0.000412402 -0.0424254
1.3 0.00851048 -0.00546522 0.0232055
1.31 0.00463974 0.0133099 0.00711696
1.32 -0.0109387 -0.0105925 0.0047549
1.33 0.0101811 0.00993775 -0.000324932
1.34 -0.00375999 -0.0144918 -0.0339113
1.35 -0.00967494 -0.000110041 -0.0138251
1.36 0.0136554 -0.00510592 -0.0231949
1.37 -0.0122852 -0.000686187 0.00544293
1.38 0.00268115 0.00614102 0.0173451
1.39 0.01497 0.00620664 0.0355635
1.4 -0.0239709 0.00259004 0.00262075
1.41 0.0281737 -0.00128716 0.009243
1.42 -0.0237523 0.00365172 -0.0102426
1.43 0.0142517 -0.00898338 0.000553032
1.44 -0.00695814 0.00910403 -0.0119343
1.45 0.00330637 -0.0143319 -0.00470447
1.46 -0.00688623 0.0145193 0.00555106
1.47 0.0139447 -0.0132092 -0.00412346
1.48 -0.0191297 0.0111281 -0.000567708
1.49 0.0174464 -0.0108067 0.000943908
1.5 -0.00774 0.0130624 0.00578169
1.51 -0.00578566 -0.0120977 0.00394792
1.52 0.0210113 0.0201622 0.0282523
1.53 -0.027417 -0.0147159 -0.00652956
1.54 0.0298232 0.0222493 0.0495723
1.55 -0.023479 -0.0187706 -0.0503167
1.56 0.0129695 0.00117954 -0.00979459
1.57 -0.0110146 0.00523304 0.025146
1.58 0.0193795 0.0024352 0.0157398
1.59 -0.0268388 0.00302611 0.00404364
1.6 0.0311722 -0.0104528 -0.0315424
1.61 -0.0309744 0.0103577 0.0223319
1.62 0.0220275 -0.0131205 -0.0212656
1.63 -0.0060191 0.0215277 0.0428338
1.64 -0.00701333 -0.0141068 0.00424967
1.65 0.0210425 0.0242519 0.0311776
1.66 -0.0238988 -0.0147365 0.0135251
1.67 0.023654 0.0136383 -0.0153693
1.68 -0.0223977 -0.019332 -0.0163028
1.69 0.0182089 0.0136797 -0.000785075
1.7 -0.018051 -0.0145148 -0.0101582
1.71 0.0195914 0.0104789 -0.00178737
1.72 -0.0228106 -0.00718192 0.0110066
1.73 0.0247565 0.00320709 -0.0221508
1.74 -0.0245282 -0.00668321 -0.00290712
1.75 0.0174263 0.0062625 0.0155665
1.76 -0.00429122 0.000366674 -0.00444693
1.77 -0.0100374 -0.0131584 -0.0347029
1.78 0.0160824 0.0133743 0.0234502
1.79 -0.0155168 -0.0113914 -0.00859623
1.8 0.0116544 0.0105133 0.00260541
1.81 -0.00824467 -0.0117765 -0.00724019
1.82 0.00776592 0.0156854 0.0230557
1.83 -0.0075748 -0.00828705 0.0123821
1.84 0.0137607 0.0185699 0.0301556
1.85 -0.0165107 -0.0224892 -0.0477501
1.86 0.0129874 0.0194844 0.0404257
1.87 -0.0034982 -0.00603779 0.00880241
1.88 -0.00301849 0.00375124 -0.00794327
1.89 0.00643628 -0.0041727 -0.00345759
1.9 -0.00856851 -0.00271321 -0.0196866
1.91 0.00605641 0.00194819 0.0111971
1.92 -0.00435407 -0.00936077 -0.0403385
1.93 1.62147e-05 0.00374185 0.0120039
1.94 -0.000159294 -0.00652823 -0.0196769
1.95 0.000992651 0.00207109 -0.0061217
1.96 -0.00540478 -0.00876505 -0.0174209
1.97 0.00778221 0.0184091 0.0574156
1.98 -0.000255508 -0.00659996 -0.00758406
1.99 -0.00574561 0.011648 0.0358462
2 0.013709 -0.00958841 -0.034166
2.01 -0.0201226 0.0021197 0.00745996
2.02 0.0177909 -0.0111697 -0.0513118
2.03 -0.0168321 -0.000843312 -0.000140459
2.04 0.00939049 -0.00317434 -0.0180336
2.05 -0.00424237 -0.0014219 -0.00149546
2.06 -0.00130138 -0.00589697 -0.0340594
2.07 -0.0010778 -0.00605209 -0.0130978
2.08 0.00208818 0.0109051 0.0291273
2.09 0.000222576 -0.0118879 -0.031151
2.1 -0.00597051 0.0112637 0.0299625
2.11 0.0152115 -0.00152346 0.00934824
2.12 -0.0167017 0.0200898 0.0775398
2.13 0.0239185 -0.0112252 -0.0441575
2.14 -0.0265787 0.00837672 0.0369561
2.15 0.0237599 -0.011699 -0.055675
2.16 -0.020018 0.00765067 0.0412493
2.17 0.0147779 -0.00430747 -0.0302317
2.18 -0.00833272 0.00754808 0.0497584
2.19 0.00566793 -0.00314288 -0.0378205
2.2 -0.00596321 -0.009708 -0.0106293
2.21 0.000927198 0.00531132 -0.0158777
2.22 0.00266267 -0.0122323 -0.00978985
2.23 -0.00907889 0.0125824 0.00870345
2.24 0.0159421 -0.0103498 0.00234427
2.25 -0.0188726 0.0169848 0.0263417
2.26 0.0206831 -0.0206029 -0.0425508
2.27 -0.0234483 0.011436 0.00285998
2.28 0.0200165 -0.0164155 -0.0258922
2.29 -0.0155591 0.0215979 0.0514675
2.3 0.014456 -0.0164637 -0.0346005
2.31 -0.0131648 0.0151123 0.0374276
2.32 0.0105717 -0.0212702 -0.0762537
2.33 -0.0121913 0.0102417 0.0411373
2.34 0.01032 -0.00434211 -0.0284436
2.35 -0.00327503 0.00828246 0.0580757
2.36 -0.0010205 0.00454482 -0.0128078
2.37 0.00962858 0.000458648 0.0464676
2.38 -0.0117523 0.0122311 -0.00276878
2.39 0.0153268 -0.00785691 0.0356319
2.4 -0.0137326 0.0117071 -0.0331268
2.41 0.00879901 -0.0236448 -0.00607644
2.42 -0.00587793 0.0366102 0.0547563
2.43 0.00946955 -0.0408193 -0.0724002
2.44 -0.0191587 0.0282345 0.0216796
2.45 0.0214394 -0.0342262 -0.0551063
2.46 -0.0200812 0.0357906 0.069388
2.47 0.0149581 -0.0358421 -0.0781039
2.48 -0.00911872 0.0295776 0.0612128
2.49 0.00333879 -0.0220331 -0.0419146
2.5 0.00192359 0.0195313 0.0490536
2.51 -0.00304832 -0.013651 -0.045961
2.52 -0.00126908 -0.0050637 -0.0111128
2.53 -0.000829895 -0.00253322 -0.0485136
2.54 -0.00170181 -0.0105526 0.0158007
2.55 0.000504096 0.0157759 -0.0153946
2.56 0.00224851 -0.0237776 -0.00109898
2.57 -0.00597983 0.0354186 0.0382256
2.58 0.0133677 -0.0342599 -0.0229691
2.59 -0.0182822 0.0333909 0.0112692
2.6 0.0156795 -0.0492973 -0.0758765
2.61 -0.0169983 0.0419619 0.0414494
2.62 0.0128515 -0.0553903 -0.104482
2.63 -0.0162795 0.0437318 0.0634662
2.64 0.0186541 -0.037763 -0.0533758
2.65 -0.0207936 0.0264139 0.0226833
2.66 0.0187676 -0.020212 -0.0159639
2.67 -0.0129087 0.0211381 0.0420105
2.68 0.00836331 -0.0182754 -0.0541636
2.69 -0.00874721 8.92012e-05 0.00113496
2.7 0.0061544 0.00804083 0.00740072
2.71 -0.000499495 -0.00800484 0.0187742
2.72 -0.00341352 0.0169256 -0.00369564
2.73 0.0079762 -0.0263665 -0.0164416
2.74 -0.0158026 0.0255444 -0.00531549
2.75 0.0205748 -0.0366648 -0.0294035
2.76 -0.027259 0.0387257 0.028219
2.77 0.0329426 -0.0400125 -0.0276931
2.78 -0.0354588 0.046556 0.054448
2.79 0.0375211 -0.0481096 -0.0637777
2.8 -0.0386075 0.046154 0.0623427
2.81 0.0367099 -0.0474095 -0.0796088
2.82 -0.03527 0.036049 0.0447198
2.83 0.028968 -0.0295045 -0.0331621
2.84 -0.0169626 0.0350701 0.077403
2.85 0.00935596 -0.0206416 -0.0364707
2.86 -0.000957542 0.00685097 0.000321074
2.87 -0.0108475 -0.00334897 -0.0100442
2.88 0.02149 -0.00349682 0.00522259
2.89 -0.0320567 0.00318804 -0.0328555
2.9 0.0347048 -0.0269649 -0.0464619
2.91 -0.0425301 0.0290386 0.0329351
2.92 0.0483327 -0.0378026 -0.0533084
2.93 -0.0554843 0.0325937 0.015196
2.94 0.0544059 -0.0439891 -0.052793
2.95 -0.0515038 0.0463809 0.0533625
2.96 0.0456423 -0.0465596 -0.0477684
2.97 -0.0358036 0.0528993 0.0740934
2.98 0.0279483 -0.0466596 -0.050384
2.99 -0.0179827 0.0449211 0.0519305
3 0.00715789 -0.0434397 -0.0595762
3.01 0.00291963 0.0367305 0.0486366
3.02 -0.0147981 -0.0359657 -0.0680673
3.03 0.0229982 0.0197336 0.0221894
3.04 -0.0342469 -0.0138083 -0.0234846
3.05 0.0435389 0.00126962 -0.0037148
3.06 -0.0536687 -0.000743246 -0.0234291
3.07 0.0545004 -0.022659 -0.0496775
3.08 -0.0568305 0.0273653 0.0409353
3.09 0.0536194 -0.04272 -0.08186
3.1 -0.0525201 0.037309 0.0340254
3.11 0.0442164 -0.0451417 -0.04758
3.12 -0.0317116 0.060174 0.097629
3.13 0.0228623 -0.0614667 -0.0944681
3.14 -0.0161617 0.0561087 0.0697531
3.15 0.00705272 -0.0579006 -0.0832874
3.16 5.40363e-05 0.0451521 0.037596
3.17 -0.0124757 -0.045284 -0.0527949
3.18 0.0231628 0.0358319 0.02973
3.19 -0.0325217 -0.025476 -0.00711551
3.2 0.0397578 0.0173098 -0.00139896
3.21 -0.0445537 -0.0172244 -0.0308139
3.22 0.0403414 0.000579938 -0.00583376
3.23 -0.0336585 0.0184555 0.0526017
3.24 0.0309521 -0.0281076 -0.0619377
3.25 -0.033491 0.023298 0.0121958
3.26 0.0296251 -0.0430306 -0.0751341
3.27 -0.0278385 0.0519242 0.0951295
3.28 0.0271404 -0.0494511 -0.0698201
3.29 -0.0220782 0.0498446 0.0607383
3.3 0.0126088 -0.0540837 -0.0723811
3.31 -0.00289501 0.0558545 0.0790245
3.32 -0.00387788 -0.0538873 -0.0773192
3.33 0.00473022 0.0393507 0.0281153
3.34 -0.00513299 -0.0269554 0.00626157
3.35 0.00846602 0.0241805 0.00487753
3.36 -0.0117817 -0.0207793 -0.0158344
3.37 0.0139034 0.0159551 0.0233571
3.38 -0.0137881 -0.00627239 -0.0116349
3.39 0.011953 -0.0119928 -0.0383057
3.4 -0.0155057 0.0167124 0.0312676
3.41 0.0189172 -0.0291546 -0.0624522
3.42 -0.0259133 0.0282315 0.0381994
3.43 0.0280138 -0.0397186 -0.0717464
3.44 -0.0291932 0.045845 0.0849953
3.45 0.0304325 -0.0425516 -0.0605413
3.46 -0.0259962 0.0554092 0.112528
3.47 0.0272525 -0.0440908 -0.063753
3.48 -0.0240014 0.0494573 0.0949429
3.49 0.0248668 -0.035359 -0.0452868
3.5 -0.0212939 0.0303807 0.0393086
3.51 0.0159101 -0.0213432 -0.0171188
3.52 -0.00726055 0.0163761 0.0142151
3.53 -0.00179274 -0.0104005 -0.00849099
3.54 0.00850139 -0.00281747 -0.0278152
3.55 -0.0175569 0.00185792 0.000438779
3.56 0.019045 -0.0276779 -0.0922728
3.57 -0.0289959 0.0211571 0.0440392
3.58 0.035037 -0.0273978 -0.0551826
3.59 -0.0399849 0.0306934 0.0557921
3.6 0.0422479 -0.0364724 -0.0703966
3.61 -0.0443409 0.0343646 0.053482
3.62 0.0427482 -0.0379065 -0.0650725
3.63 -0.0403845 0.0368628 0.0602784
3.64 0.0359884 -0.0379297 -0.0691017
3.65 -0.0312699 0.0353111 0.0659706
3.66 0.0253193 -0.0319058 -0.06322
3.67 -0.0183242 0.0248938 0.0473124
3.68 0.00843904 -0.0205947 -0.0451893
3.69 0.00181447 0.0103851 0.0179752
3.7 -0.0143543 -0.00567137 -0.0157902
3.71 0.025514 -0.00136097 0.0043667
3.72 -0.0334642 0.0131627 0.0273607
3.73 0.040322 -0.020141 -0.0380239
3.74 -0.0454703 0.0231912 0.0322652
3.75 0.0467475 -0.0299069 -0.0442139
3.76 -0.0449605 0.0406564 0.0771334
3.77 0.0440652 -0.0445497 -0.0847582
3.78 -0.0429684 0.0455821 0.0852363
3.79 0.0413273 -0.0388597 -0.0555764
3.8 -0.033382 0.0418358 0.0716027
3.81 0.0231024 -0.0413325 -0.0753731
3.82 -0.0109893 0.0436803 0.0964978
3.83 0.00258639 -0.0339894 -0.0700954
3.84 0.00557215 0.0272354 0.0617423
3.85 -0.011011 -0.010183 -0.0107933
3.86 0.0204366 0.00674104 0.0210461
3.87 -0.0287372 -0.00123115 -0.0230431
3.88 0.0330015 -0.0127147 -0.0114143
3.89 -0.0361392 0.0228639 0.0294858
3.9 0.0385435 -0.0262604 -0.0189629
3.91 -0.0365435 0.0359168 0.037958
3.92 0.0330565 -0.042833 -0.048059
3.93 -0.0291998 0.0462612 0.047432
3.94 0.0241723 -0.0523954 -0.0646261
3.95 -0.0213453 0.0488625 0.0453598
3.96 0.0160245 -0.0533554 -0.067775
3.97 -0.0106097 0.0586456 0.10062
3.98 0.00949993 -0.0473585 -0.0669823
3.99 -0.00601247 0.0401449 0.0562335
4 -4.24582e-05 -0.0354255 -0.0599779
4.01 0.00517751 0.0219671 0.0280131
4.02 -0.0125162 -0.0172733 -0.037639
4.03 0.0171093 0.00976413 0.0382451
4.04 -0.0178991 0.000103841 -0.031796
4.05 0.0159451 -0.0108473 0.0231282
4.06 -0.012721 0.0253104 0.00346925
4.07 0.0130723 -0.0329912 -0.00466492
4.08 -0.0143083 0.0486211 0.0478401
4.09 0.020235 -0.0554185 -0.059809
4.1 -0.0284545 0.0508666 0.0277721
4.11 0.0287228 -0.0624836 -0.0712806
4.12 -0.0278283 0.0603635 0.0579522
4.13 0.0229202 -0.0588189 -0.0518354
4.14 -0.0154268 0.0614333 0.0705397
4.15 0.0109019 -0.0585152 -0.0735914
4.16 -0.0111771 0.0472416 0.0488405
4.17 0.0129501 -0.0337086 -0.0206456
4.18 -0.0105495 0.0316777 0.0469832
4.19 0.00812469 -0.020858 -0.0364064
4.2 -0.00317093 0.00896556 0.0214232
4.21 -0.00469548 0.00153806 -0.0116528
4.22 0.0126843 -0.0171763 -0.0224776
4.23 -0.0222696 0.025463 0.0260391
4.24 0.0296075 -0.0330695 -0.0281658
4.25 -0.0332725 0.039931 0.028484
4.26 0.0330585 -0.0481457 -0.0375272
4.27 -0.0316156 0.0543505 0.0427789
4.28 0.0310387 -0.057795 -0.0431587
4.29 -0.0310372 0.0640109 0.0646167
4.3 0.0344633 -0.0596042 -0.0477941
4.31 -0.0359575 0.0562306 0.0421499
4.32 0.0329948 -0.0551029 -0.0509242
4.33 -0.0279393 0.0424636 0.0116999
4.34 0.0157673 -0.0398952 -0.0193015
4.35 -0.00290683 0.03261 0.00949721
4.36 -0.00780026 -0.0210883 0.0143761
4.37 0.0167711 0.0142014 -0.0129564
4.38 -0.0226527 -0.010142 -0.00541811
4.39 0.0229366 -0.00508025 -0.0230797
4.4 -0.0246335 0.0151904 0.030214
4.41 0.0309572 -0.0132381 0.0125681
4.42 -0.0328816 0.0350886 0.0544751
4.43 0.0422653 -0.0304292 -0.00926308
4.44 -0.0454797 0.0425795 0.0421463
4.45 0.0468683 -0.0459546 -0.0390299
4.46 -0.0426344 0.0529571 0.0550038
4.47 0.0333962 -0.0674046 -0.109118
4.48 -0.0297612 0.0541859 0.0478303
4.49 0.0224883 -0.0477497 -0.0223558
4.5 -0.0109655 0.0517039 0.0481384
4.51 0.00160334 -0.0486601 -0.0495728
4.52 0.00369276 0.0335703 0.00399718
4.53 -0.0109584 -0.0265804 0.00160776
4.54 0.0162375 0.00808488 -0.0563971
4.55 -0.0258641 -0.0025989 0.0536638
4.56 0.0354424 0.00158645 -0.0304351
4.57 -0.0395597 0.00453749 0.0273554
4.58 0.0371729 -0.0175621 -0.0528266
4.59 -0.0335403 0.0237954 0.0488684
4.6 0.0294014 -0.0285962 -0.0417037
4.61 -0.0238556 0.0442293 0.08828
4.62 0.0225816 -0.0562271 -0.127582
4.63 -0.0298414 0.0408871 0.0539175
4.64 0.0284966 -0.0480329 -0.0837723
4.65 -0.0261271 0.0362321 0.0311242
4.66 0.0146616 -0.0367215 -0.03342
4.67 -0.00175419 0.0316953 0.0137481
4.68 -0.00930422 -0.0263893 0.00176175
4.69 0.0151338 0.0217449 -0.0068767
4.7 -0.0143381 -0.0169319 0.00504904
4.71 0.0082597 0.00944331 -0.00966974
4.72 0.000253719 0.00908176 0.0628733
4.73 0.00221618 -0.00181335 -0.00601342
4.74 -0.00265852 0.0245137 0.0875546
4.75 0.0130659 -0.0263129 -0.083071
4.76 -0.0246148 0.0246678 0.067091
4.77 0.0287007 -0.0337847 -0.0989322
4.78 -0.0295967 0.0276958 0.0622852
4.79 0.0223406 -0.0282942 -0.0543975
4.8 -0.0105233 0.0397738 0.0977409
4.81 0.00800797 -0.0295651 -0.052938
4.82 -0.00912057 0.0287254 0.0587521
4.83 0.0162925 -0.0232347 -0.0518036
4.84 -0.0264923 0.00814602 0.00601486
4.85 0.0301426 0.000155421 0.0116714
4.86 -0.0259123 -0.00650933 -0.0257885
4.87 0.0137289 0.00188604 -0.00481617
4.88 -0.0038838 -0.0068501 -0.00707273
4.89 -0.00262526 0.0090756 0.00412872
4.9 0.00112169 -0.0251047 -0.0601227
4.91 -0.00184687 0.0245059 0.0435374
4.92 0.00231309 -0.0279521 -0.0486198
4.93 -0.00439894 0.0385005 0.091687
4.94 0.0152321 -0.0312832 -0.0640094
4.95 -0.0265766 0.027887 0.0588444
4.96 0.0335556 -0.0347439 -0.10215
4.97 -0.040158 0.0280315 0.0871714
4.98 0.0419128 -0.0184625 -0.0594795
4.99 -0.0376607 0.0090127 0.0309116
5 0.026551 -0.0143144 -0.0677958
5.01 -0.021029 0.00193097 0.0295071
5.02 0.01665 0.00233055 -0.0310011
5.03 -0.0160955 -0.0102561 0.0189421
5.04 0.0172524 0.024019 0.0195517
5.05 -0.0142055 -0.0350621 -0.0510983
5.06 0.00419945 0.0388366 0.0581438
5.07 0.010147 -0.0368671 -0.0463506
5.08 -0.0208469 0.0451571 0.0839518
5.09 0.029727 -0.0441781 -0.082747
5.1 -0.0332751 0.0398004 0.067313
5.11 0.0292204 -0.042469 -0.0841
5.12 -0.0260402 0.0278836 0.0270512
5.13 0.0185367 -0.0276207 -0.0372927
5.14 -0.013235 0.0302236 0.0666877
5.15 0.0165007 -0.0167262 -0.0322246
5.16 -0.0188085 0.0171641 0.064555
5.17 0.0245607 0.00097273 -0.0158997
5.18 -0.0226594 -0.0105926 0.00136177
5.19 0.0129628 0.0154246 -0.00231185
5.2 0.000379512 -0.019304 0.00345885
5.21 -0.0114314 0.0263687 0.0104469
5.22 0.0162242 -0.0389884 -0.0483639
5.23 -0.0179335 0.0410342 0.0393485
5.24 0.0145057 -0.0439904 -0.0355138
5.25 -0.00724622 0.0551231 0.0721384
5.26 0.00501003 -0.054778 -0.0660606
5.27 -0.00637152 0.0545552 0.0700765
5.28 0.0109221 -0.0509724 -0.0676753
5.29 -0.0165664 0.0385013 0.0310734
5.3 0.0148702 -0.0375819 -0.0473293
5.31 -0.00772313 0.0421835 0.0898312
5.32 0.00517876 -0.0199078 -0.0161395
5.33 0.00379824 0.0210191 0.048747
5.34 -0.00786202 -0.0118043 -0.0398379
5.35 0.00607445 -0.00736986 -0.00937709
5.36 -0.00570132 0.0122764 -0.00584967
5.37 0.00169514 -0.0289266 -0.0321139
5.38 -0.000569542 0.0388205 0.0443032
5.39 0.00275219 -0.0414865 -0.0299764
5.4 -0.00339614 0.0512176 0.0521688
5.41 0.00432476 -0.0562496 -0.0587651
5.42 -0.00506353 0.053191 0.0341704
5.43 -0.00161071 -0.0714661 -0.109319
5.44 0.00241406 0.0664121 0.0889841
5.45 -0.00340861 -0.0647567 -0.0920654
5.46 0.00110757 0.0487146 0.0383262
5.47 -0.00318351 -0.0437526 -0.0383411
5.48 0.00591343 0.0370495 0.0348514
5.49 -0.00825189 -0.0315247 -0.041469
5.5 0.00586887 0.0138939 -0.000901432
5.51 -0.00402154 -0.00284549 0.0115137
5.52 0.00317842 -0.000400397 0.0137382
5.53 0.00260131 0.0211562 0.0386413
5.54 -0.00426648 -0.0298371 -0.0405496
5.55 0.00317849 0.0321819 0.0185369
5.56 -0.00522397 -0.0489172 -0.0647252
5.57 0.00320952 0.0508866 0.0510932
5.58 -0.00349378 -0.0613708 -0.0811852
5.59 0.00209722 0.0636111 0.0814224
5.6 0.00165785 -0.0499187 -0.0167588
5.61 0.00367996 0.0638889 0.0795095
5.62 -0.00462307 -0.0616302 -0.0777793
5.63 0.00236659 0.0537608 0.0596867
5.64 0.00110079 -0.0454053 -0.0466016
5.65 -0.00519333 0.0320975 0.0163242
5.66 0.00444329 -0.0312993 -0.0443061
5.67 -0.0069648 0.00955421 -0.0188565
5.68 0.00372625 -0.00105572 0.0237723
5.69 -6.0569e-05 -0.0113426 -0.0470149
5.7 -0.00543411 0.0126052 0.0212154
5.71 0.00577635 -0.0215408 -0.0285927
5.72 -0.00196536 0.0357548 0.0599463
5.73 -0.000646034 -0.044384 -0.0706363
5.74 0.00183867 0.0570742 0.106748
5.75 0.00597157 -0.0437524 -0.0357662
5.76 -0.00884422 0.048645 0.0509765
5.77 0.00932729 -0.0564046 -0.0837104
5.78 -0.0116302 0.0496013 0.0570723
5.79 0.0118345 -0.0394745 -0.0194108
5.8 -0.00451179 0.0500093 0.076927
5.81 0.00393812 -0.0330463 -0.0179304
5.82 -0.000936401 0.0267892 0.0108247
5.83 -0.00250262 -0.02525 -0.0285824
5.84 0.0017667 0.0110408 -0.00636546
5.85 -0.00300139 -0.00405394 0.00806825
5.86 0.00372061 -0.0106066 -0.0447804
5.87 -0.00805443 0.0190959 0.0571541
5.88 0.0150699 -0.0195748 -0.0369361
5.89 -0.019227 0.0226081 0.0290675
5.9 0.0188858 -0.0276697 -0.0302717
5.91 -0.0140289 0.03795 0.0560435
5.92 0.0103494 -0.0400696 -0.0497991
5.93 -0.00647391 0.0478098 0.0747907
5.94 0.0062405 -0.0505301 -0.0854065
5.95 -0.00818887 0.0511022 0.0941124
5.96 0.0112731 -0.0427715 -0.0686383
5.97 -0.00781958 0.0455922 0.0952295
5.98 0.00442744 -0.0292881 -0.0384043
5.99 0.00728978 0.0305171 0.0600643
6 -0.0163506 -0.018686 -0.0264985
6.01 0.0229956 0.00674788 -0.00383618
6.02 -0.0267922 -0.000356299 0.00581149
6.03 0.0245443 -0.0113769 -0.0284199
6.04 -0.0197444 0.0210111 0.0412278
6.05 0.0141681 -0.0320415 -0.0630241
6.06 -0.0119628 0.0353304 0.0558034
6.07 0.010469 -0.041405 -0.0667937
6.08 -0.00768836 0.0563054 0.123255
6.09 0.0107382 -0.0453413 -0.0710063
6.1 -0.00621811 0.0502662 0.0923807
6.11 -0.000641212 -0.0474481 -0.0820595
6.12 0.0106554 0.0466889 0.0845153
6.13 -0.01947 -0.0424653 -0.0772277
6.14 0.0237498 0.0312736 0.045836
6.15 -0.0265249 -0.0302323 -0.0661999
6.16 0.0222228 0.0172074 0.0395252
6.17 -0.0171712 -0.00971758 -0.0407687
6.18 0.0105732 -0.00612884 0.00504817
6.19 -0.00739283 0.0199313 0.025009
6.2 0.00849864 -0.028957 -0.0389358
6.21 -0.0113247 0.0327164 0.0334399
6.22 0.0100392 -0.0403056 -0.046677
6.23 -0.00407535 0.0474403 0.0591276
6.24 -0.00542475 -0.0538299 -0.0710824
6.25 0.0148796 0.0568008 0.0735401
6.26 -0.0223977 -0.0625264 -0.0969484
6.27 0.0224659 0.0574125 0.0829495
6.28 -0.0188819 -0.053759 -0.0851139
6.29 0.012355 0.0437198 0.0659433
6.3 -0.00920073 -0.0416359 -0.0860595
6.31 0.00607572 0.0290274 0.0618894
6.32 -0.00653719 -0.0198696 -0.0541711
6.33 0.00733109 0.00676738 0.0299938
6.34 -0.00869771 -0.000101771 -0.0359508
6.35 0.0064621 -0.00716518 0.0418394
6.36 0.00102489 0.0200375 -0.02483
6.37 -0.0117341 -0.0426966 -0.0376421
6.38 0.0154498 0.0511826 0.0447051
6.39 -0.0134082 -0.0554016 -0.0423596
6.4 0.00946593 0.0649989 0.0729734
6.41 -0.0039887 -0.0729738 -0.104879
6.42 -0.00350131 0.0653506 0.0743502
6.43 0.0028081 -0.0729711 -0.116027
6.44 -0.00282996 0.0605616 0.0736935
6.45 -0.00357828 -0.0638743 -0.106594
6.46 0.00522156 0.0509091 0.0750138
6.47 -0.00379849 -0.0339539 -0.0331618
6.48 0.00359001 0.0301101 0.055293
6.49 0.000903475 -0.0163889 -0.0383418
6.5 -0.00516312 0.00379205 0.0283027
6.51 0.0071734 0.00828766 -0.0193007
6.52 -0.00536919 -0.0174845 0.0196892
6.53 0.00263738 0.0345342 0.0193625
6.54 0.00197726 -0.0540831 -0.0758148
6.55 -0.011756 0.0555205 0.0586626
6.56 0.018665 -0.0542721 -0.0335313
6.57 -0.0165637 0.064889 0.0632617
6.58 0.0101347 -0.0769911 -0.104559
6.59 -0.00780931 0.0711294 0.0748791
6.6 0.00634027 -0.0665549 -0.0604428
6.61 -0.00597607 0.0634744 0.0618531
6.62 0.00718256 -0.0583023 -0.0623973
6.63 -0.00788339 0.0548327 0.0774464
6.64 0.00772483 -0.0497901 -0.091024
6.65 -0.00834317 0.0297789 0.0413547
6.66 0.00252739 -0.0166609 -0.0220088
6.67 0.00800179 0.00758252 0.0194459
6.68 -0.018092 0.00441769 -0.00411127
6.69 0.0243706 -0.0206045 -0.0288184
6.7 -0.0279861 0.0305007 0.0335044
6.71 0.0264504 -0.0447336 -0.0586589
6.72 -0.0234908 0.0562954 0.0763097
6.73 0.021724 -0.0635801 -0.0823565
6.74 -0.021931 0.0668189 0.0792807
6.75 0.022761 -0.0682494 -0.0767494
6.76 -0.0224434 0.0685244 0.0765092
6.77 0.020289 -0.0640529 -0.061236
6.78 -0.0134059 0.0643218 0.0721561
6.79 0.00600557 -0.0565687 -0.053067
6.8 0.00367433 0.0553168 0.0690641
6.81 -0.00824915 -0.0372585 -0.0171411
6.82 0.0163433 0.039925 0.062871
6.83 -0.0162583 -0.0177786 -0.00373037
6.84 0.0185452 0.00566135 -0.00925082
6.85 -0.0222139 0.00579765 0.020363
6.86 0.0273231 -0.0149826 -0.0235588
6.87 -0.0302424 0.0327325 0.0675992
6.88 0.0363715 -0.0313763 -0.0300768
6.89 -0.0337389 0.0525426 0.0951418
6.9 0.0338837 -0.0505395 -0.0617399
6.91 -0.028348 0.0601592 0.0847462
6.92 0.0224201 -0.0662657 -0.0989656
6.93 -0.0197159 0.0589093 0.0614662
6.94 0.0140347 -0.0626722 -0.0807414
6.95 -0.0119277 0.0501898 0.0349065
6.96 0.00472649 -0.0543456 -0.06853
6.97 -0.00090004 0.0428369 0.0383135
6.98 -0.00209141 -0.021858 0.0305407
6.99 0.0127939 0.023879 0.00376276
7 -0.0201306 -0.0140437 0.0121224
7.01 0.0266978 0.0122001 0.0107728
7.02 -0.0278095 -0.00412247 -0.00960693
7.03 0.0239122 -0.0156149 -0.042331
7.04 -0.0239904 0.0257261 0.0554472
7.05 0.0287572 -0.0292276 -0.0455001
7.06 -0.0343725 0.036049 0.0561302
7.07 0.0415545 -0.0312156 -0.0190517
7.08 -0.0395947 0.0478215 0.0793265
7.09 0.0382806 -0.0476102 -0.0686002
7.1 -0.0329168 0.0528647 0.0867035
7.11 0.0287113 -0.046534 -0.0588773
7.12 -0.021458 0.0482429 0.072219
7.13 0.0157426 -0.0427822 -0.0596053
7.14 -0.0100929 0.0356034 0.0443699
7.15 0.00342963 -0.0278276 -0.0298231
7.16 0.00348258 0.0122059 -0.0183334
7.17 -0.0161826 -0.0104846 0.00532198
7.18 0.0279354 0.00426126 -0.0118862
7.19 -0.0358765 0.0104994 0.055589
7.2 0.0441862 -0.014099 -0.0500071
7.21 -0.0497259 0.0145412 0.0304486
7.22 0.0474319 -0.0336309 -0.0946364
7.23 -0.0487182 0.0346436 0.0829894
7.24 0.0495332 -0.0357792 -0.0770649
7.25 -0.0509721 0.0264439 0.028517
7.26 0.0447664 -0.0336961 -0.0556145
7.27 -0.0382102 0.0299726 0.0366045
7.28 0.0280962 -0.0323386 -0.0477226
7.29 -0.0184423 0.0305036 0.0443117
7.3 0.0106104 -0.0211636 -0.0115498
7.31 -0.000479489 0.0193645 0.0148382
7.32 -0.0096697 -0.0171875 -0.0186658
7.33 0.0176972 0.00680466 -0.0122867
7.34 -0.0278205 -0.00464211 0.0064064
7.35 0.0351116 -0.00779281 -0.0463852
7.36 -0.0442011 0.0099629 0.0420112
7.37 0.0499353 -0.0174658 -0.0622407
7.38 -0.0542995 0.0171153 0.0483128
7.39 0.0534144 -0.020753 -0.0523121
7.4 -0.0500569 0.0175763 0.0266064
7.41 0.0407574 -0.0275054 -0.0607643
7.42 -0.0357205 0.0181242 0.0130282
7.43 0.0281626 -0.0187959 -0.0134046
7.44 -0.0217406 0.0155299 -0.000379669
7.45 0.0125555 -0.026277 -0.0515994
7.46 -0.00924905 0.0176174 0.021671
7.47 0.0026741 -0.0210557 -0.0479572
7.48 0.00119289 0.00632934 -0.00549199
7.49 -0.0123374 -0.00961121 -0.0198048
7.5 0.0212988 -0.00201424 -0.0217134
7.51 -0.0335746 -0.00329214 -0.0121551
7.52 0.0385967 -0.0048291 -0.0111267
7.53 -0.0398231 0.00893493 0.0142999
7.54 0.0360665 -0.0193786 -0.0452098
7.55 -0.0333364 0.0221035 0.0444652
7.56 0.0316179 -0.0230268 -0.03989
7.57 -0.0320548 0.0154826 0.00144161
7.58 0.0270187 -0.0262229 -0.0467299
7.59 -0.0249788 0.0215183 0.0266966
7.6 0.0195506 -0.0257404 -0.0490401
7.61 -0.0157757 0.0177202 0.0195924
7.62 0.00748035 -0.0226902 -0.049809
7.63 -0.00169762 0.0171785 0.0364346
7.64 -0.00323355 -0.00985058 -0.0175934
7.65 0.0074473 -0.000111442 -0.0116859
7.66 -0.014981 -0.00556457 -0.0291448
7.67 0.0173669 -0.000650946 0.0191627
7.68 -0.0170464 0.00935966 0.000773164
7.69 0.0164993 -0.0166453 -0.0155383
7.7 -0.0159308 0.0279371 0.0515212
7.71 0.0175683 -0.0384592 -0.0896792
7.72 -0.0261219 0.021484 0.0105548
7.73 0.0258906 -0.0222078 -0.0101254
7.74 -0.0175771 0.0358518 0.0669558
7.75 0.013251 -0.0248152 -0.0170959
7.76 -0.00565167 0.0263604 0.0267868
7.77 0.000444974 -0.0280776 -0.0429033
7.78 -0.00150065 0.0199841 0.0221206
7.79 0.00455546 -0.0132951 -0.0122211
7.8 -0.00571442 0.0153039 0.0432875
7.81 0.00916867 -0.00222978 -0.00812219
7.82 -0.00813837 -0.00650887 -0.00991157
7.83 0.00351729 0.0150255 0.0303461
7.84 0.00543252 -0.00880136 0.0127344
7.85 -0.00748956 0.0164483 0.00436436
7.86 0.00524759 -0.0225385 -0.0129561
7.87 0.000597511 0.0315973 0.03542
7.88 -0.00396648 -0.0314988 -0.021188
7.89 0.00369747 0.024102 -0.0202249
7.9 -0.0075275 -0.0464194 -0.076587
7.91 -0.00120202 0.0373392 0.0430584
7.92 0.0103547 -0.0340378 -0.041522
7.93 -0.0192755 0.0200047 -0.00566119
7.94 0.017393 -0.0269324 -0.03912
7.95 -0.0151415 0.0191243 0.0188389
7.96 0.0102421 -0.0182703 -0.0316373
7.97 -0.00913678 0.0118064 0.0239868
7.98 0.0124636 -0.00258283 -0.00881738
7.99 -0.0188983 -0.0102962 -0.020209
8 0.022194 0.0128129 0.00427857
8.01 -0.0240591 -0.0191971 -0.00855391
8.02 0.0233842 0.0301263 0.0379104
8.03 -0.0177788 -0.0373958 -0.0574349
8.04 0.00816245 0.0369629 0.0485276
8.05 0.000338311 -0.0348075 -0.0350411
8.06 -0.00503605 0.0296372 0.00872288
8.07 0.0028937 -0.033247 -0.0215963
8.08 -0.00241342 0.0220612 -0.0288691
8.09 -0.00181875 -0.0331168 -0.0241704
8.1 -0.00180831 0.0387514 0.0625756
8.11 0.0184425 -0.0186637 0.0034457
8.12 -0.0312828 0.0186259 0.0236183
8.13 0.0425607 -0.00834477 -0.00474986
8.14 -0.0456376 -0.000361923 -0.0114558
8.15 0.0394665 0.00353069 0.00836942
8.16 -0.0283298 -0.00076211 0.0188333
8.17 0.0239349 0.0192333 0.046958
8.18 -0.0183909 -0.0184462 -0.0258257
8.19 0.0173237 0.0165875 -0.00210611
8.2 -0.0240791 -0.0365453 -0.0669985
8.21 0.022661 0.0357799 0.050227
8.22 -0.0143714 -0.0285939 -0.0130071
8.23 0.00466796 0.0330255 0.0343242
8.24 0.00914903 -0.029984 -0.0282139
8.25 -0.0230653 0.0208232 -0.00239532
8.26 0.0306047 -0.0175697 0.00752783
8.27 -0.0315545 0.0203346 0.0129723
8.28 0.0303883 -0.0236197 -0.0374696
8.29 -0.0328784 0.0173613 0.0240614
8.3 0.0385161 -0.00529742 0.0110321
8.31 -0.0413361 0.00538821 0.00969823
8.32 0.0452716 0.00500403 0.0159646
8.33 -0.0441106 -0.00915604 -0.0163748
8.34 0.0402138 0.0213131 0.0565332
8.35 -0.0289922 -0.0209104 -0.0459104
8.36 0.016256 0.0182683 0.0280246
8.37 -0.0076921 -0.022635 -0.0413517
8.38 0.00106723 0.0201097 0.0236747
8.39 0.00164571 -0.0214262 -0.0232386
8.4 -0.00283828 0.0286042 0.0516613
8.41 0.0099068 -0.0241656 -0.0343852
8.42 -0.0196929 0.0221648 0.0339022
8.43 0.0314694 -0.0178301 -0.0273621
8.44 -0.0416811 0.0128354 0.0193838
8.45 0.0485011 -0.00157336 0.0180604
8.46 -0.046925 -0.00206885 -0.0255502
8.47 0.0400354 0.00269453 0.0224724
8.48 -0.0321684 -0.000404025 -0.00600493
8.49 0.0308864 0.0130849 0.0533064
8.5 -0.029519 -0.0145563 -0.0494023
8.51 0.0295863 0.0169533 0.0497675
8.52 -0.0274495 -0.0133641 -0.0254597
8.53 0.024865 0.0184639 0.0430817
8.54 -0.0153823 -0.0103492 -0.00651779
8.55 0.00709164 0.0188792 0.047569
8.56 0.00751597 -0.00739964 -0.00278246
8.57 -0.0158552 0.0161044 0.0481256
8.58 0.0250872 -0.0117081 -0.0355999
8.59 -0.0316774 0.00428364 0.00885501
8.6 0.0337982 0.000556396 0.00818766
8.61 -0.0324505 -0.000852497 -0.0060882
8.62 0.0327716 0.00809929 0.0343005
8.63 -0.0318989 -0.00429062 -0.0121193
8.64 0.0350111 0.00733686 0.0183377
8.65 -0.0394084 -0.0132025 -0.0367114
8.66 0.0398935 0.0126421 0.0290058
8.67 -0.0366011 -0.0132239 -0.0303009
8.68 0.0290435 0.0136725 0.035232
8.69 -0.0173827 -0.00769448 -0.014574
8.7 0.00792175 0.00958793 0.0293894
8.71 -9.07474e-05 -0.0108611 -0.0410635
8.72 -0.00654507 0.00813011 0.034499
8.73 0.0123235 0.000698266 -1.68705e-05
8.74 -0.013418 0.00255242 0.0183068
8.75 0.0177418 0.00729784 0.0210729
8.76 -0.0205866 -0.0086215 -0.0222768
8.77 0.0240169 0.00784945 0.0136233
8.78 -0.0279783 -0.00417084 0.0087975
8.79 0.03511 0.014244 0.0300079
8.8 -0.0363579 -0.013113 -0.0222089
8.81 0.0348066 0.0192628 0.0512451
8.82 -0.0251971 -0.0079213 -0.00674263
8.83 0.0182575 0.00930442 0.0196163
8.84 -0.0116749 -0.0041708 -0.00249039
8.85 0.00944419 0.00484924 0.0091096
8.86 -0.00819733 -0.00175504 0.00226723
8.87 0.00931273 0.0105738 0.040031
8.88 -0.00523908 -0.0129138 -0.0575302
8.89 -0.00741283 -0.00812119 -0.0254554
8.9 0.0124802 0.00363577 -0.00354026
8.91 -0.0167858 -0.00943889 -0.0160155
8.92 0.0156662 0.00873458 0.0102771
8.93 -0.014347 -0.0199102 -0.0606022
8.94 0.00690974 0.0118082 0.0279702
8.95 -0.00360697 -0.011872 -0.0310428
8.96 0.00322749 0.00674616 0.00869783
8.97 -0.00984645 -0.0165814 -0.0509451
8.98 0.0120445 0.00825491 0.0137943
8.99 -0.0143327 -0.00852983 -0.0172063
9 0.0125141 0.00494929 0.00660899
9.01 -0.00820101 -0.00142733 0.00143948
9.02 0.00450618 0.00334396 0.0153243
9.03 -4.69061e-05 0.00313382 0.00609552
9.04 0.000501791 -0.00264253 0.000599595
9.05 -0.00401238 0.00228142 -0.00394665
9.06 0.00673482 -0.0133223 -0.045499
9.07 -0.0140179 0.00827219 0.0253324
9.08 0.0183444 -0.00523369 -0.0132545
9.09 -0.0173969 0.00578541 0.0144897
9.1 0.0116882 -0.0124419 -0.0412468
9.11 -0.00768191 0.0110495 0.0334982
9.12 0.00565665 -0.0082267 -0.0220186
9.13 -0.00641951 0.000413096 -0.009501
9.14 0.00430447 -0.00644889 -0.0212509
9.15 -0.0050261 -1.96247e-05 -0.00315357
9.16 0.00231655 -7.10245e-05 -0.000234542
9.17 0.00345415 0.00362238 0.017293
9.18 -0.00936869 -0.00236246 -0.0121579
9.19 0.0165714 0.00541672 0.0261397
9.2 -0.0212788 -0.00152282 -0.0100582
9.21 0.025978 0.00125901 0.0106061
9.22 -0.0289768 0.00325125 0.00765256
9.23 0.0325695 -0.00447401 -0.0120779
9.24 -0.0361453 0.00368824 0.00832363
9.25 0.0390621 0.00169725 0.0162433
9.26 -0.0354618 0.00912734 0.0300307
9.27 0.0345522 -0.000875345 0.00855689
9.28 -0.0272134 0.0106593 0.0324619
9.29 0.0209616 -0.0131017 -0.0420234
9.3 -0.0148431 0.0143173 0.0479481
9.31 0.00969405 -0.00672238 -0.0155618
9.32 0.000747927 0.0098885 0.0299515
9.33 -0.0121994 -0.00750608 -0.0187988
9.34 0.0251327 0.00606869 0.0114203
9.35 -0.0370151 -0.00160231 0.00908802
9.36 0.0489066 0.00621378 0.0120557
9.37 -0.0549451 -0.00416926 -0.00662188
9.38 0.055921 -0.00149187 -0.0122902
9.39 -0.0575474 -0.00869328 -0.0406971
9.4 0.0520431 0.000518078 0.0137082
9.41 -0.0455487 0.0119752 0.0337845
9.42 0.0447869 -0.00844827 -0.0137829
9.43 -0.0433339 0.00626223 0.00144755
9.44 0.0376912 -0.00632064 0.00212117
9.45 -0.0254832 0.0119954 0.0167676
9.46 0.00927705 -0.0178438 -0.035265
9.47 0.00562204 0.0113742 -0.000227677
9.48 -0.0238455 -0.0202911 -0.0345046
9.49 0.0347977 0.0111592 -0.00702829
9.5 -0.0458343 -0.015568 -0.0150076
9.51 0.0529045 0.0184444 0.0340145
9.52 -0.0543461 -0.00931913 -0.00268366
9.53 0.0575028 0.00914525 0.0115151
9.54 -0.0614142 -0.0129332 -0.0379918
9.55 0.0609162 0.00379685 0.00795006
9.56 -0.0586215 0.00741477 0.0313383
9.57 0.0584321 -0.00107789 0.00715539
9.58 -0.0512018 0.00398448 -0.00683432
9.59 0.0383075 -0.00824188 0.00309732
9.6 -0.0224329 0.00983509 -0.0122401
9.61 0.00397431 -0.0196761 -0.0167649
9.62 0.00843917 0.0149546 -0.0145832
9.63 -0.0202303 -0.0208385 -0.00570884
9.64 0.0262475 0.0138238 -0.0272273
9.65 -0.0352779 -0.0228926 -0.0135152
9.66 0.0426523 0.0289325 0.0436041
9.67 -0.0469752 -0.0269196 -0.041235
9.68 0.0494937 0.0180008 0.0103107
9.69 -0.0558284 -0.0239792 -0.0467215
9.7 0.0562633 0.011148 0.00186821
9.71 -0.0596761 -0.0213608 -0.0619517
9.72 0.0506546 -0.00318603 -0.0287133
9.73 -0.0448171 0.00733292 0.0286632
9.74 0.0391207 -0.00529229 -0.00190157
9.75 -0.0304452 0.00521742 -0.0164661
9.76 0.0172804 -0.0137985 -0.00338184
9.77 -0.00432007 0.0201819 0.0154762
9.78 -0.00546649 -0.0188916 0.00283504
9.79 0.0139833 0.0174875 -0.0182678
9.8 -0.0221666 -0.017356 0.0254656
9.81 0.0329965 0.0335449 0.0431107
9.82 -0.0350966 -0.0251711 -0.00786627
9.83 0.0370636 0.0209669 -0.00550213
9.84 -0.040649 -0.022541 -0.00853945
9.85 0.0441373 0.0255413 0.0311922
9.86 -0.0433056 -0.0168411 -0.00490939
9.87 0.0429435 0.0165149 0.0182238
9.88 -0.0388286 -0.00849789 0.000354458
9.89 0.0351363 0.00952005 0.0227965
9.9 -0.0283503 -0.00615893 -0.0281655
9.91 0.0191335 -0.00221828 0.0119161
9.92 -0.0113664 0.0064819 -0.0125833
9.93 0.00545471 -0.00778665 0.0241153
9.94 0.00261989 0.024134 0.0341766
9.95 -0.00458786 -0.0240686 -0.0242363
9.96 0.00467751 0.0155012 -0.0206873
9.97 -0.010678 -0.0186378 0.0138105
9.98 0.0196061 0.0231966 -0.00033957
9.99 -0.0277193 -0.0251003 -0.00405876
10 0.0331598 0.0287986 0.0216055
